10
09
18
10
09
18
IPP2.12
sacchDay1
0
4
10
44
30
11
47
05
22
4
.3
1
858
858
1
78
78
1
1
1
1
1
1
1
1
1
1
1
1
1
1
1
1
1
1
1
1
857
-1
14.55500000000000029
14.7790000000000003
15.41800000000000031
15.88700000000000032
39.1399999999999931
40.3619999999999942
40.7999999999999946
41.252999999999995
41.5899999999999953
41.6979999999999954
42.1509999999999958
91.6010000000000397
145.240000000000087
146.552000000000089
147.329000000000089
147.538000000000089
147.67600000000009
147.91800000000009
148.12900000000009
169.328000000000109
169.564000000000109
169.687000000000109
170.73300000000011
170.86900000000011
170.98800000000011
171.10700000000011
171.380000000000111
171.497000000000111
172.007000000000111
172.140000000000111
172.478000000000112
172.556000000000112
172.679000000000112
172.799000000000112
172.926000000000112
173.224000000000112
173.342000000000112
173.460000000000112
173.687000000000113
173.854000000000113
173.975000000000113
174.104000000000113
174.226000000000113
174.363000000000113
174.475000000000113
174.605000000000113
174.943000000000114
175.003000000000114
175.115000000000114
175.245000000000114
175.372000000000114
175.952000000000115
176.082000000000115
176.215000000000115
176.361000000000115
176.485000000000115
176.615000000000115
176.849000000000115
177.035000000000116
177.149000000000116
177.295000000000116
177.428000000000116
177.472000000000116
177.551000000000116
177.950000000000116
178.084000000000117
178.233000000000117
178.526000000000117
178.657000000000117
178.790000000000117
178.907000000000117
179.068000000000117
179.197000000000118
179.337000000000118
179.460000000000118
179.858000000000118
179.991000000000118
180.135000000000118
180.411000000000119
180.474000000000119
180.554000000000119
180.702000000000119
180.957000000000119
181.087000000000119
181.229000000000119
181.360000000000119
181.48000000000012
181.61200000000012
182.03400000000012
182.15900000000012
182.30100000000012
182.43400000000012
182.56000000000012
182.701000000000121
182.814000000000121
182.952000000000121
183.100000000000121
183.224000000000121
183.350000000000121
183.502000000000121
183.627000000000121
183.755000000000122
183.889000000000122
184.013000000000122
184.304000000000122
184.440000000000122
184.586000000000122
184.721000000000122
184.878000000000123
184.998000000000123
185.136000000000123
185.267000000000123
185.670000000000123
185.819000000000123
186.125000000000124
186.259000000000124
186.385000000000124
186.563000000000124
186.676000000000124
187.189000000000125
187.326000000000125
187.447000000000125
187.605000000000125
187.807000000000125
187.882000000000125
188.017000000000125
188.167000000000125
188.303000000000126
188.442000000000126
189.016000000000126
189.104000000000126
189.301000000000126
189.423000000000127
189.550000000000127
189.674000000000127
189.837000000000127
189.952000000000127
190.231000000000127
190.352000000000127
190.474000000000128
190.599000000000128
190.734000000000128
190.865000000000128
191.021000000000128
191.152000000000128
191.290000000000128
191.431000000000128
191.573000000000128
191.717000000000129
191.814000000000129
192.131000000000129
192.277000000000129
192.425000000000129
192.554000000000129
192.685000000000129
192.81600000000013
193.09200000000013
193.22800000000013
193.29700000000013
193.37400000000013
194.299000000000131
194.383000000000131
194.916000000000131
194.990000000000132
195.214000000000132
195.373000000000132
195.487000000000132
195.644000000000132
196.105000000000133
196.442000000000133
196.873000000000133
197.071000000000133
197.343000000000134
197.826000000000134
197.995000000000134
198.212000000000134
198.465000000000135
231.438000000000164
231.754000000000164
231.869000000000164
232.000000000000164
232.128000000000165
232.364000000000165
299.985000000000225
300.115000000000225
300.246000000000225
300.552000000000225
333.639000000000255
333.744000000000255
333.882000000000255
334.012000000000255
373.38200000000029
373.49300000000029
373.61500000000029
373.72500000000029
373.86200000000029
373.98300000000029
374.143000000000291
503.595000000000406
503.767000000000406
503.879000000000406
504.000000000000406
504.134000000000406
504.258000000000406
504.510000000000406
504.630000000000407
504.764000000000407
504.888000000000407
505.026000000000407
505.147000000000407
505.292000000000407
505.426000000000407
505.564000000000407
505.682000000000407
505.816000000000408
505.954000000000408
506.073000000000408
506.195000000000408
506.304000000000408
506.430000000000408
506.553000000000408
506.680000000000408
506.803000000000408
506.941000000000409
507.064000000000409
507.208000000000409
507.357000000000409
507.466000000000409
507.600000000000409
507.731000000000409
507.845000000000409
507.97000000000041
508.08700000000041
508.21200000000041
508.35900000000041
508.46900000000041
508.59600000000041
508.71900000000041
508.85600000000041
508.97100000000041
509.09800000000041
509.219000000000411
509.372000000000411
509.488000000000411
509.621000000000411
509.754000000000411
509.885000000000411
510.027000000000411
510.156000000000411
510.731000000000412
510.866000000000412
511.007000000000412
511.139000000000412
511.282000000000412
511.430000000000413
511.556000000000413
511.735000000000413
511.874000000000413
512.003000000000413
512.124000000000413
512.247000000000413
512.377000000000413
512.501000000000414
512.619000000000414
512.771000000000414
512.888000000000414
513.028000000000414
513.183000000000414
513.321000000000414
513.449000000000414
513.580000000000414
527.508000000000427
527.664000000000427
527.963000000000427
528.137000000000427
528.270000000000428
528.436000000000428
528.583000000000428
528.704000000000428
528.967000000000428
529.333000000000428
529.450000000000429
529.586000000000429
529.710000000000429
530.278000000000429
530.402000000000429
530.56600000000043
530.68400000000043
530.82200000000043
530.95300000000043
531.07800000000043
531.20200000000043
531.34600000000043
531.46600000000043
531.58400000000043
532.511000000000431
532.635000000000431
532.782000000000432
532.955000000000432
533.079000000000432
533.246000000000432
533.371000000000432
533.494000000000432
534.638000000000433
534.793000000000433
534.944000000000433
535.058000000000434
535.233000000000434
535.360000000000434
535.480000000000434
535.642000000000434
535.772000000000434
535.904000000000434
536.038000000000434
536.450000000000435
537.484000000000436
537.611000000000436
537.729000000000436
537.974000000000436
539.626000000000438
539.725000000000438
539.810000000000438
539.939000000000438
540.097000000000438
540.225000000000438
540.351000000000438
606.165000000000497
606.287000000000497
606.433000000000497
606.572000000000497
606.680000000000497
612.536000000000502
612.657000000000502
612.799000000000503
612.934000000000503
613.056000000000503
613.174000000000503
613.300000000000503
614.808000000000504
614.934000000000504
705.368000000000585
705.488000000000585
705.626000000000585
705.878000000000585
706.008000000000585
706.274000000000586
706.419000000000586
706.537000000000586
706.677000000000586
706.801000000000586
706.926000000000586
707.067000000000586
707.268000000000586
708.837000000000588
708.945000000000588
709.114000000000588
709.242000000000588
709.380000000000588
709.531000000000588
709.678000000000589
709.813000000000589
710.634000000000589
716.420000000000595
716.527000000000595
716.619000000000595
716.717000000000595
716.920000000000595
717.231000000000595
717.595000000000596
717.701000000000596
717.832000000000596
717.996000000000596
718.136000000000596
719.047000000000597
719.183000000000597
719.357000000000597
719.481000000000597
719.640000000000598
719.749000000000598
719.909000000000598
720.269000000000598
720.387000000000598
720.512000000000598
721.026000000000599
721.151000000000599
721.273000000000599
721.408000000000599
721.545000000000599
721.672000000000599
721.815000000000599
721.9520000000006
722.1020000000006
722.2600000000006
722.4010000000006
722.6150000000006
722.7350000000006
722.8470000000006
722.9630000000006
723.0460000000006
723.404000000000601
723.520000000000601
723.636000000000601
723.899000000000601
724.005000000000601
724.235000000000602
724.601000000000602
724.722000000000602
724.815000000000602
724.926000000000602
725.027000000000602
725.268000000000602
725.400000000000603
725.421000000000603
725.478000000000603
725.620000000000603
725.730000000000603
725.780000000000603
725.807000000000603
725.882000000000603
725.935000000000603
726.028000000000603
726.172000000000603
726.247000000000603
726.318000000000603
726.398000000000604
726.494000000000604
726.547000000000604
726.632000000000604
726.680000000000604
726.704000000000604
726.759000000000604
726.809000000000604
727.096000000000604
727.200000000000604
727.511000000000604
727.550000000000604
727.696000000000605
728.582000000000605
728.738000000000606
728.953000000000606
729.791000000000606
729.874000000000607
730.017000000000607
730.136000000000607
791.631000000000661
791.757000000000662
791.923000000000662
792.049000000000662
792.194000000000662
792.316000000000662
1105.54900000000094
1108.08100000000094
1108.21000000000094
1108.36900000000094
1108.50200000000094
1108.67600000000094
1108.79900000000094
1112.92300000000095
1113.08300000000095
1115.53500000000095
1115.95900000000095
1116.23400000000095
1116.42500000000095
1116.64800000000095
1116.83500000000095
1117.28800000000095
1117.52100000000095
1117.77400000000095
1118.33200000000095
1118.52000000000095
1118.73900000000095
1118.99000000000095
1119.15300000000095
1119.47700000000095
1119.72600000000095
1119.92200000000095
1120.31900000000095
1121.15500000000095
1128.68000000000096
1128.81100000000096
1129.16600000000096
1129.45800000000096
1129.87000000000096
1130.36100000000096
1130.46900000000096
1130.62300000000096
1149.13300000000098
1149.25200000000098
1149.40500000000098
1149.57200000000098
1149.73500000000098
1149.90300000000098
1150.06800000000098
1150.24000000000098
1150.35900000000098
1150.42100000000098
1150.53600000000098
1150.73600000000098
1150.78400000000098
1150.90600000000098
1151.07300000000098
1151.14500000000098
1151.24900000000098
1151.43300000000098
1151.55100000000098
1151.88900000000098
1151.96200000000098
1152.11400000000098
1152.27500000000098
1152.87600000000098
1152.96800000000098
1153.05500000000098
1153.15000000000098
1153.17400000000098
1153.27900000000098
1154.10800000000098
1154.35900000000098
1154.50900000000098
1154.67100000000098
1154.88800000000098
1155.04100000000098
1155.22100000000098
1155.80800000000098
1156.84900000000099
1156.87600000000099
1158.44600000000099
1161.08300000000099
1161.26500000000099
1161.59300000000099
1162.14000000000099
1162.36100000000099
1162.52700000000099
1162.61700000000099
1162.85800000000099
1162.97500000000099
1163.05800000000099
1163.41200000000099
1163.87100000000099
1164.02900000000099
1164.52500000000099
1164.66800000000099
1168.042000000001
1168.358000000001
1168.411000000001
1168.551000000001
1168.993000000001
1169.264000000001
1169.393000000001
1169.832000000001
1170.002000000001
1170.234000000001
1170.464000000001
1215.60500000000104
1216.06200000000104
1216.20300000000104
1216.34200000000104
1216.43600000000104
1216.46200000000104
1216.51200000000104
1216.58000000000104
1216.65300000000104
1216.75600000000104
1216.82600000000104
1217.50000000000104
1217.79000000000104
1217.95400000000104
1218.05700000000104
1218.24000000000104
1218.74600000000104
1219.44900000000104
1219.54100000000104
1219.70200000000104
1219.86500000000104
1220.09400000000104
1220.68600000000104
1220.87100000000104
1221.58000000000104
1221.70500000000104
1221.79300000000104
1221.86900000000104
1222.37000000000104
1222.59300000000104
1222.98000000000104
1223.26800000000104
1223.81500000000105
1223.94500000000105
1224.13100000000105
1224.26500000000105
1224.46700000000105
1224.59900000000105
1224.71000000000105
1224.85200000000105
1225.24600000000105
1225.38200000000105
1225.56200000000105
1225.62300000000105
1225.69200000000105
1225.71100000000105
1225.74100000000105
1227.00200000000105
1227.11200000000105
1227.28200000000105
1227.39900000000105
1228.00300000000105
1228.02700000000105
1228.21600000000105
1228.39500000000105
1228.54700000000105
1228.61300000000105
1228.80000000000105
1229.16500000000105
1240.58200000000106
1240.72700000000106
1240.89300000000106
1241.08100000000106
1241.37300000000106
1241.53300000000106
1242.20300000000106
1242.49700000000106
1242.98700000000106
1243.15500000000106
1243.90800000000106
1244.49900000000106
1244.92400000000106
1245.15800000000106
1293.74000000000111
1293.88800000000111
1294.07100000000111
1327.58700000000114
1327.71100000000114
1327.90400000000114
1328.24900000000114
1328.59300000000114
1328.95000000000114
1329.13800000000114
1329.32000000000114
1329.54600000000114
1329.73000000000114
1329.96700000000114
1334.26100000000114
1334.27700000000114
1335.04900000000114
1335.18700000000114
1335.33400000000114
1335.48900000000114
1335.58300000000114
1336.29200000000115
1336.35800000000115
1336.98400000000115
1337.28900000000115
1337.68800000000115
1337.99500000000115
1338.34000000000115
1339.20600000000115
1339.46500000000115
1339.56200000000115
1389.38800000000119
1389.56300000000119
1389.79400000000119
1390.95300000000119
1535.12900000000132
1542.69100000000133
1568.82500000000135
1569.23700000000135
1569.48900000000135
1570.94700000000135
1571.23600000000135
1571.79300000000135
1571.97400000000135
1571.99200000000135
1572.03800000000135
1572.20200000000135
1575.55400000000136
1577.96600000000136
1578.00200000000136
1578.15200000000136
1578.28600000000136
1578.78500000000136
1578.98000000000136
1579.12500000000136
1579.23900000000136
1579.66900000000136
1581.17100000000136
1581.34800000000136
1581.45400000000136
1581.60900000000136
1581.75100000000136
1581.99100000000136
1582.05700000000136
1582.13000000000136
1582.28300000000136
1582.43400000000136
1582.52500000000136
1582.57700000000136
1582.68900000000136
1582.81300000000136
1582.95800000000136
1583.03400000000136
1583.08400000000136
1583.21200000000136
1583.28500000000136
1583.32600000000136
1583.41400000000136
1583.66100000000136
1583.95700000000136
1584.07700000000137
1584.34500000000137
1584.44700000000137
1584.52900000000137
1584.60400000000137
1584.65700000000137
1584.74200000000137
1584.75900000000137
1584.76800000000137
1584.80800000000137
1584.89300000000137
1584.96400000000137
1585.09500000000137
1585.21300000000137
1585.33800000000137
1585.41400000000137
1585.65300000000137
1585.77600000000137
1586.05600000000137
1586.17800000000137
1586.56200000000137
1586.72300000000137
1586.73700000000137
1586.77000000000137
1586.90200000000137
1587.01900000000137
1587.07600000000137
1587.69200000000137
1588.00800000000137
1588.21600000000137
1588.48500000000137
1590.35400000000137
1590.49700000000137
1590.56900000000137
1590.64800000000137
1590.71100000000137
1590.80400000000137
1590.92800000000137
1591.00300000000137
1591.06500000000137
1591.11800000000137
1591.20100000000137
1591.47300000000137
1592.30500000000137
1592.43900000000137
1592.81000000000137
1592.93300000000137
1593.13300000000137
1593.42200000000137
1593.50600000000137
1594.49200000000137
1608.44900000000139
1608.57800000000139
1608.73000000000139
1609.29700000000139
1609.43100000000139
1609.45500000000139
1609.61300000000139
1609.81400000000139
1609.92100000000139
1610.00800000000139
1610.09200000000139
1610.18200000000139
1610.39700000000139
1610.43000000000139
1610.72600000000139
1612.41900000000139
1612.95300000000139
1613.11200000000139
1613.28200000000139
1613.80600000000139
1614.51300000000139
1614.63500000000139
1615.61000000000139
1621.0690000000014
1621.1100000000014
1621.2530000000014
1621.4040000000014
1621.5710000000014
1621.7340000000014
1622.5970000000014
1622.6370000000014
1622.7920000000014
1623.0190000000014
1623.4630000000014
1623.5460000000014
1623.6850000000014
1623.7750000000014
1623.8470000000014
1624.0260000000014
1624.2350000000014
1624.3690000000014
1624.4020000000014
1624.5220000000014
1624.6940000000014
1624.8690000000014
1625.0700000000014
1626.0800000000014
1626.4880000000014
1626.8390000000014
1627.0910000000014
1627.2480000000014
1629.11000000000141
1629.23000000000141
1629.74100000000141
1629.79400000000141
1629.90700000000141
1630.10000000000141
1630.17800000000141
1630.25500000000141
1630.40500000000141
1630.53900000000141
1630.59400000000141
1630.78400000000141
1630.94500000000141
1631.09100000000141
1631.23800000000141
1631.40400000000141
1631.45400000000141
1631.51800000000141
1631.64400000000141
1631.77300000000141
1631.87600000000141
1631.94000000000141
1632.01700000000141
1632.06700000000141
1632.14000000000141
1632.20600000000141
1632.37600000000141
1632.58800000000141
1632.77700000000141
1632.83900000000141
1633.02500000000141
1633.19000000000141
1633.57700000000141
1634.25900000000141
1634.47600000000141
1640.95100000000142
1641.11500000000142
1641.31500000000142
1641.50700000000142
1641.61700000000142
1641.64900000000142
1641.69400000000142
1642.01000000000142
1642.20300000000142
1664.12600000000144
1665.02800000000144
1729.30400000000149
1729.52000000000149
1729.65900000000149
1985.43100000000172
-2
14.59700000000000029
14.8140000000000003
15.46300000000000031
15.94000000000000032
39.1819999999999932
40.4779999999999943
40.9119999999999947
41.3899999999999951
41.6059999999999953
41.8409999999999955
42.2929999999999959
91.6400000000000397
145.272000000000087
146.608000000000089
147.390000000000089
147.596000000000089
147.82900000000009
148.03400000000009
148.27700000000009
169.349000000000109
169.607000000000109
169.743000000000109
170.77300000000011
170.91400000000011
171.03100000000011
171.14800000000011
171.426000000000111
171.543000000000111
172.065000000000111
172.178000000000111
172.518000000000112
172.599000000000112
172.725000000000112
172.851000000000112
172.962000000000112
173.267000000000112
173.387000000000112
173.495000000000112
173.713000000000113
173.893000000000113
174.025000000000113
174.156000000000113
174.268000000000113
174.396000000000113
174.529000000000113
174.656000000000113
174.970000000000114
175.042000000000114
175.165000000000114
175.289000000000114
175.407000000000114
175.978000000000115
176.110000000000115
176.267000000000115
176.406000000000115
176.533000000000115
176.651000000000115
176.868000000000115
177.064000000000116
177.213000000000116
177.346000000000116
177.457000000000116
177.487000000000116
177.587000000000116
177.997000000000116
178.156000000000117
178.301000000000117
178.570000000000117
178.714000000000117
178.821000000000117
178.942000000000117
179.115000000000117
179.259000000000118
179.386000000000118
179.508000000000118
179.916000000000118
180.069000000000118
180.193000000000118
180.465000000000119
180.492000000000119
180.635000000000119
180.749000000000119
181.009000000000119
181.142000000000119
181.286000000000119
181.411000000000119
181.53400000000012
181.78900000000012
182.08300000000012
182.21800000000012
182.35600000000012
182.48300000000012
182.606000000000121
182.728000000000121
182.867000000000121
183.017000000000121
183.145000000000121
183.262000000000121
183.408000000000121
183.559000000000121
183.676000000000122
183.814000000000122
183.938000000000122
184.057000000000122
184.360000000000122
184.505000000000122
184.643000000000122
184.780000000000122
184.918000000000123
185.055000000000123
185.189000000000123
185.323000000000123
185.749000000000123
185.890000000000123
186.194000000000124
186.310000000000124
186.463000000000124
186.604000000000124
186.763000000000124
187.251000000000125
187.378000000000125
187.517000000000125
187.654000000000125
187.826000000000125
187.933000000000125
188.095000000000125
188.227000000000126
188.349000000000126
188.472000000000126
189.041000000000126
189.134000000000126
189.338000000000127
189.455000000000127
189.588000000000127
189.760000000000127
189.880000000000127
190.036000000000127
190.284000000000127
190.408000000000127
190.533000000000128
190.651000000000128
190.786000000000128
190.910000000000128
191.065000000000128
191.202000000000128
191.352000000000128
191.491000000000128
191.614000000000129
191.750000000000129
192.082000000000129
192.202000000000129
192.340000000000129
192.480000000000129
192.611000000000129
192.74400000000013
192.86200000000013
193.14200000000013
193.29400000000013
193.30200000000013
193.41400000000013
194.323000000000131
194.415000000000131
194.930000000000131
195.019000000000132
195.309000000000132
195.430000000000132
195.599000000000132
195.892000000000132
196.131000000000133
196.483000000000133
196.980000000000133
197.136000000000133
197.406000000000134
197.894000000000134
198.109000000000134
198.352000000000135
198.533000000000135
231.473000000000164
231.824000000000164
231.937000000000164
232.063000000000164
232.194000000000165
232.401000000000165
300.046000000000225
300.168000000000225
300.281000000000225
300.586000000000225
333.667000000000255
333.817000000000255
333.946000000000255
334.064000000000255
373.42900000000029
373.54300000000029
373.65300000000029
373.78800000000029
373.91100000000029
374.029000000000291
374.162000000000291
503.669000000000406
503.794000000000406
503.916000000000406
504.057000000000406
504.188000000000406
504.302000000000406
504.530000000000406
504.657000000000407
504.802000000000407
504.951000000000407
505.075000000000407
505.219000000000407
505.353000000000407
505.477000000000407
505.608000000000407
505.731000000000408
505.861000000000408
505.991000000000408
506.107000000000408
506.226000000000408
506.349000000000408
506.482000000000408
506.605000000000408
506.722000000000408
506.854000000000408
506.990000000000409
507.133000000000409
507.271000000000409
507.397000000000409
507.524000000000409
507.648000000000409
507.766000000000409
507.895000000000409
508.01200000000041
508.13800000000041
508.27100000000041
508.41000000000041
508.52400000000041
508.64900000000041
508.77100000000041
508.89400000000041
509.02200000000041
509.143000000000411
509.285000000000411
509.421000000000411
509.550000000000411
509.683000000000411
509.815000000000411
509.950000000000411
510.067000000000411
510.188000000000411
510.787000000000412
510.930000000000412
511.065000000000412
511.207000000000412
511.353000000000412
511.479000000000413
511.643000000000413
511.784000000000413
511.915000000000413
512.036000000000413
512.171000000000413
512.299000000000413
512.422000000000413
512.541000000000414
512.669000000000414
512.815000000000414
512.952000000000414
513.117000000000414
513.248000000000414
513.365000000000414
513.493000000000414
513.623000000000414
527.521000000000427
527.711000000000427
528.021000000000427
528.170000000000427
528.359000000000428
528.460000000000428
528.631000000000428
528.896000000000428
529.263000000000428
529.373000000000428
529.510000000000429
529.631000000000429
529.749000000000429
530.316000000000429
530.48000000000043
530.61400000000043
530.75500000000043
530.88000000000043
531.00900000000043
531.12600000000043
531.26700000000043
531.39300000000043
531.51500000000043
532.479000000000431
532.561000000000431
532.689000000000431
532.827000000000432
532.999000000000432
533.152000000000432
533.287000000000432
533.408000000000432
533.537000000000432
534.698000000000433
534.846000000000433
534.988000000000433
535.154000000000434
535.278000000000434
535.401000000000434
535.566000000000434
535.687000000000434
535.808000000000434
535.936000000000434
536.070000000000434
536.481000000000435
537.508000000000436
537.648000000000436
537.767000000000436
538.042000000000436
539.655000000000438
539.749000000000438
539.862000000000438
540.017000000000438
540.147000000000438
540.255000000000438
540.387000000000438
606.214000000000497
606.358000000000497
606.489000000000497
606.612000000000497
606.748000000000497
612.576000000000502
612.726000000000503
612.858000000000503
612.984000000000503
613.098000000000503
613.222000000000503
613.339000000000503
614.872000000000504
615.053000000000505
705.419000000000585
705.548000000000585
705.821000000000585
705.935000000000585
706.246000000000586
706.373000000000586
706.456000000000586
706.598000000000586
706.702000000000586
706.840000000000586
706.983000000000586
707.106000000000586
707.361000000000587
708.855000000000588
709.009000000000588
709.154000000000588
709.297000000000588
709.434000000000588
709.584000000000589
709.732000000000589
709.857000000000589
710.66700000000059
716.458000000000595
716.566000000000595
716.654000000000595
716.757000000000595
716.960000000000595
717.280000000000595
717.619000000000596
717.759000000000596
717.906000000000596
718.031000000000596
718.231000000000596
719.089000000000597
719.226000000000597
719.376000000000597
719.529000000000597
719.672000000000598
719.818000000000598
719.943000000000598
720.299000000000598
720.431000000000598
720.582000000000598
721.056000000000599
721.185000000000599
721.318000000000599
721.459000000000599
721.593000000000599
721.731000000000599
721.869000000000599
721.9940000000006
722.1560000000006
722.3020000000006
722.4480000000006
722.6560000000006
722.7860000000006
722.9500000000006
722.9850000000006
723.104000000000601
723.517000000000601
723.608000000000601
723.682000000000601
723.981000000000601
724.053000000000601
724.289000000000602
724.634000000000602
724.752000000000602
724.850000000000602
724.963000000000602
725.064000000000602
725.388000000000603
725.414000000000603
725.445000000000603
725.536000000000603
725.650000000000603
725.775000000000603
725.798000000000603
725.838000000000603
725.917000000000603
725.949000000000603
726.054000000000603
726.212000000000603
726.306000000000603
726.364000000000603
726.490000000000604
726.545000000000604
726.599000000000604
726.675000000000604
726.694000000000604
726.725000000000604
726.799000000000604
726.886000000000604
727.133000000000604
727.238000000000604
727.549000000000604
727.692000000000605
728.405000000000605
728.680000000000606
728.892000000000606
728.984000000000606
729.853000000000607
729.906000000000607
730.059000000000607
730.164000000000607
791.671000000000661
791.825000000000662
791.962000000000662
792.106000000000662
792.222000000000662
792.344000000000662
1105.59700000000094
1108.13300000000094
1108.28200000000094
1108.41900000000094
1108.57200000000094
1108.71300000000094
1108.83000000000094
1112.97600000000095
1113.10100000000095
1115.64400000000095
1116.13400000000095
1116.35600000000095
1116.57400000000095
1116.77300000000095
1117.01600000000095
1117.44100000000095
1117.70100000000095
1117.91700000000095
1118.46600000000095
1118.65800000000095
1118.90100000000095
1119.08300000000095
1119.23700000000095
1119.53500000000095
1119.85300000000095
1120.28600000000095
1121.00400000000095
1123.70500000000096
1128.75800000000096
1128.89900000000096
1129.20300000000096
1129.50000000000096
1129.91700000000096
1130.39100000000096
1130.52500000000096
1130.66200000000096
1149.17400000000098
1149.32300000000098
1149.48700000000098
1149.65500000000098
1149.82300000000098
1149.99500000000098
1150.16000000000098
1150.33800000000098
1150.38500000000098
1150.52200000000098
1150.70700000000098
1150.75600000000098
1150.88600000000098
1151.05400000000098
1151.12800000000098
1151.24800000000098
1151.42300000000098
1151.54800000000098
1151.62400000000098
1151.91000000000098
1152.02300000000098
1152.14200000000098
1152.30000000000098
1152.95200000000098
1152.98700000000098
1153.14000000000098
1153.16000000000098
1153.18000000000098
1153.33200000000098
1154.16100000000098
1154.41700000000098
1154.55400000000098
1154.71700000000098
1155.00000000000098
1155.18800000000098
1155.37200000000098
1156.00800000000098
1156.87400000000099
1156.89000000000099
1158.47300000000099
1161.14300000000099
1161.30600000000099
1161.63900000000099
1162.15300000000099
1162.43900000000099
1162.60900000000099
1162.73300000000099
1162.91600000000099
1162.98400000000099
1163.16200000000099
1163.48400000000099
1163.93600000000099
1164.04300000000099
1164.59300000000099
1164.75000000000099
1168.118000000001
1168.380000000001
1168.467000000001
1168.715000000001
1169.209000000001
1169.349000000001
1169.661000000001
1169.973000000001
1170.098000000001
1170.338000000001
1170.496000000001
1215.63900000000104
1216.10700000000104
1216.25600000000104
1216.42400000000104
1216.44600000000104
1216.47800000000104
1216.55700000000104
1216.59400000000104
1216.73400000000104
1216.76900000000104
1216.86600000000104
1217.54900000000104
1217.81400000000104
1218.01000000000104
1218.18600000000104
1218.33500000000104
1218.90200000000104
1219.49800000000104
1219.65800000000104
1219.82000000000104
1220.03600000000104
1220.20000000000104
1220.83900000000104
1220.98700000000104
1221.63000000000104
1221.77700000000104
1221.85100000000104
1221.89000000000104
1222.38200000000104
1222.63400000000104
1223.20500000000104
1223.56900000000104
1223.84500000000105
1224.02400000000105
1224.19200000000105
1224.31100000000105
1224.52200000000105
1224.65900000000105
1224.79200000000105
1224.92900000000105
1225.28600000000105
1225.39700000000105
1225.60300000000105
1225.69100000000105
1225.70600000000105
1225.72000000000105
1225.89000000000105
1227.05500000000105
1227.21600000000105
1227.35100000000105
1227.50300000000105
1228.01500000000105
1228.15100000000105
1228.33300000000105
1228.54300000000105
1228.55900000000105
1228.75100000000105
1229.08700000000105
1229.19600000000105
1240.64400000000106
1240.80000000000106
1240.95200000000106
1241.09700000000106
1241.41200000000106
1241.56900000000106
1242.44100000000106
1242.96700000000106
1243.07000000000106
1243.22300000000106
1243.97600000000106
1244.62400000000106
1245.05900000000106
1245.26800000000106
1293.79200000000111
1293.94900000000111
1294.09000000000111
1327.63600000000114
1327.79700000000114
1327.94700000000114
1328.28900000000114
1328.84500000000114
1329.05400000000114
1329.25300000000114
1329.46500000000114
1329.64900000000114
1329.87300000000114
1330.07500000000114
1334.27100000000114
1334.33200000000114
1335.09600000000114
1335.26000000000114
1335.42100000000114
1335.57900000000114
1335.59200000000114
1336.33000000000115
1336.92400000000115
1337.16900000000115
1337.54800000000115
1337.82300000000115
1338.08400000000115
1338.43200000000115
1339.45900000000115
1339.53100000000115
1340.78300000000115
1389.44000000000119
1389.59100000000119
1389.84500000000119
1390.96600000000119
1535.20300000000132
1542.72400000000133
1568.97400000000135
1569.41800000000135
1569.63100000000135
1570.96700000000135
1571.35000000000135
1571.93100000000135
1571.99000000000135
1572.02200000000135
1572.06400000000135
1572.27700000000135
1575.78000000000136
1577.98500000000136
1578.02300000000136
1578.21500000000136
1578.35600000000136
1578.81500000000136
1579.00700000000136
1579.17600000000136
1579.54200000000136
1580.01700000000136
1581.21500000000136
1581.36700000000136
1581.53100000000136
1581.65800000000136
1581.79600000000136
1582.04200000000136
1582.06500000000136
1582.18100000000136
1582.34500000000136
1582.49500000000136
1582.53800000000136
1582.61900000000136
1582.73000000000136
1582.85200000000136
1583.00000000000136
1583.07300000000136
1583.19400000000136
1583.26500000000136
1583.31200000000136
1583.39100000000136
1583.63900000000136
1583.74900000000136
1584.00800000000137
1584.10900000000137
1584.35700000000137
1584.48000000000137
1584.58000000000137
1584.62200000000137
1584.72100000000137
1584.75700000000137
1584.76500000000137
1584.78000000000137
1584.87100000000137
1584.93100000000137
1585.06300000000137
1585.16100000000137
1585.25600000000137
1585.39600000000137
1585.64500000000137
1585.74900000000137
1586.05200000000137
1586.15700000000137
1586.55900000000137
1586.69800000000137
1586.73300000000137
1586.75900000000137
1586.83000000000137
1587.01000000000137
1587.06800000000137
1587.68400000000137
1587.99500000000137
1588.14600000000137
1588.47300000000137
1588.49500000000137
1590.41000000000137
1590.56600000000137
1590.60000000000137
1590.70900000000137
1590.73200000000137
1590.84400000000137
1590.97300000000137
1591.05700000000137
1591.11200000000137
1591.16000000000137
1591.46600000000137
1592.13900000000137
1592.33900000000137
1592.48900000000137
1592.85700000000137
1592.98600000000137
1593.17100000000137
1593.46800000000137
1594.47500000000137
1594.52800000000137
1608.48800000000139
1608.61900000000139
1608.81500000000139
1609.36900000000139
1609.44600000000139
1609.54600000000139
1609.71800000000139
1609.91400000000139
1609.97800000000139
1610.07900000000139
1610.16100000000139
1610.39000000000139
1610.40900000000139
1610.47800000000139
1610.78700000000139
1612.53600000000139
1613.04400000000139
1613.26700000000139
1613.36600000000139
1613.87400000000139
1614.55200000000139
1615.32200000000139
1615.66500000000139
1621.0900000000014
1621.1250000000014
1621.3140000000014
1621.4730000000014
1621.7250000000014
1622.5870000000014
1622.6140000000014
1622.7380000000014
1622.9450000000014
1623.1030000000014
1623.5030000000014
1623.6070000000014
1623.7670000000014
1623.8050000000014
1624.0150000000014
1624.2120000000014
1624.3680000000014
1624.3850000000014
1624.4500000000014
1624.6050000000014
1624.8570000000014
1625.0430000000014
1625.1070000000014
1626.2150000000014
1626.5700000000014
1626.9630000000014
1627.1300000000014
1627.4910000000014
1629.13500000000141
1629.33800000000141
1629.78100000000141
1629.80800000000141
1630.01300000000141
1630.16400000000141
1630.19900000000141
1630.29700000000141
1630.50000000000141
1630.56600000000141
1630.77900000000141
1630.94200000000141
1631.08800000000141
1631.20200000000141
1631.31800000000141
1631.44500000000141
1631.46600000000141
1631.58200000000141
1631.74600000000141
1631.86800000000141
1631.92100000000141
1631.99400000000141
1632.03100000000141
1632.13300000000141
1632.17700000000141
1632.36200000000141
1632.58000000000141
1632.74700000000141
1632.79800000000141
1632.93200000000141
1633.05700000000141
1633.23500000000141
1633.58600000000141
1634.34400000000141
1635.08400000000141
1641.01700000000142
1641.12700000000142
1641.41500000000142
1641.61500000000142
1641.63200000000142
1641.66100000000142
1641.79900000000142
1642.05200000000142
1642.25100000000142
1664.15500000000144
1665.08800000000144
1729.34900000000149
1729.55800000000149
1729.69300000000149
1985.46000000000172
77
-3
10.87500000000000021
74.4760000000000245
211.001000000000146
211.191000000000146
211.300000000000146
211.663000000000146
211.761000000000146
211.872000000000147
211.969000000000147
212.120000000000147
212.491000000000147
213.479000000000148
213.609000000000148
213.776000000000148
213.851000000000148
213.901000000000148
214.036000000000148
214.154000000000149
214.437000000000149
214.569000000000149
214.689000000000149
214.808000000000149
214.931000000000149
215.074000000000149
215.195000000000149
215.60500000000015
215.72900000000015
215.85200000000015
285.502000000000212
286.404000000000213
287.914000000000214
288.239000000000214
288.332000000000214
288.467000000000215
289.411000000000215
289.712000000000216
292.414000000000218
293.426000000000219
945.507000000000798
945.928000000000798
946.085000000000799
946.199000000000799
946.324000000000799
946.924000000000799
947.1000000000008
947.2330000000008
947.3740000000008
947.4990000000008
947.6290000000008
947.7500000000008
947.9010000000008
948.0120000000008
948.1430000000008
948.264000000000801
948.462000000000801
952.815000000000805
953.043000000000805
954.737000000000806
954.805000000000806
954.866000000000806
955.118000000000807
955.424000000000807
955.568000000000807
955.693000000000807
965.144000000000816
965.279000000000816
965.422000000000816
965.546000000000816
981.29400000000083
981.40800000000083
981.54600000000083
981.67400000000083
986.883000000000835
987.036000000000835
987.156000000000835
987.273000000000835
1139.60500000000097
-4
10.91400000000000021
74.5160000000000245
211.037000000000146
211.225000000000146
211.356000000000146
211.692000000000146
211.789000000000146
211.891000000000147
212.037000000000147
212.167000000000147
212.526000000000147
213.497000000000148
213.634000000000148
213.825000000000148
213.867000000000148
213.959000000000148
214.081000000000148
214.199000000000149
214.489000000000149
214.612000000000149
214.731000000000149
214.855000000000149
215.000000000000149
215.127000000000149
215.53400000000015
215.65700000000015
215.78000000000015
215.89900000000015
285.542000000000212
286.422000000000213
287.945000000000214
288.259000000000214
288.388000000000214
288.503000000000215
289.465000000000215
289.736000000000216
292.447000000000218
293.528000000000219
945.560000000000798
945.997000000000799
946.121000000000799
946.240000000000799
946.385000000000799
946.963000000000799
947.1470000000008
947.2950000000008
947.4270000000008
947.5500000000008
947.6740000000008
947.8250000000008
947.9390000000008
948.0630000000008
948.1910000000008
948.309000000000801
948.616000000000801
952.859000000000805
953.103000000000805
954.796000000000806
954.852000000000806
954.924000000000806
955.164000000000807
955.491000000000807
955.618000000000807
955.740000000000807
965.201000000000816
965.345000000000816
965.472000000000816
965.594000000000816
981.32600000000083
981.46200000000083
981.59600000000083
981.72500000000083
986.935000000000835
987.071000000000835
987.193000000000835
987.324000000000835
1139.67900000000097
0
0
0
0
0
0
0
0
0
0
0
0
0
3600.00099999983085
0
0
0
0
0
0
