10
10
18
10
10
18
IPP2.11
sacchDay2
0
3
9
03
01
10
05
07
22
4
.3
1
476
476
1
1093
1093
1
1
1
1
1
1
1
1
1
1
1
1
1
1
1
1
1
1
1
1
475
-1
188.342000000000126
188.443000000000126
188.553000000000126
188.617000000000126
189.089000000000126
189.197000000000126
189.325000000000127
189.463000000000127
189.590000000000127
189.720000000000127
189.857000000000127
189.987000000000127
190.113000000000127
190.243000000000127
190.386000000000127
190.548000000000128
190.661000000000128
190.781000000000128
190.916000000000128
191.056000000000128
191.183000000000128
191.314000000000128
191.435000000000128
191.732000000000129
191.861000000000129
191.996000000000129
192.154000000000129
192.284000000000129
192.450000000000129
192.578000000000129
193.61600000000013
193.76000000000013
193.905000000000131
194.047000000000131
194.186000000000131
194.322000000000131
194.455000000000131
194.603000000000131
194.734000000000131
194.883000000000131
195.037000000000132
195.174000000000132
195.235000000000132
195.324000000000132
195.473000000000132
195.609000000000132
195.748000000000132
195.900000000000132
196.038000000000132
196.190000000000133
196.346000000000133
196.782000000000133
196.913000000000133
197.047000000000133
197.184000000000133
197.323000000000134
197.473000000000134
197.597000000000134
197.760000000000134
197.882000000000134
198.027000000000134
198.164000000000134
198.319000000000134
198.481000000000135
198.880000000000135
200.190000000000136
200.274000000000136
200.405000000000136
200.554000000000136
225.027000000000158
225.133000000000158
404.600000000000318
404.676000000000318
404.740000000000318
404.823000000000318
404.965000000000318
405.077000000000318
405.523000000000318
405.645000000000319
405.794000000000319
405.861000000000319
405.919000000000319
406.014000000000319
406.130000000000319
406.318000000000319
406.382000000000319
406.456000000000319
406.538000000000319
407.22100000000032
407.28300000000032
407.33000000000032
407.41100000000032
407.47600000000032
408.122000000000321
408.253000000000321
408.393000000000321
408.513000000000321
408.570000000000321
408.658000000000321
408.707000000000321
408.795000000000321
408.919000000000322
408.982000000000322
409.057000000000322
409.112000000000322
409.190000000000322
409.274000000000322
409.284000000000322
409.339000000000322
409.453000000000322
409.511000000000322
409.565000000000322
409.635000000000322
409.688000000000322
409.744000000000322
410.094000000000323
410.108000000000323
410.798000000000323
410.927000000000323
411.063000000000323
411.205000000000324
411.329000000000324
411.400000000000324
411.476000000000324
411.602000000000324
411.667000000000324
411.742000000000324
411.889000000000324
412.022000000000324
412.164000000000324
412.296000000000325
412.439000000000325
412.591000000000325
412.732000000000325
412.869000000000325
413.177000000000325
413.316000000000325
414.247000000000326
414.346000000000326
414.473000000000326
416.886000000000329
417.040000000000329
417.140000000000329
417.335000000000329
417.383000000000329
417.464000000000329
417.622000000000329
417.784000000000329
417.91900000000033
417.98900000000033
418.12200000000033
418.31400000000033
418.44800000000033
419.816000000000331
419.939000000000331
420.085000000000331
420.183000000000332
420.272000000000332
420.420000000000332
420.525000000000332
420.626000000000332
420.709000000000332
420.898000000000332
421.347000000000333
421.864000000000333
422.002000000000333
422.148000000000333
422.871000000000334
423.028000000000334
423.185000000000334
423.344000000000334
425.408000000000336
425.537000000000336
425.682000000000336
425.837000000000337
425.970000000000337
426.112000000000337
426.254000000000337
426.469000000000337
426.663000000000337
427.830000000000338
427.898000000000338
427.983000000000338
429.034000000000339
429.23200000000034
429.39700000000034
429.53400000000034
429.83700000000034
430.25700000000034
430.374000000000341
430.449000000000341
430.532000000000341
430.610000000000341
430.823000000000341
430.961000000000341
431.101000000000341
431.243000000000341
431.665000000000342
431.800000000000342
431.941000000000342
432.091000000000342
432.232000000000342
432.407000000000342
432.550000000000342
432.688000000000343
433.292000000000343
433.406000000000343
433.506000000000343
433.579000000000343
434.586000000000344
434.719000000000344
435.075000000000345
435.199000000000345
435.335000000000345
435.490000000000345
435.659000000000345
435.798000000000345
437.165000000000347
437.290000000000347
437.426000000000347
437.705000000000347
437.918000000000347
438.053000000000347
438.233000000000348
438.389000000000348
438.693000000000348
438.824000000000348
438.983000000000348
439.128000000000348
439.272000000000348
439.800000000000349
439.930000000000349
440.068000000000349
440.375000000000349
440.49300000000035
440.57300000000035
440.65000000000035
440.82100000000035
440.98000000000035
441.13400000000035
441.25700000000035
441.39700000000035
441.55300000000035
442.555000000000351
442.708000000000352
442.815000000000352
442.886000000000352
443.136000000000352
443.943000000000353
444.093000000000353
444.227000000000353
444.376000000000353
444.510000000000353
444.650000000000353
444.827000000000353
445.274000000000354
445.402000000000354
445.549000000000354
445.719000000000354
445.852000000000354
446.011000000000354
446.168000000000355
446.311000000000355
446.444000000000355
446.862000000000355
447.021000000000355
447.162000000000356
447.317000000000356
447.452000000000356
504.928000000000407
505.062000000000407
505.254000000000407
505.388000000000407
564.51100000000046
564.61600000000046
564.74600000000046
564.88700000000046
565.00900000000046
565.14000000000046
565.40200000000046
565.538000000000461
565.659000000000461
565.785000000000461
565.912000000000461
566.039000000000461
566.188000000000461
566.309000000000461
566.443000000000461
566.592000000000462
566.711000000000462
566.847000000000462
566.976000000000462
567.141000000000462
567.504000000000462
567.638000000000462
567.778000000000463
567.915000000000463
568.037000000000463
568.165000000000463
568.307000000000463
568.435000000000463
568.575000000000463
568.904000000000464
569.023000000000464
569.148000000000464
569.427000000000464
569.568000000000464
569.699000000000464
569.824000000000464
569.974000000000465
570.119000000000465
570.253000000000465
570.398000000000465
570.530000000000465
570.691000000000465
570.810000000000465
570.949000000000465
571.078000000000466
571.213000000000466
571.372000000000466
571.499000000000466
571.642000000000466
571.794000000000466
571.915000000000466
572.099000000000466
574.074000000000468
574.085000000000468
574.198000000000468
574.700000000000469
575.048000000000469
581.877000000000475
581.981000000000475
582.059000000000475
582.379000000000476
582.601000000000476
582.645000000000476
582.778000000000476
582.910000000000476
583.030000000000476
583.272000000000476
583.604000000000477
584.221000000000477
584.517000000000477
584.654000000000478
584.837000000000478
585.107000000000478
769.580000000000642
769.706000000000642
769.856000000000642
769.990000000000642
770.707000000000643
770.814000000000643
770.912000000000643
770.979000000000643
771.120000000000643
771.252000000000643
771.379000000000643
771.423000000000644
771.561000000000644
771.643000000000644
771.718000000000644
771.830000000000644
772.040000000000644
772.098000000000644
772.170000000000644
772.311000000000644
772.446000000000644
772.591000000000644
772.721000000000645
772.839000000000645
772.970000000000645
773.121000000000645
773.257000000000645
773.300000000000645
773.380000000000645
773.510000000000645
773.653000000000646
773.801000000000646
773.890000000000646
773.961000000000646
774.038000000000646
774.229000000000646
774.352000000000646
774.496000000000646
774.626000000000646
774.694000000000646
774.770000000000646
774.818000000000646
774.900000000000647
774.957000000000647
775.052000000000647
775.171000000000647
775.310000000000647
1189.59600000000101
1189.69400000000101
1189.82800000000102
1981.71700000000172
1981.73400000000172
1982.04400000000172
1982.25200000000172
1982.64200000000172
1982.91800000000172
1983.23600000000172
1983.63700000000172
1983.79200000000172
1983.90600000000172
1984.07400000000172
1984.41200000000172
1984.52300000000172
1984.68800000000172
1984.78000000000172
1984.92700000000172
1985.10300000000172
1985.30100000000172
1985.54000000000172
1985.63500000000172
2082.06599999999803
2082.16299999999801
2082.288999999998
2082.45899999999798
2082.58399999999797
2082.88099999999794
2083.1929999999979
2084.18499999999779
2084.28799999999778
2084.42499999999777
2085.63899999999763
2085.73999999999762
2085.86799999999761
2086.00199999999759
2086.11299999999758
2086.54099999999753
2492.63899999995281
2493.05599999995276
2493.24299999995274
2493.66099999995269
2493.91499999995267
2494.98399999995255
2495.26099999995252
2495.3959999999525
2495.55899999995249
2495.65899999995247
2495.77299999995246
2495.89999999995245
2496.42499999995239
2496.53899999995238
2496.66599999995236
2497.2149999999523
2497.46999999995228
2497.59599999995226
2497.72899999995225
2497.85099999995223
2497.99199999995222
2498.1299999999522
2498.39199999995217
2498.52999999995216
2498.65599999995214
2498.79599999995213
2498.91999999995212
2499.0699999999521
2499.19699999995209
2499.32099999995207
2500.32699999995196
2500.45099999995195
2500.61199999995193
2500.82799999995191
2500.95499999995189
2501.07799999995188
2501.21899999995186
2501.35099999995185
2501.47799999995183
2501.61199999995182
2501.7569999999518
2522.51499999994952
2861.01699999991224
-2
188.373000000000126
188.487000000000126
188.614000000000126
188.750000000000126
189.125000000000126
189.253000000000126
189.389000000000127
189.518000000000127
189.645000000000127
189.786000000000127
189.917000000000127
190.039000000000127
190.162000000000127
190.307000000000127
190.459000000000128
190.590000000000128
190.711000000000128
190.837000000000128
190.976000000000128
191.106000000000128
191.279000000000128
191.367000000000128
191.488000000000128
191.783000000000129
191.917000000000129
192.059000000000129
192.214000000000129
192.374000000000129
192.501000000000129
192.608000000000129
193.68300000000013
193.82500000000013
193.968000000000131
194.106000000000131
194.243000000000131
194.376000000000131
194.503000000000131
194.653000000000131
194.799000000000131
194.956000000000132
195.088000000000132
195.233000000000132
195.259000000000132
195.389000000000132
195.534000000000132
195.665000000000132
195.820000000000132
195.953000000000132
196.104000000000133
196.271000000000133
196.396000000000133
196.829000000000133
196.961000000000133
197.102000000000133
197.241000000000134
197.390000000000134
197.519000000000134
197.660000000000134
197.803000000000134
197.942000000000134
198.065000000000134
198.189000000000134
198.342000000000135
198.516000000000135
198.972000000000135
200.218000000000136
200.334000000000136
200.477000000000136
200.615000000000137
225.062000000000158
225.160000000000158
404.664000000000318
404.726000000000318
404.806000000000318
404.942000000000318
405.068000000000318
405.088000000000318
405.568000000000319
405.704000000000319
405.846000000000319
405.871000000000319
405.987000000000319
406.117000000000319
406.239000000000319
406.369000000000319
406.397000000000319
406.530000000000319
407.19500000000032
407.28100000000032
407.32800000000032
407.40800000000032
407.46800000000032
407.900000000000321
408.165000000000321
408.307000000000321
408.433000000000321
408.562000000000321
408.594000000000321
408.701000000000321
408.731000000000321
408.837000000000321
408.971000000000322
408.990000000000322
409.107000000000322
409.123000000000322
409.245000000000322
409.282000000000322
409.335000000000322
409.415000000000322
409.482000000000322
409.559000000000322
409.580000000000322
409.686000000000322
409.702000000000322
410.087000000000323
410.103000000000323
410.114000000000323
410.819000000000323
410.983000000000323
411.124000000000323
411.248000000000324
411.387000000000324
411.427000000000324
411.550000000000324
411.658000000000324
411.685000000000324
411.802000000000324
411.938000000000324
412.050000000000324
412.218000000000324
412.360000000000325
412.510000000000325
412.643000000000325
412.788000000000325
413.163000000000325
413.234000000000325
413.531000000000326
414.265000000000326
414.432000000000326
416.236000000000328
416.952000000000329
417.106000000000329
417.325000000000329
417.382000000000329
417.457000000000329
417.539000000000329
417.699000000000329
417.837000000000329
417.98000000000033
418.11300000000033
418.26800000000033
418.43300000000033
419.076000000000331
419.892000000000331
420.047000000000331
420.182000000000332
420.258000000000332
420.327000000000332
420.489000000000332
420.625000000000332
420.706000000000332
420.895000000000332
421.342000000000333
421.753000000000333
421.958000000000333
422.064000000000333
422.204000000000333
422.955000000000334
423.110000000000334
423.267000000000334
423.407000000000334
425.467000000000336
425.612000000000336
425.755000000000336
425.897000000000337
426.033000000000337
426.172000000000337
426.306000000000337
426.497000000000337
426.691000000000337
427.867000000000338
427.964000000000338
428.581000000000339
429.061000000000339
429.25500000000034
429.46000000000034
429.76400000000034
430.14700000000034
430.295000000000341
430.436000000000341
430.505000000000341
430.596000000000341
430.739000000000341
430.878000000000341
431.011000000000341
431.161000000000341
431.287000000000341
431.719000000000342
431.861000000000342
432.006000000000342
432.180000000000342
432.318000000000342
432.460000000000342
432.596000000000343
432.713000000000343
433.353000000000343
433.497000000000343
433.530000000000343
433.682000000000344
434.640000000000344
434.749000000000344
435.130000000000345
435.249000000000345
435.411000000000345
435.563000000000345
435.716000000000345
435.856000000000345
437.203000000000347
437.346000000000347
437.480000000000347
437.847000000000347
438.023000000000347
438.120000000000348
438.279000000000348
438.468000000000348
438.749000000000348
438.888000000000348
439.039000000000348
439.182000000000348
439.319000000000349
439.849000000000349
439.983000000000349
440.107000000000349
440.41400000000035
440.54700000000035
440.59900000000035
440.72900000000035
440.88600000000035
441.04300000000035
441.17400000000035
441.31000000000035
441.45700000000035
441.594000000000351
442.619000000000351
442.787000000000352
442.858000000000352
442.978000000000352
443.158000000000352
444.007000000000353
444.145000000000353
444.293000000000353
444.422000000000353
444.555000000000353
444.733000000000353
444.886000000000353
445.317000000000354
445.462000000000354
445.662000000000354
445.778000000000354
445.902000000000354
446.117000000000355
446.227000000000355
446.359000000000355
446.478000000000355
446.915000000000355
447.070000000000355
447.236000000000356
447.362000000000356
447.498000000000356
504.983000000000407
505.085000000000407
505.318000000000407
505.442000000000407
564.54700000000046
564.67200000000046
564.81400000000046
564.93900000000046
565.06500000000046
565.18400000000046
565.454000000000461
565.583000000000461
565.711000000000461
565.832000000000461
565.960000000000461
566.106000000000461
566.232000000000461
566.365000000000461
566.510000000000461
566.637000000000462
566.768000000000462
566.894000000000462
567.044000000000462
567.177000000000462
567.553000000000462
567.694000000000463
567.838000000000463
567.958000000000463
568.083000000000463
568.225000000000463
568.354000000000463
568.488000000000463
568.661000000000463
568.946000000000464
569.067000000000464
569.187000000000464
569.478000000000464
569.616000000000464
569.744000000000464
569.890000000000464
570.037000000000465
570.174000000000465
570.311000000000465
570.445000000000465
570.576000000000465
570.710000000000465
570.870000000000465
570.991000000000465
571.122000000000466
571.287000000000466
571.415000000000466
571.558000000000466
571.710000000000466
571.832000000000466
572.013000000000466
572.134000000000466
574.080000000000468
574.119000000000468
574.240000000000468
574.775000000000469
575.134000000000469
581.926000000000475
582.027000000000475
582.336000000000476
582.459000000000476
582.610000000000476
582.732000000000476
582.827000000000476
582.951000000000476
583.065000000000476
583.298000000000476
583.650000000000477
584.242000000000477
584.627000000000478
584.737000000000478
584.913000000000478
585.123000000000478
769.636000000000642
769.772000000000642
769.901000000000642
770.025000000000642
770.744000000000643
770.891000000000643
770.930000000000643
771.038000000000643
771.174000000000643
771.300000000000643
771.420000000000644
771.554000000000644
771.630000000000644
771.707000000000644
771.820000000000644
771.868000000000644
772.079000000000644
772.164000000000644
772.223000000000644
772.366000000000644
772.511000000000644
772.643000000000645
772.756000000000645
772.876000000000645
773.021000000000645
773.191000000000645
773.297000000000645
773.353000000000645
773.423000000000645
773.556000000000645
773.704000000000646
773.878000000000646
773.897000000000646
774.004000000000646
774.133000000000646
774.268000000000646
774.406000000000646
774.536000000000646
774.680000000000646
774.760000000000646
774.816000000000646
774.895000000000647
774.951000000000647
775.005000000000647
775.169000000000647
775.271000000000647
775.339000000000647
1189.62500000000101
1189.75600000000102
1189.88200000000102
1981.72900000000172
1981.78500000000172
1982.15300000000172
1982.32100000000172
1982.66400000000172
1983.00800000000172
1983.34100000000172
1983.67700000000172
1983.84000000000172
1984.01400000000172
1984.17800000000172
1984.48600000000172
1984.61500000000172
1984.76000000000172
1984.89900000000172
1985.05500000000172
1985.23100000000172
1985.40600000000172
1985.59000000000172
1985.90800000000172
2082.10499999999802
2082.22699999999801
2082.36999999999799
2082.52499999999797
2082.80299999999794
2082.97799999999792
2083.30099999999789
2084.21799999999779
2084.34299999999777
2084.47399999999776
2085.65999999999763
2085.78399999999762
2085.9089999999976
2086.02599999999759
2086.15199999999758
2086.56899999999753
2492.7049999999528
2493.10699999995276
2493.28399999995274
2493.69399999995269
2493.95299999995266
2495.04699999995254
2495.34399999995251
2495.49599999995249
2495.63699999995248
2495.69199999995247
2495.81899999995246
2495.94599999995244
2496.43899999995239
2496.56099999995238
2496.68699999995236
2497.2679999999523
2497.50699999995227
2497.63599999995226
2497.76699999995224
2497.90099999995223
2498.04199999995221
2498.1609999999522
2498.43599999995217
2498.56899999995215
2498.70299999995214
2498.83599999995212
2498.98099999995211
2499.0999999999521
2499.23099999995208
2499.39299999995206
2500.36399999995196
2500.50599999995194
2500.64499999995193
2500.8639999999519
2500.98499999995189
2501.11899999995187
2501.26399999995186
2501.39199999995184
2501.51499999995183
2501.65699999995181
2501.8139999999518
2522.57299999994951
2861.04899999991223
1092
-3
66.039000000000017
66.2080000000000172
66.3410000000000173
66.4720000000000174
66.9410000000000178
67.0660000000000179
67.2220000000000181
67.4100000000000182
67.5620000000000184
67.7110000000000185
67.8600000000000186
68.0330000000000188
68.1700000000000189
68.3460000000000191
68.4970000000000192
68.6660000000000193
68.8340000000000195
68.9810000000000196
69.1480000000000198
69.3310000000000199
69.5540000000000201
69.7080000000000203
69.9140000000000204
70.1390000000000206
70.3390000000000208
70.509000000000021
70.6780000000000211
70.8770000000000213
71.5470000000000219
71.679000000000022
72.2300000000000225
72.773000000000023
72.9300000000000231
73.1150000000000233
73.6100000000000237
73.7520000000000239
73.927000000000024
74.1020000000000242
74.2850000000000243
74.4370000000000245
74.6060000000000246
74.7630000000000248
74.9160000000000249
75.077000000000025
75.2850000000000252
75.4690000000000254
75.6510000000000255
75.8380000000000257
76.0090000000000259
76.195000000000026
76.3620000000000262
76.5260000000000263
76.7000000000000265
76.8680000000000266
77.0260000000000268
77.1110000000000268
77.2030000000000269
77.6850000000000274
77.8400000000000275
77.9710000000000276
78.0420000000000277
78.2320000000000278
78.421000000000028
79.1600000000000287
79.3060000000000288
79.488000000000029
79.6710000000000291
79.8660000000000293
80.0510000000000294
80.2440000000000296
80.4220000000000298
80.61900000000003
80.7980000000000301
80.9980000000000303
81.1440000000000304
81.3310000000000306
81.4970000000000307
81.6700000000000309
81.8810000000000311
82.0640000000000312
82.2280000000000314
82.3900000000000315
82.5850000000000317
82.7300000000000318
82.8320000000000319
82.921000000000032
83.0970000000000322
83.2600000000000323
83.4150000000000324
83.5710000000000326
83.7400000000000327
83.9120000000000329
84.086000000000033
84.1740000000000331
84.2820000000000332
84.4420000000000334
84.6050000000000335
84.6850000000000336
84.7740000000000336
84.9380000000000338
85.0960000000000339
85.2540000000000341
85.4090000000000342
85.6080000000000344
85.7690000000000345
85.9290000000000347
86.0840000000000348
86.244000000000035
86.4060000000000351
86.5600000000000352
86.7200000000000354
86.8780000000000355
87.1310000000000357
90.7270000000000389
91.0320000000000392
91.4330000000000396
91.5730000000000397
91.7410000000000398
91.90700000000004
92.0680000000000401
92.3120000000000403
92.4810000000000405
92.6560000000000406
92.8250000000000408
93.004000000000041
93.1630000000000411
93.3240000000000412
93.4970000000000414
93.6440000000000415
93.8040000000000417
93.9720000000000418
94.129000000000042
94.2940000000000421
94.4670000000000423
94.6090000000000424
94.9180000000000427
95.0740000000000428
95.1990000000000429
95.351000000000043
95.5280000000000432
95.7020000000000434
95.7860000000000434
95.8690000000000435
96.0330000000000436
96.1890000000000438
96.3360000000000439
96.5110000000000441
96.6810000000000442
96.8250000000000444
97.0130000000000445
97.1720000000000447
97.2700000000000447
97.3370000000000448
97.505000000000045
97.6710000000000451
97.8460000000000453
98.0240000000000454
98.1960000000000456
98.3430000000000457
98.5110000000000458
98.695000000000046
98.8500000000000461
99.0050000000000463
99.837000000000047
99.9670000000000471
100.1480000000000473
108.5080000000000547
108.6280000000000548
108.774000000000055
108.9320000000000551
109.0880000000000552
109.2420000000000554
109.3890000000000555
109.5400000000000556
109.7030000000000558
109.8630000000000559
110.0260000000000561
110.1980000000000562
110.3420000000000564
110.5040000000000565
140.524000000000083
140.606000000000083
140.717000000000083
140.803000000000083
140.851000000000083
140.924000000000084
140.997000000000084
141.080000000000084
141.107000000000084
141.134000000000084
141.221000000000084
141.277000000000084
141.368000000000084
141.431000000000084
141.578000000000084
141.713000000000084
141.862000000000084
141.920000000000084
141.997000000000084
142.077000000000085
142.144000000000085
142.204000000000085
142.278000000000085
142.350000000000085
142.563000000000085
142.704000000000085
142.756000000000085
142.799000000000085
142.827000000000085
142.994000000000085
143.133000000000085
143.223000000000086
143.287000000000086
143.394000000000086
143.437000000000086
143.579000000000086
143.720000000000086
143.856000000000086
143.995000000000086
144.101000000000086
144.132000000000086
144.271000000000086
144.384000000000087
144.411000000000087
144.544000000000087
144.585000000000087
145.167000000000087
145.297000000000087
145.441000000000088
145.588000000000088
145.772000000000088
145.913000000000088
146.061000000000088
146.196000000000088
146.341000000000088
146.495000000000088
146.683000000000089
146.824000000000089
146.981000000000089
147.126000000000089
147.271000000000089
147.390000000000089
147.432000000000089
147.537000000000089
147.586000000000089
147.75100000000009
147.86800000000009
147.92100000000009
148.06700000000009
148.22500000000009
148.36000000000009
148.67300000000009
148.798000000000091
148.938000000000091
149.086000000000091
149.253000000000091
149.405000000000091
149.553000000000091
149.709000000000091
149.854000000000091
149.999000000000092
150.159000000000092
150.302000000000092
150.448000000000092
151.027000000000092
151.166000000000093
151.314000000000093
151.469000000000093
151.602000000000093
151.749000000000093
158.841000000000099
158.9270000000001
158.9730000000001
159.1120000000001
159.1750000000001
159.2610000000001
159.3270000000001
159.4440000000001
159.4690000000001
159.6200000000001
159.7360000000001
159.7710000000001
159.8920000000001
159.9120000000001
160.0390000000001
160.064000000000101
160.206000000000101
160.321000000000101
160.366000000000101
160.549000000000101
160.655000000000101
160.744000000000101
160.813000000000101
160.962000000000101
251.462000000000182
251.779000000000182
251.918000000000182
252.111000000000182
252.356000000000182
252.454000000000183
252.608000000000183
252.714000000000183
252.835000000000183
252.961000000000183
253.095000000000183
253.220000000000183
253.365000000000183
253.507000000000184
253.643000000000184
253.778000000000184
253.918000000000184
254.053000000000184
254.196000000000184
254.338000000000184
254.480000000000184
254.645000000000185
254.788000000000185
254.932000000000185
255.073000000000185
255.207000000000185
255.353000000000185
255.503000000000185
255.642000000000185
256.195000000000186
256.326000000000186
256.461000000000186
256.593000000000186
256.771000000000186
256.905000000000187
257.043000000000187
257.205000000000187
257.339000000000187
257.485000000000187
257.622000000000187
258.179000000000188
258.320000000000188
258.627000000000188
258.760000000000188
259.078000000000188
259.183000000000189
259.330000000000189
259.461000000000189
259.608000000000189
259.742000000000189
259.903000000000189
260.052000000000189
260.55800000000019
260.66900000000019
260.80900000000019
260.95700000000019
261.09300000000019
261.22900000000019
261.35600000000019
261.483000000000191
261.644000000000191
261.787000000000191
261.927000000000191
262.084000000000191
262.226000000000191
262.368000000000191
262.498000000000191
262.643000000000192
262.776000000000192
262.946000000000192
263.072000000000192
263.231000000000192
263.372000000000192
263.503000000000192
267.468000000000196
267.576000000000196
267.652000000000196
267.724000000000196
267.840000000000196
268.016000000000196
268.162000000000197
268.293000000000197
268.507000000000197
268.621000000000197
268.843000000000197
268.956000000000197
269.154000000000197
269.306000000000198
270.008000000000198
270.166000000000198
270.272000000000198
270.424000000000199
270.475000000000199
341.987000000000262
342.169000000000262
342.275000000000262
342.424000000000262
342.550000000000263
342.710000000000263
342.845000000000263
342.979000000000263
343.129000000000263
343.258000000000263
343.394000000000263
343.524000000000263
343.650000000000264
343.792000000000264
343.922000000000264
344.056000000000264
344.205000000000264
344.368000000000264
344.520000000000264
344.571000000000264
344.643000000000264
344.707000000000264
344.775000000000265
344.869000000000265
344.933000000000265
345.113000000000265
345.236000000000265
345.407000000000265
345.556000000000265
345.692000000000265
345.796000000000265
346.373000000000266
346.515000000000266
346.587000000000266
346.931000000000266
347.048000000000267
347.179000000000267
347.335000000000267
347.475000000000267
348.540000000000268
349.433000000000269
349.570000000000269
349.734000000000269
349.877000000000269
350.044000000000269
350.194000000000269
350.33500000000027
350.46300000000027
350.64600000000027
350.80200000000027
350.93300000000027
351.582000000000271
351.848000000000271
352.017000000000271
352.189000000000271
352.329000000000271
352.464000000000271
352.636000000000272
352.780000000000272
352.944000000000272
353.092000000000272
353.255000000000272
353.392000000000272
355.379000000000274
355.516000000000274
355.652000000000274
355.795000000000274
355.930000000000274
356.569000000000275
356.700000000000275
357.502000000000276
357.648000000000276
357.804000000000276
357.967000000000276
358.120000000000276
358.947000000000277
365.301000000000283
365.521000000000283
365.664000000000283
365.833000000000283
365.943000000000283
366.106000000000284
368.945000000000286
369.066000000000286
369.231000000000286
369.567000000000287
369.681000000000287
369.825000000000287
369.964000000000287
370.103000000000287
370.247000000000287
370.392000000000287
486.21500000000039
486.31500000000039
486.44000000000039
523.094000000000423
659.714000000000544
659.814000000000544
659.958000000000544
660.088000000000545
660.217000000000545
660.352000000000545
660.494000000000545
660.589000000000545
660.738000000000545
660.850000000000545
660.983000000000545
661.107000000000546
661.227000000000546
661.358000000000546
661.493000000000546
661.608000000000546
661.766000000000546
662.153000000000546
662.303000000000547
662.462000000000547
662.586000000000547
662.717000000000547
662.857000000000547
663.004000000000547
663.132000000000547
663.270000000000547
663.414000000000548
663.537000000000548
663.673000000000548
663.804000000000548
663.953000000000548
664.087000000000548
664.234000000000548
664.354000000000548
664.490000000000548
664.634000000000549
665.355000000000549
665.496000000000549
665.64400000000055
665.77900000000055
666.46200000000055
666.59500000000055
666.74200000000055
666.875000000000551
667.012000000000551
667.164000000000551
667.303000000000551
667.351000000000551
667.433000000000551
667.704000000000551
667.837000000000551
667.985000000000552
668.145000000000552
668.304000000000552
668.493000000000552
668.603000000000552
668.735000000000552
668.869000000000552
669.024000000000553
669.190000000000553
669.335000000000553
669.504000000000553
669.642000000000553
669.798000000000553
670.265000000000554
670.439000000000554
670.569000000000554
671.345000000000555
671.461000000000555
671.634000000000555
671.794000000000555
671.935000000000555
672.085000000000555
672.211000000000555
672.366000000000556
672.514000000000556
672.647000000000556
672.757000000000556
672.843000000000556
672.989000000000556
673.140000000000556
673.271000000000556
673.433000000000556
673.557000000000556
673.693000000000557
673.872000000000557
674.013000000000557
674.151000000000557
674.306000000000557
674.738000000000558
674.894000000000558
675.330000000000558
675.944000000000559
676.291000000000559
676.433000000000559
676.599000000000559
676.756000000000559
676.91100000000056
677.07000000000056
677.21400000000056
677.36600000000056
677.50100000000056
677.80500000000056
677.93200000000056
678.087000000000561
678.251000000000561
678.419000000000561
678.574000000000561
678.699000000000561
678.832000000000561
679.000000000000561
689.11600000000057
689.23000000000057
689.361000000000571
689.511000000000571
689.670000000000571
690.657000000000572
690.769000000000572
691.141000000000572
691.267000000000572
691.406000000000572
691.570000000000573
691.710000000000573
691.846000000000573
691.991000000000573
692.268000000000573
692.778000000000574
693.479000000000574
693.597000000000574
693.744000000000574
693.880000000000575
694.019000000000575
694.155000000000575
694.287000000000575
694.425000000000575
694.577000000000575
694.744000000000575
695.032000000000576
695.151000000000576
695.285000000000576
695.440000000000576
695.595000000000576
695.774000000000576
695.896000000000576
696.034000000000576
696.166000000000577
696.295000000000577
696.436000000000577
696.571000000000577
696.718000000000577
696.858000000000577
696.983000000000577
697.149000000000578
697.289000000000578
697.439000000000578
697.565000000000578
697.712000000000578
697.863000000000578
698.733000000000579
698.895000000000579
699.030000000000579
699.166000000000579
699.316000000000579
699.44500000000058
699.86700000000058
700.00900000000058
700.06900000000058
700.17200000000058
700.31800000000058
700.45300000000058
700.591000000000581
700.778000000000581
700.914000000000581
701.099000000000581
701.381000000000581
701.512000000000581
701.691000000000582
702.455000000000582
702.591000000000582
702.760000000000582
702.919000000000583
703.061000000000583
703.193000000000583
703.332000000000583
703.493000000000583
703.657000000000583
703.789000000000583
703.925000000000584
704.106000000000584
704.244000000000584
704.406000000000584
704.555000000000584
704.737000000000584
704.873000000000584
705.019000000000584
705.165000000000585
705.305000000000585
705.446000000000585
705.583000000000585
705.722000000000585
817.944000000000685
818.056000000000685
818.196000000000685
818.340000000000685
818.471000000000685
818.599000000000685
818.958000000000686
819.103000000000686
819.244000000000686
819.372000000000686
819.505000000000686
819.630000000000686
819.746000000000686
819.904000000000686
820.025000000000687
820.166000000000687
820.297000000000687
820.444000000000687
820.556000000000687
820.682000000000687
820.817000000000687
820.937000000000687
821.064000000000688
821.228000000000688
821.773000000000688
821.905000000000688
822.042000000000688
822.191000000000689
822.348000000000689
822.500000000000689
822.632000000000689
822.783000000000689
822.902000000000689
823.033000000000689
823.206000000000689
936.25000000000079
936.35300000000079
936.50100000000079
936.64100000000079
936.77800000000079
936.92300000000079
937.069000000000791
937.185000000000791
937.331000000000791
937.475000000000791
937.588000000000791
937.734000000000791
937.888000000000791
938.006000000000791
938.159000000000792
938.280000000000792
938.436000000000792
938.555000000000792
938.703000000000792
938.823000000000792
938.941000000000792
939.068000000000792
939.189000000000792
939.332000000000793
939.455000000000793
939.607000000000793
939.741000000000793
939.892000000000793
940.055000000000793
940.171000000000793
940.338000000000794
941.083000000000794
941.205000000000794
941.364000000000794
941.520000000000795
941.649000000000795
941.767000000000795
941.900000000000795
942.063000000000795
942.175000000000795
942.337000000000795
942.467000000000795
942.615000000000796
942.734000000000796
942.868000000000796
943.014000000000796
943.455000000000796
943.609000000000796
943.761000000000797
943.899000000000797
944.052000000000797
944.178000000000797
944.309000000000797
944.490000000000797
944.610000000000797
944.752000000000797
944.899000000000798
945.053000000000798
945.223000000000798
945.355000000000798
945.537000000000798
945.686000000000798
946.324000000000799
946.438000000000799
946.598000000000799
946.866000000000799
947.028000000000799
947.6470000000008
947.7770000000008
947.9050000000008
948.0640000000008
948.2090000000008
948.652000000000801
948.800000000000801
948.950000000000801
949.091000000000801
949.231000000000801
949.368000000000802
949.719000000000802
951.953000000000804
952.055000000000804
952.229000000000804
966.944000000000817
967.074000000000817
967.194000000000817
967.340000000000818
967.533000000000818
967.811000000000818
967.967000000000818
969.155000000000819
969.262000000000819
969.431000000000819
969.558000000000819
969.76200000000082
970.01300000000082
970.14000000000082
970.28400000000082
970.44900000000082
970.59400000000082
970.738000000000821
970.887000000000821
971.024000000000821
971.288000000000821
971.417000000000821
971.564000000000821
971.704000000000821
971.840000000000822
971.962000000000822
972.126000000000822
972.293000000000822
972.425000000000822
972.834000000000822
972.960000000000822
973.117000000000823
973.279000000000823
973.418000000000823
973.596000000000823
973.877000000000823
974.045000000000823
974.166000000000824
974.294000000000824
974.435000000000824
974.565000000000824
974.693000000000824
975.008000000000824
975.144000000000824
975.318000000000825
975.441000000000825
975.571000000000825
975.705000000000825
975.856000000000825
975.976000000000825
976.124000000000825
976.248000000000825
976.389000000000826
976.542000000000826
976.671000000000826
976.824000000000826
976.954000000000826
977.134000000000826
977.260000000000826
977.550000000000826
977.691000000000827
977.893000000000827
978.018000000000827
978.144000000000827
978.573000000000827
978.712000000000828
978.870000000000828
978.994000000000828
979.150000000000828
979.300000000000828
979.485000000000828
979.599000000000828
979.727000000000828
980.026000000000829
980.163000000000829
980.300000000000829
980.440000000000829
980.604000000000829
980.738000000000829
980.91800000000083
981.06500000000083
981.20100000000083
981.35400000000083
981.48100000000083
981.61600000000083
981.96300000000083
982.418000000000831
982.582000000000831
982.750000000000831
982.896000000000831
983.026000000000831
994.128000000000841
994.260000000000841
994.418000000000842
1121.89000000000095
1135.94400000000097
1136.07300000000097
1136.21000000000097
1136.55800000000097
1136.67800000000097
1136.79600000000097
1136.93700000000097
1137.09600000000097
1137.25800000000097
1137.38200000000097
1137.52100000000097
1137.65300000000097
1137.78200000000097
1137.90000000000097
1138.07000000000097
1138.19300000000097
1138.31300000000097
1138.44000000000097
1138.56100000000097
1138.69400000000097
1138.85400000000097
1138.97000000000097
1139.09700000000097
1139.22700000000097
1139.35600000000097
1139.49200000000097
1139.61900000000097
1139.75900000000097
1139.88100000000097
1140.00600000000097
1140.15700000000097
1140.26700000000097
1140.40100000000097
1140.53700000000097
1140.66700000000097
1140.81200000000097
1140.94100000000097
1141.07400000000097
1141.20600000000097
1141.36400000000097
1141.50200000000097
1141.61700000000097
1141.78500000000097
1141.92700000000097
1142.05300000000097
1142.18900000000097
1142.33100000000097
1142.68000000000097
1142.81000000000097
1142.93400000000097
1143.06500000000097
1143.18900000000097
1143.35000000000097
1143.46300000000097
1143.60700000000097
1144.24600000000097
1144.37100000000097
1144.54100000000097
1144.71200000000097
1144.82200000000098
1144.98600000000098
1145.10500000000098
1145.23300000000098
1145.36300000000098
1145.66200000000098
1145.80300000000098
1145.94900000000098
1146.09000000000098
1146.25400000000098
1146.41200000000098
1146.56000000000098
1146.68800000000098
1146.82200000000098
1146.95900000000098
1147.09700000000098
1147.23000000000098
1147.35000000000098
1147.49900000000098
1147.65500000000098
1148.19600000000098
1148.33200000000098
1148.47100000000098
1148.60000000000098
1148.74200000000098
1148.86200000000098
1149.00500000000098
1149.14200000000098
1149.29900000000098
1149.43900000000098
1149.56200000000098
1149.69400000000098
1149.83100000000098
1150.00000000000098
1150.13400000000098
1150.26300000000098
1150.41400000000098
1150.89800000000098
1151.02300000000098
1151.18600000000098
1153.67100000000098
1153.79400000000098
1153.96000000000098
1154.26300000000098
1154.39400000000098
1154.53500000000098
1154.60600000000098
1154.67000000000098
1154.79700000000098
1154.94700000000098
1155.00500000000098
1155.06900000000098
1155.22400000000098
1155.30300000000098
1155.35700000000098
1155.40500000000098
1155.50300000000098
1155.56100000000098
1155.64100000000098
1155.77200000000098
1155.90300000000098
1156.08200000000098
1156.23300000000099
1156.34800000000099
1156.48700000000099
1156.62500000000099
1156.75500000000099
1156.89200000000099
1157.02800000000099
1157.19200000000099
1157.31600000000099
1157.60000000000099
1157.73200000000099
1157.86400000000099
1158.00700000000099
1158.12600000000099
1158.26100000000099
1158.42300000000099
1159.90400000000099
1160.19800000000099
1160.34400000000099
1267.19100000000108
1267.30800000000108
1267.46000000000108
1272.00000000000109
1326.19200000000114
1326.22900000000114
1469.03700000000126
1469.14900000000126
1471.37900000000127
1471.51000000000127
1471.65300000000127
1471.78200000000127
1471.90400000000127
1472.02700000000127
1472.15500000000127
1472.28900000000127
1472.40900000000127
1472.53200000000127
1472.67400000000127
1472.78700000000127
1472.92700000000127
1473.06000000000127
1473.18400000000127
1473.31800000000127
1473.46900000000127
1473.61800000000127
1473.77200000000127
1473.89200000000127
1474.02200000000127
1474.15100000000127
1474.28200000000127
1474.44600000000127
1474.58600000000127
1474.72100000000127
1474.86200000000127
1474.99900000000127
1475.13200000000127
1476.04900000000127
1479.21000000000127
1480.92900000000127
1481.93600000000127
1482.34000000000127
1482.46800000000128
1482.61500000000128
1482.78300000000128
1682.71100000000145
1682.76300000000145
1689.67500000000146
1689.77600000000146
2485.93099999995355
2590.52999999994203
2591.48899999994192
2592.35399999994183
2592.47899999994181
2594.30799999994161
2594.4369999999416
2641.48299999993641
-4
66.1470000000000171
66.2530000000000172
66.3840000000000173
66.5320000000000174
66.9810000000000178
67.125000000000018
67.3040000000000181
67.4710000000000183
67.6230000000000184
67.7730000000000186
67.9420000000000187
68.0850000000000188
68.252000000000019
68.4020000000000191
68.5650000000000192
68.7120000000000194
68.8670000000000195
69.0440000000000197
69.2310000000000198
69.41300000000002
69.6250000000000202
69.7890000000000203
70.0100000000000205
70.2280000000000207
70.4080000000000209
70.570000000000021
70.7610000000000212
70.9310000000000214
71.5890000000000219
71.8420000000000222
72.2940000000000226
72.831000000000023
73.0180000000000232
73.2050000000000234
73.6570000000000238
73.8300000000000239
74.0090000000000241
74.1940000000000242
74.3530000000000244
74.5120000000000245
74.6660000000000247
74.8180000000000248
74.9670000000000249
75.1740000000000251
75.3750000000000253
75.5500000000000255
75.7400000000000256
75.9090000000000258
76.0960000000000259
76.2670000000000261
76.4330000000000262
76.6070000000000264
76.7770000000000265
76.9390000000000267
77.0920000000000268
77.1360000000000269
77.287000000000027
77.7400000000000274
77.9380000000000276
78.0000000000000276
78.1450000000000278
78.3000000000000279
78.5070000000000281
79.2260000000000287
79.3920000000000289
79.583000000000029
79.7730000000000292
79.9570000000000294
80.1490000000000295
80.3190000000000297
80.5260000000000299
80.70800000000003
80.8800000000000302
81.0790000000000304
81.2450000000000305
81.4010000000000306
81.5700000000000308
81.745000000000031
81.9690000000000312
82.1350000000000313
82.3010000000000314
82.4790000000000316
82.6540000000000318
82.8180000000000319
82.8460000000000319
83.0150000000000321
83.1810000000000322
83.3540000000000324
83.4940000000000325
83.6590000000000327
83.8380000000000328
83.994000000000033
84.1730000000000331
84.1980000000000331
84.3630000000000333
84.5150000000000334
84.6780000000000336
84.7000000000000336
84.8580000000000337
85.0190000000000339
85.167000000000034
85.3360000000000341
85.4970000000000343
85.6990000000000345
85.8470000000000346
85.9950000000000347
86.1560000000000349
86.321000000000035
86.4780000000000352
86.6340000000000353
86.7960000000000354
86.9580000000000356
87.1810000000000358
90.746000000000039
91.0780000000000392
91.5050000000000396
91.6660000000000398
91.8360000000000399
91.9980000000000401
92.1770000000000402
92.4130000000000404
92.5790000000000406
92.7470000000000407
92.9110000000000409
93.084000000000041
93.2550000000000412
93.4070000000000413
93.5740000000000415
93.7240000000000416
93.8930000000000418
94.0480000000000419
94.214000000000042
94.3800000000000422
94.5720000000000424
94.6310000000000424
94.9720000000000427
95.1100000000000428
95.275000000000043
95.4730000000000432
95.6590000000000433
95.7850000000000434
95.8020000000000434
95.9730000000000436
96.1110000000000437
96.2540000000000438
96.409000000000044
96.6120000000000442
96.7510000000000443
96.9060000000000444
97.0970000000000446
97.2580000000000447
97.3180000000000448
97.4240000000000449
97.591000000000045
97.7710000000000452
97.9430000000000453
98.1120000000000455
98.2680000000000456
98.4270000000000458
98.5930000000000459
98.7700000000000461
98.9260000000000462
99.0870000000000464
99.9020000000000471
100.0560000000000472
100.2490000000000474
108.5560000000000548
108.7000000000000549
108.856000000000055
109.0150000000000552
109.1680000000000553
109.3150000000000554
109.4670000000000556
109.6490000000000557
109.7840000000000559
109.946000000000056
110.1030000000000561
110.2640000000000563
110.4190000000000564
110.5510000000000565
140.561000000000083
140.655000000000083
140.781000000000083
140.840000000000083
140.921000000000084
140.981000000000084
141.060000000000084
141.106000000000084
141.128000000000084
141.204000000000084
141.263000000000084
141.355000000000084
141.415000000000084
141.497000000000084
141.637000000000084
141.783000000000084
141.916000000000084
141.931000000000084
142.067000000000085
142.082000000000085
142.202000000000085
142.218000000000085
142.346000000000085
142.484000000000085
142.608000000000085
142.748000000000085
142.768000000000085
142.811000000000085
142.901000000000085
143.056000000000085
143.205000000000086
143.232000000000086
143.362000000000086
143.405000000000086
143.498000000000086
143.654000000000086
143.787000000000086
143.928000000000086
144.071000000000086
144.116000000000086
144.208000000000086
144.336000000000087
144.398000000000087
144.502000000000087
144.571000000000087
144.641000000000087
145.221000000000087
145.363000000000087
145.510000000000088
145.663000000000088
145.836000000000088
145.985000000000088
146.132000000000088
146.268000000000088
146.420000000000088
146.584000000000089
146.749000000000089
146.900000000000089
147.048000000000089
147.190000000000089
147.345000000000089
147.404000000000089
147.506000000000089
147.562000000000089
147.66500000000009
147.83700000000009
147.90300000000009
148.00600000000009
148.16200000000009
148.29500000000009
148.42400000000009
148.72200000000009
148.854000000000091
149.010000000000091
149.170000000000091
149.333000000000091
149.473000000000091
149.632000000000091
149.773000000000091
149.922000000000092
150.067000000000092
150.226000000000092
150.376000000000092
151.009000000000092
151.094000000000093
151.232000000000093
151.372000000000093
151.529000000000093
151.675000000000093
151.800000000000093
158.875000000000099
158.9710000000001
159.1040000000001
159.1730000000001
159.2570000000001
159.3130000000001
159.4030000000001
159.4560000000001
159.5510000000001
159.6950000000001
159.7500000000001
159.8410000000001
159.8990000000001
159.9890000000001
160.0470000000001
160.135000000000101
160.289000000000101
160.350000000000101
160.442000000000101
160.578000000000101
160.730000000000101
160.789000000000101
160.921000000000101
161.016000000000101
251.559000000000182
251.856000000000182
252.027000000000182
252.153000000000182
252.372000000000183
252.482000000000183
252.657000000000183
252.770000000000183
252.892000000000183
253.023000000000183
253.152000000000183
253.297000000000183
253.437000000000183
253.578000000000184
253.707000000000184
253.851000000000184
253.970000000000184
254.136000000000184
254.252000000000184
254.411000000000184
254.570000000000184
254.720000000000185
254.854000000000185
254.991000000000185
255.128000000000185
255.270000000000185
255.425000000000185
255.565000000000185
256.125000000000186
256.250000000000186
256.380000000000186
256.513000000000186
256.679000000000186
256.827000000000186
256.954000000000187
257.120000000000187
257.259000000000187
257.404000000000187
257.541000000000187
258.161000000000188
258.240000000000188
258.547000000000188
258.679000000000188
258.802000000000188
259.103000000000188
259.250000000000189
259.385000000000189
259.532000000000189
259.668000000000189
259.821000000000189
259.962000000000189
260.079000000000189
260.59600000000019
260.73100000000019
260.87800000000019
261.01300000000019
261.14500000000019
261.27800000000019
261.40300000000019
261.540000000000191
261.704000000000191
261.845000000000191
261.997000000000191
262.139000000000191
262.284000000000191
262.419000000000191
262.540000000000192
262.695000000000192
262.844000000000192
262.994000000000192
263.144000000000192
263.288000000000192
263.424000000000192
263.557000000000192
267.510000000000196
267.650000000000196
267.668000000000196
267.793000000000196
267.943000000000196
268.078000000000196
268.207000000000197
268.337000000000197
268.522000000000197
268.663000000000197
268.903000000000197
269.056000000000197
269.228000000000197
269.730000000000198
270.081000000000198
270.234000000000198
270.384000000000198
270.433000000000199
270.500000000000199
342.012000000000262
342.204000000000262
342.343000000000262
342.482000000000263
342.626000000000263
342.762000000000263
342.899000000000263
343.048000000000263
343.181000000000263
343.315000000000263
343.446000000000263
343.569000000000264
343.689000000000264
343.846000000000264
343.981000000000264
344.121000000000264
344.280000000000264
344.446000000000264
344.569000000000264
344.579000000000264
344.697000000000264
344.716000000000264
344.845000000000265
344.891000000000265
345.030000000000265
345.160000000000265
345.314000000000265
345.466000000000265
345.605000000000265
345.745000000000265
346.290000000000266
346.422000000000266
346.565000000000266
346.834000000000266
346.964000000000266
347.096000000000267
347.247000000000267
347.391000000000267
348.523000000000268
348.575000000000268
349.491000000000269
349.649000000000269
349.803000000000269
349.960000000000269
350.105000000000269
350.247000000000269
350.38300000000027
350.54800000000027
350.69000000000027
350.84600000000027
351.561000000000271
351.623000000000271
351.914000000000271
352.094000000000271
352.239000000000271
352.385000000000271
352.544000000000271
352.697000000000272
352.850000000000272
353.010000000000272
353.146000000000272
353.314000000000272
355.306000000000274
355.434000000000274
355.567000000000274
355.709000000000274
355.844000000000274
356.462000000000275
356.603000000000275
356.736000000000275
357.572000000000276
357.729000000000276
357.893000000000276
358.060000000000276
358.938000000000277
358.994000000000277
365.338000000000283
365.587000000000283
365.744000000000283
365.876000000000283
366.023000000000283
366.159000000000284
368.983000000000286
369.141000000000286
369.275000000000286
369.604000000000287
369.746000000000287
369.888000000000287
370.026000000000287
370.164000000000287
370.313000000000287
370.451000000000287
486.25800000000039
486.36600000000039
486.48000000000039
523.129000000000423
659.747000000000544
659.884000000000544
660.011000000000544
660.143000000000545
660.272000000000545
660.405000000000545
660.523000000000545
660.651000000000545
660.773000000000545
660.898000000000545
661.027000000000545
661.149000000000546
661.276000000000546
661.412000000000546
661.533000000000546
661.681000000000546
661.807000000000546
662.214000000000546
662.380000000000547
662.503000000000547
662.631000000000547
662.774000000000547
662.917000000000547
663.049000000000547
663.180000000000547
663.328000000000548
663.454000000000548
663.582000000000548
663.721000000000548
663.862000000000548
664.006000000000548
664.138000000000548
664.281000000000548
664.403000000000548
664.547000000000549
664.677000000000549
665.412000000000549
665.558000000000549
665.69400000000055
666.43100000000055
666.48600000000055
666.62200000000055
666.78700000000055
666.925000000000551
667.070000000000551
667.220000000000551
667.343000000000551
667.373000000000551
667.471000000000551
667.745000000000551
667.893000000000552
668.066000000000552
668.229000000000552
668.391000000000552
668.524000000000552
668.638000000000552
668.783000000000552
668.942000000000552
669.110000000000553
669.252000000000553
669.420000000000553
669.557000000000553
669.706000000000553
670.158000000000554
670.350000000000554
670.490000000000554
670.607000000000554
671.376000000000555
671.546000000000555
671.702000000000555
671.847000000000555
671.999000000000555
672.123000000000555
672.270000000000555
672.421000000000556
672.562000000000556
672.741000000000556
672.770000000000556
672.890000000000556
673.044000000000556
673.184000000000556
673.329000000000556
673.473000000000556
673.607000000000557
673.778000000000557
673.930000000000557
674.061000000000557
674.208000000000557
674.649000000000558
674.806000000000558
675.292000000000558
675.376000000000558
675.979000000000559
676.346000000000559
676.507000000000559
676.671000000000559
676.82900000000056
676.97900000000056
677.12800000000056
677.28400000000056
677.42000000000056
677.54500000000056
677.84200000000056
678.00000000000056
678.172000000000561
678.335000000000561
678.482000000000561
678.615000000000561
678.756000000000561
678.910000000000561
679.055000000000561
689.15900000000057
689.28300000000057
689.439000000000571
689.580000000000571
689.692000000000571
690.733000000000572
690.860000000000572
691.236000000000572
691.375000000000572
691.526000000000572
691.664000000000573
691.814000000000573
691.966000000000573
692.098000000000573
692.696000000000574
692.881000000000574
693.532000000000574
693.659000000000574
693.800000000000575
693.938000000000575
694.074000000000575
694.206000000000575
694.344000000000575
694.502000000000575
694.663000000000575
694.796000000000575
695.065000000000576
695.194000000000576
695.349000000000576
695.504000000000576
695.668000000000576
695.819000000000576
695.944000000000576
696.082000000000577
696.207000000000577
696.324000000000577
696.479000000000577
696.630000000000577
696.777000000000577
696.899000000000577
697.057000000000577
697.204000000000578
697.338000000000578
697.481000000000578
697.614000000000578
697.777000000000578
697.909000000000578
698.804000000000579
698.947000000000579
699.083000000000579
699.227000000000579
699.361000000000579
699.48300000000058
699.90800000000058
700.06600000000058
700.08600000000058
700.25000000000058
700.38100000000058
700.50200000000058
700.658000000000581
700.826000000000581
701.005000000000581
701.140000000000581
701.418000000000581
701.600000000000582
701.763000000000582
702.506000000000582
702.662000000000582
702.830000000000583
702.974000000000583
703.105000000000583
703.237000000000583
703.390000000000583
703.568000000000583
703.700000000000583
703.829000000000583
704.007000000000584
704.154000000000584
704.314000000000584
704.464000000000584
704.725000000000584
704.764000000000584
704.916000000000584
705.065000000000584
705.211000000000585
705.357000000000585
705.493000000000585
705.633000000000585
705.762000000000585
817.984000000000685
818.115000000000685
818.257000000000685
818.391000000000685
818.519000000000685
818.620000000000685
819.017000000000686
819.157000000000686
819.290000000000686
819.418000000000686
819.548000000000686
819.668000000000686
819.821000000000686
819.947000000000687
820.083000000000687
820.211000000000687
820.349000000000687
820.469000000000687
820.597000000000687
820.730000000000687
820.842000000000687
820.982000000000688
821.142000000000688
821.270000000000688
821.818000000000688
821.953000000000688
822.102000000000688
822.249000000000689
822.410000000000689
822.542000000000689
822.696000000000689
822.815000000000689
822.937000000000689
823.123000000000689
823.23900000000069
936.27800000000079
936.41400000000079
936.55300000000079
936.69300000000079
936.83900000000079
936.982000000000791
937.109000000000791
937.255000000000791
937.387000000000791
937.509000000000791
937.657000000000791
937.803000000000791
937.924000000000791
938.069000000000791
938.201000000000792
938.348000000000792
938.479000000000792
938.607000000000792
938.749000000000792
938.866000000000792
938.986000000000792
939.106000000000792
939.247000000000793
939.376000000000793
939.520000000000793
939.655000000000793
939.793000000000793
940.008000000000793
940.090000000000793
940.252000000000793
940.381000000000794
941.124000000000794
941.279000000000794
941.424000000000794
941.567000000000795
941.683000000000795
941.809000000000795
941.951000000000795
942.091000000000795
942.251000000000795
942.381000000000795
942.583000000000796
942.647000000000796
942.781000000000796
942.932000000000796
943.052000000000796
943.509000000000796
943.673000000000796
943.806000000000797
943.960000000000797
944.086000000000797
944.223000000000797
944.401000000000797
944.530000000000797
944.653000000000797
944.797000000000797
944.953000000000798
945.134000000000798
945.268000000000798
945.442000000000798
945.573000000000798
945.705000000000798
946.355000000000799
946.520000000000799
946.682000000000799
946.924000000000799
947.079000000000799
947.6970000000008
947.8090000000008
947.9580000000008
948.1190000000008
948.253000000000801
948.712000000000801
948.857000000000801
949.006000000000801
949.141000000000801
949.281000000000801
949.413000000000802
949.747000000000802
951.979000000000804
952.124000000000804
952.285000000000804
967.008000000000817
967.140000000000817
967.290000000000818
967.459000000000818
967.592000000000818
967.871000000000818
967.998000000000818
969.207000000000819
969.369000000000819
969.529000000000819
969.61300000000082
969.79900000000082
970.05500000000082
970.20500000000082
970.36200000000082
970.50800000000082
970.65300000000082
970.79800000000082
970.942000000000821
971.061000000000821
971.333000000000821
971.476000000000821
971.614000000000821
971.754000000000821
971.879000000000822
972.038000000000822
972.212000000000822
972.340000000000822
972.450000000000822
972.865000000000822
973.021000000000822
973.187000000000823
973.327000000000823
973.506000000000823
973.626000000000823
973.955000000000823
974.084000000000824
974.202000000000824
974.339000000000824
974.474000000000824
974.607000000000824
974.779000000000824
975.034000000000824
975.229000000000824
975.353000000000825
975.479000000000825
975.612000000000825
975.760000000000825
975.887000000000825
976.026000000000825
976.162000000000825
976.286000000000825
976.437000000000826
976.583000000000826
976.733000000000826
976.863000000000826
977.047000000000826
977.179000000000826
977.297000000000826
977.600000000000827
977.780000000000827
977.935000000000827
978.051000000000827
978.174000000000827
978.615000000000828
978.765000000000828
978.910000000000828
979.068000000000828
979.215000000000828
979.377000000000828
979.506000000000828
979.641000000000828
979.771000000000828
980.052000000000829
980.184000000000829
980.335000000000829
980.507000000000829
980.649000000000829
980.825000000000829
980.95800000000083
981.10400000000083
981.25900000000083
981.38200000000083
981.51400000000083
981.64700000000083
982.00000000000083
982.494000000000831
982.660000000000831
982.788000000000831
982.932000000000831
983.056000000000831
994.184000000000841
994.321000000000841
994.464000000000842
1121.96100000000095
1136.00300000000097
1136.12900000000097
1136.24500000000097
1136.59200000000097
1136.71300000000097
1136.85000000000097
1136.98600000000097
1137.13600000000097
1137.30300000000097
1137.43800000000097
1137.56400000000097
1137.69700000000097
1137.81900000000097
1137.98300000000097
1138.11400000000097
1138.23200000000097
1138.35600000000097
1138.47700000000097
1138.60500000000097
1138.77100000000097
1138.89000000000097
1139.01300000000097
1139.13900000000097
1139.26600000000097
1139.39900000000097
1139.53200000000097
1139.67300000000097
1139.80000000000097
1139.92700000000097
1140.04500000000097
1140.18600000000097
1140.30900000000097
1140.44000000000097
1140.58200000000097
1140.72300000000097
1140.85500000000097
1140.98200000000097
1141.11500000000097
1141.27200000000097
1141.40000000000097
1141.54100000000097
1141.70200000000097
1141.82800000000097
1141.95800000000097
1142.09800000000097
1142.24100000000097
1142.37000000000097
1142.72400000000097
1142.85200000000097
1142.98300000000097
1143.11000000000097
1143.25900000000097
1143.38700000000097
1143.50200000000097
1143.63900000000097
1144.28100000000097
1144.45500000000097
1144.62000000000097
1144.72800000000098
1144.88700000000098
1145.00700000000098
1145.14700000000098
1145.26900000000098
1145.40500000000098
1145.70300000000098
1145.84600000000098
1145.98700000000098
1146.15600000000098
1146.31400000000098
1146.45100000000098
1146.59800000000098
1146.72800000000098
1146.86300000000098
1146.99700000000098
1147.13500000000098
1147.25800000000098
1147.38500000000098
1147.55300000000098
1147.72300000000098
1148.25100000000098
1148.38100000000098
1148.51400000000098
1148.64200000000098
1148.77800000000098
1148.90500000000098
1149.05400000000098
1149.21200000000098
1149.33600000000098
1149.47400000000098
1149.60000000000098
1149.74000000000098
1149.90700000000098
1150.04600000000098
1150.17300000000098
1150.33000000000098
1150.45700000000098
1150.93100000000098
1151.06400000000098
1151.22200000000098
1153.71400000000098
1153.86100000000098
1153.99600000000098
1154.29500000000098
1154.44500000000098
1154.58300000000098
1154.63700000000098
1154.71000000000098
1154.85800000000098
1154.98600000000098
1155.04700000000098
1155.13100000000098
1155.26700000000098
1155.33000000000098
1155.39300000000098
1155.43000000000098
1155.55000000000098
1155.61600000000098
1155.68000000000098
1155.81600000000098
1155.98900000000098
1156.12200000000099
1156.26000000000099
1156.38600000000099
1156.53300000000099
1156.66600000000099
1156.79800000000099
1156.93200000000099
1157.08400000000099
1157.22400000000099
1157.36600000000099
1157.63900000000099
1157.77700000000099
1157.90000000000099
1158.03400000000099
1158.16700000000099
1158.33400000000099
1158.45600000000099
1159.95300000000099
1160.24600000000099
1160.39400000000099
1267.23600000000108
1267.36400000000108
1267.47400000000108
1272.04200000000109
1326.21400000000114
1326.25900000000114
1469.08400000000126
1469.21000000000126
1471.42800000000127
1471.56600000000127
1471.69900000000127
1471.82100000000127
1471.94200000000127
1472.07100000000127
1472.20300000000127
1472.33000000000127
1472.45200000000127
1472.58800000000127
1472.70200000000127
1472.84000000000127
1472.97300000000127
1473.10000000000127
1473.22900000000127
1473.35400000000127
1473.51700000000127
1473.68800000000127
1473.80600000000127
1473.93600000000127
1474.06500000000127
1474.18800000000127
1474.35500000000127
1474.48300000000127
1474.63000000000127
1474.76500000000127
1474.90300000000127
1475.04000000000127
1475.17100000000127
1476.10700000000127
1479.23600000000127
1480.97400000000127
1481.98900000000127
1482.38000000000127
1482.53100000000128
1482.69500000000128
1482.81900000000128
1682.72300000000145
1682.78600000000145
1689.71700000000146
1689.83500000000146
2485.94599999995354
2590.54699999994202
2591.51899999994192
2592.40099999994182
2592.53299999994181
2594.34499999994161
2594.52399999994159
2641.49899999993641
0
0
0
0
0
0
0
0
0
0
0
0
0
3600.00099999983085
0
0
0
0
0
0
