8
18
19
8
18
19
IPP1.16
test5
0
4
12
05
20
13
06
17
22
4
.3
1
1462
1462
1
728
728
1
1
1
1
1
1
1
1
1
1
1
1
1
1
1
1
1
1
1
1
1461
-1
3.88200000000000007
4.01000000000000007
4.13700000000000007
4.27100000000000008
4.39900000000000008
4.53500000000000008
4.66700000000000008
4.79800000000000009
4.92500000000000009
5.05600000000000009
5.2000000000000001
5.3300000000000001
5.4640000000000001
5.5930000000000001
5.73900000000000011
5.87600000000000011
6.01900000000000011
6.15600000000000012
6.29800000000000012
6.44300000000000012
6.58600000000000012
6.72800000000000013
6.86700000000000013
7.02300000000000013
7.16700000000000014
7.30700000000000014
7.45100000000000014
7.59900000000000014
7.74400000000000015
7.90300000000000015
8.04600000000000015
8.18900000000000016
8.34600000000000016
8.49700000000000016
8.65600000000000017
8.77600000000000017
8.93000000000000017
9.07800000000000018
9.24000000000000018
9.38100000000000018
9.54500000000000019
9.69200000000000019
9.84000000000000019
10.0050000000000002
10.1580000000000002
10.3030000000000002
10.4760000000000002
10.61300000000000021
10.76800000000000021
10.93200000000000021
11.08200000000000022
11.22500000000000022
11.39600000000000022
11.54800000000000023
11.71500000000000023
11.87000000000000023
12.01900000000000024
12.17900000000000024
12.33300000000000024
12.48500000000000025
12.64200000000000025
12.79900000000000025
12.94600000000000026
13.11200000000000026
13.26700000000000026
13.43600000000000027
13.58100000000000027
13.74300000000000027
13.90700000000000028
14.06400000000000028
14.22200000000000028
14.37900000000000029
14.54400000000000029
14.69500000000000029
14.8530000000000003
15.0310000000000003
15.1880000000000003
15.34000000000000031
15.50500000000000031
15.64500000000000031
15.81800000000000032
15.96600000000000032
16.1050000000000002
16.2630000000000001
16.4419999999999999
16.5929999999999998
16.7509999999999997
16.9219999999999995
17.0899999999999994
17.2569999999999993
17.4369999999999991
17.603999999999999
18.2259999999999984
18.3749999999999983
18.5269999999999982
18.700999999999998
18.8459999999999979
18.9999999999999978
19.1519999999999977
19.3249999999999975
19.4809999999999974
19.6429999999999972
19.8189999999999971
19.9829999999999969
20.1429999999999968
20.3069999999999967
20.4759999999999965
20.6389999999999964
20.7919999999999963
20.9529999999999961
21.128999999999996
21.2839999999999958
21.4479999999999957
21.6139999999999956
21.7799999999999954
21.9469999999999953
22.1059999999999952
22.262999999999995
22.4289999999999949
22.5979999999999947
22.7569999999999946
22.9129999999999945
23.0689999999999943
26.2909999999999916
26.4229999999999915
26.5659999999999914
26.7159999999999912
26.8659999999999911
27.019999999999991
27.1739999999999909
27.3289999999999907
27.4819999999999906
27.6439999999999905
27.8069999999999903
27.9699999999999902
28.13599999999999
28.2909999999999899
28.4539999999999898
28.6259999999999896
28.7899999999999895
28.9489999999999894
29.1079999999999892
29.2799999999999891
29.4369999999999889
29.6019999999999888
29.7779999999999887
29.9399999999999885
30.0949999999999884
30.2539999999999883
30.4099999999999881
30.567999999999988
30.7309999999999878
30.8849999999999877
31.0399999999999876
31.1949999999999875
31.3519999999999873
31.5079999999999872
31.6579999999999871
31.8249999999999869
31.9779999999999868
32.1229999999999869
33.8059999999999884
33.9219999999999885
34.0789999999999886
34.2409999999999888
34.4119999999999889
34.5659999999999891
34.7269999999999892
34.8679999999999893
35.0289999999999895
37.0059999999999912
37.1329999999999913
37.2769999999999915
37.4299999999999916
37.5879999999999917
37.7369999999999919
37.907999999999992
38.0639999999999922
38.2219999999999923
38.3779999999999924
38.5429999999999926
38.7129999999999927
38.8839999999999929
39.045999999999993
39.2119999999999932
39.3849999999999933
39.5489999999999935
39.7089999999999936
39.8629999999999938
40.0149999999999939
40.171999999999994
40.3389999999999942
40.5049999999999943
40.6629999999999945
40.8239999999999946
40.9829999999999948
41.1559999999999949
41.315999999999995
41.4839999999999952
41.6479999999999953
41.8089999999999955
41.9729999999999956
42.1459999999999958
42.3129999999999959
42.4869999999999961
42.6589999999999962
42.8179999999999964
42.9759999999999965
43.1359999999999967
43.3139999999999968
43.470999999999997
43.6309999999999971
43.7979999999999973
44.1189999999999975
44.2639999999999977
44.4269999999999978
44.586999999999998
44.7499999999999981
44.9069999999999982
45.0709999999999984
45.2559999999999985
45.4079999999999987
45.5639999999999988
45.730999999999999
45.8889999999999991
46.0559999999999993
46.2199999999999994
48.3550000000000013
48.4920000000000014
48.6250000000000015
48.7710000000000017
48.9400000000000018
49.101000000000002
49.2600000000000021
49.4730000000000023
49.6030000000000024
49.7450000000000025
49.8990000000000027
50.0610000000000028
50.218000000000003
50.3750000000000031
50.5380000000000032
50.7010000000000034
50.8600000000000035
51.0260000000000037
51.1870000000000038
51.354000000000004
51.5160000000000041
51.6870000000000043
51.8600000000000044
52.0250000000000046
52.1820000000000047
52.3510000000000048
52.513000000000005
52.6710000000000051
52.8260000000000053
52.9920000000000054
53.1510000000000056
53.3130000000000057
53.4530000000000058
53.634000000000006
53.7960000000000061
53.9620000000000063
54.1340000000000064
54.2870000000000066
54.4570000000000067
54.6290000000000069
54.796000000000007
54.9540000000000072
55.1160000000000073
55.2780000000000074
55.4440000000000076
55.6240000000000078
55.7900000000000079
55.9600000000000081
56.1260000000000082
56.2910000000000083
56.4710000000000085
56.6410000000000087
56.8060000000000088
56.967000000000009
57.1350000000000091
57.3080000000000093
57.4710000000000094
57.6270000000000095
57.7910000000000097
57.9670000000000098
58.13000000000001
58.2860000000000101
58.4430000000000103
58.6070000000000104
58.7840000000000106
58.9430000000000107
59.1040000000000108
78.6770000000000282
78.8630000000000284
78.9720000000000285
79.0900000000000286
79.2230000000000287
79.3670000000000288
79.510000000000029
79.6560000000000291
79.8040000000000292
79.9590000000000294
80.1040000000000295
80.2580000000000296
80.4080000000000298
80.5650000000000299
80.71800000000003
80.8670000000000302
81.0160000000000303
81.1650000000000304
81.3340000000000306
81.4840000000000307
81.6280000000000309
81.783000000000031
81.9430000000000311
82.0960000000000313
82.2410000000000314
82.3970000000000315
82.5470000000000317
82.6980000000000318
82.872000000000032
83.0290000000000321
83.1800000000000322
83.3340000000000324
83.4890000000000325
83.6570000000000327
83.8110000000000328
83.9750000000000329
84.1510000000000331
84.2990000000000332
84.4560000000000334
84.6190000000000335
84.7880000000000337
84.9400000000000338
85.0900000000000339
85.2520000000000341
85.4260000000000342
85.5860000000000344
85.7390000000000345
85.8930000000000346
86.0430000000000348
86.1930000000000349
86.351000000000035
86.5140000000000352
86.6870000000000353
86.9980000000000356
87.1570000000000358
87.3080000000000359
87.463000000000036
87.6280000000000362
87.7830000000000363
87.9400000000000365
88.0880000000000366
88.2510000000000367
88.4090000000000369
88.552000000000037
88.7120000000000371
88.8700000000000373
89.4450000000000378
89.5850000000000379
89.735000000000038
89.9000000000000382
90.0750000000000384
90.2400000000000385
90.4050000000000386
90.5680000000000388
90.7410000000000389
91.4950000000000396
91.6380000000000397
91.7890000000000399
91.96300000000004
92.1320000000000402
92.2960000000000403
92.4580000000000405
92.6270000000000406
92.7970000000000408
92.9570000000000409
93.1220000000000411
93.2860000000000412
93.4570000000000414
93.6360000000000415
93.7910000000000417
93.9540000000000418
94.4670000000000423
95.0890000000000428
95.2250000000000429
95.3980000000000431
95.5620000000000432
95.7160000000000434
95.8760000000000435
96.0480000000000437
96.2190000000000438
96.390000000000044
96.4940000000000441
96.5680000000000441
96.7510000000000443
96.9440000000000445
97.1310000000000446
97.576000000000045
97.7570000000000452
97.9210000000000453
98.1220000000000455
98.3930000000000457
98.5180000000000459
98.646000000000046
99.0590000000000463
99.1820000000000464
99.3040000000000466
99.6600000000000469
99.788000000000047
99.9550000000000471
100.1060000000000473
121.3660000000000662
121.4600000000000662
121.6850000000000664
122.4510000000000671
122.7960000000000674
123.1770000000000678
123.5990000000000681
123.9360000000000684
124.2940000000000688
124.7250000000000691
124.8270000000000692
124.9230000000000693
125.1040000000000695
125.1960000000000696
125.3480000000000697
125.4560000000000698
126.2740000000000705
126.3930000000000706
126.6310000000000708
126.7580000000000709
126.888000000000071
127.0320000000000712
127.1770000000000713
127.3320000000000714
127.4930000000000716
127.6580000000000717
127.8210000000000719
127.992000000000072
128.159000000000072
128.339000000000072
128.507000000000072
128.662000000000073
128.829000000000073
131.089000000000075
131.292000000000075
131.732000000000075
131.838000000000075
132.037000000000076
132.204000000000076
132.447000000000076
132.567000000000076
132.799000000000076
133.174000000000077
133.522000000000077
134.265000000000078
181.225000000000119
181.89700000000012
182.40000000000012
182.52400000000012
182.652000000000121
182.792000000000121
182.937000000000121
183.084000000000121
183.238000000000121
183.587000000000121
183.651000000000121
184.316000000000122
184.462000000000122
184.596000000000122
184.814000000000122
188.997000000000126
233.171000000000165
233.442000000000166
283.04200000000021
285.090000000000212
285.463000000000212
286.942000000000213
287.103000000000213
287.226000000000213
287.404000000000214
287.551000000000214
287.684000000000214
287.721000000000214
287.853000000000214
288.203000000000214
288.328000000000214
289.397000000000215
337.824000000000258
348.093000000000268
348.204000000000268
465.919000000000372
466.115000000000372
466.383000000000373
466.669000000000373
467.016000000000373
467.313000000000373
467.480000000000374
467.985000000000374
468.353000000000374
468.656000000000375
468.850000000000375
468.977000000000375
469.375000000000375
469.653000000000375
470.114000000000376
470.288000000000376
470.473000000000376
470.642000000000376
470.811000000000376
470.978000000000377
471.183000000000377
471.392000000000377
471.585000000000377
471.771000000000377
471.885000000000377
472.027000000000378
472.351000000000378
472.509000000000378
472.663000000000378
472.823000000000378
473.000000000000378
473.175000000000379
473.355000000000379
473.587000000000379
473.721000000000379
474.22800000000038
474.36000000000038
474.55700000000038
474.68800000000038
474.87700000000038
475.06100000000038
475.442000000000381
475.554000000000381
475.729000000000381
475.890000000000381
476.048000000000381
476.986000000000382
477.156000000000382
477.298000000000382
477.437000000000382
484.685000000000389
484.821000000000389
484.890000000000389
485.212000000000389
493.507000000000397
493.653000000000397
493.894000000000397
496.362000000000399
496.489000000000399
497.0770000000004
497.5750000000004
497.7100000000004
497.845000000000401
497.999000000000401
499.047000000000402
499.208000000000402
500.445000000000403
511.649000000000413
526.019000000000426
537.712000000000436
537.828000000000436
537.882000000000436
537.912000000000436
539.380000000000437
545.120000000000442
545.226000000000443
568.872000000000464
568.944000000000464
569.234000000000464
569.391000000000464
584.695000000000478
584.793000000000478
593.069000000000485
593.167000000000485
593.281000000000485
604.623000000000495
604.695000000000495
604.798000000000496
604.929000000000496
610.2880000000005
618.213000000000507
625.925000000000514
649.861000000000536
650.087000000000536
650.245000000000536
650.372000000000536
650.535000000000536
650.721000000000536
650.899000000000536
651.059000000000537
651.217000000000537
651.382000000000537
651.688000000000537
652.176000000000538
652.344000000000538
652.473000000000538
652.505000000000538
652.668000000000538
666.15000000000055
666.29200000000055
666.43800000000055
666.806000000000551
667.465000000000551
668.445000000000552
668.622000000000552
668.783000000000552
668.944000000000552
669.928000000000553
669.963000000000553
670.398000000000554
672.870000000000556
673.135000000000556
673.242000000000556
673.637000000000557
673.717000000000557
673.861000000000557
674.186000000000557
674.313000000000557
674.472000000000557
674.622000000000558
675.741000000000558
675.874000000000559
676.054000000000559
676.220000000000559
676.378000000000559
676.541000000000559
676.700000000000559
676.86400000000056
677.27700000000056
677.35000000000056
677.45700000000056
677.61700000000056
677.77100000000056
677.94100000000056
678.030000000000561
678.130000000000561
678.290000000000561
678.442000000000561
678.592000000000561
678.759000000000561
678.943000000000561
679.096000000000562
679.268000000000562
679.431000000000562
679.616000000000562
679.798000000000562
679.968000000000562
680.127000000000562
680.305000000000563
680.473000000000563
680.641000000000563
680.804000000000563
680.961000000000563
681.153000000000563
681.351000000000564
681.529000000000564
681.692000000000564
681.860000000000564
682.035000000000564
682.230000000000564
682.416000000000564
682.596000000000565
682.702000000000565
682.807000000000565
682.981000000000565
683.144000000000565
683.308000000000565
683.390000000000565
683.519000000000565
683.709000000000566
683.881000000000566
683.972000000000566
684.081000000000566
684.264000000000566
684.441000000000566
684.613000000000566
684.781000000000566
685.100000000000567
685.238000000000567
685.399000000000567
685.573000000000567
685.762000000000567
685.945000000000568
686.136000000000568
686.295000000000568
686.460000000000568
686.623000000000568
686.795000000000568
686.882000000000568
687.033000000000568
687.202000000000569
687.365000000000569
687.530000000000569
687.715000000000569
687.912000000000569
688.12400000000057
688.30000000000057
688.47000000000057
688.63400000000057
688.80200000000057
688.97500000000057
689.13900000000057
689.334000000000571
689.549000000000571
689.729000000000571
689.901000000000571
690.067000000000571
690.247000000000571
690.423000000000572
690.608000000000572
690.784000000000572
690.951000000000572
691.113000000000572
691.305000000000572
691.407000000000572
691.542000000000572
691.726000000000573
691.914000000000573
692.080000000000573
693.887000000000575
693.993000000000575
694.158000000000575
694.391000000000575
694.540000000000575
694.713000000000575
694.883000000000576
695.076000000000576
695.273000000000576
695.464000000000576
695.645000000000576
695.834000000000576
696.023000000000576
696.267000000000577
696.433000000000577
696.593000000000577
696.757000000000577
696.947000000000577
697.148000000000578
697.334000000000578
697.523000000000578
697.721000000000578
698.031000000000578
698.175000000000578
698.374000000000579
698.575000000000579
698.736000000000579
698.954000000000579
699.149000000000579
699.335000000000579
699.51800000000058
699.70700000000058
699.88100000000058
700.05600000000058
700.25600000000058
700.45300000000058
700.651000000000581
700.832000000000581
700.999000000000581
701.167000000000581
701.369000000000581
701.571000000000581
701.765000000000582
701.946000000000582
702.144000000000582
702.326000000000582
702.517000000000582
702.712000000000582
702.898000000000583
703.093000000000583
703.287000000000583
703.480000000000583
703.653000000000583
703.838000000000583
704.040000000000584
704.242000000000584
704.439000000000584
704.637000000000584
704.831000000000584
705.012000000000584
705.140000000000585
705.254000000000585
705.451000000000585
705.661000000000585
705.853000000000585
706.477000000000586
706.614000000000586
706.814000000000586
706.999000000000586
707.186000000000586
707.378000000000587
707.586000000000587
707.783000000000587
707.891000000000587
708.272000000000587
708.351000000000587
708.637000000000588
708.757000000000588
708.858000000000588
709.014000000000588
709.184000000000588
709.299000000000588
709.438000000000588
709.620000000000589
709.811000000000589
710.007000000000589
710.176000000000589
710.357000000000589
710.547000000000589
710.70100000000059
710.89700000000059
711.67800000000059
711.69700000000059
712.402000000000591
712.533000000000591
712.678000000000591
712.834000000000591
712.998000000000592
713.192000000000592
713.335000000000592
713.514000000000592
713.679000000000592
713.832000000000592
713.998000000000592
714.097000000000593
714.401000000000593
715.139000000000594
715.634000000000594
748.060000000000623
748.214000000000623
748.304000000000623
748.484000000000623
748.637000000000623
749.002000000000624
750.521000000000625
751.885000000000626
752.016000000000626
754.862000000000629
755.013000000000629
755.138000000000629
755.502000000000629
755.81400000000063
756.17000000000063
756.53000000000063
756.85600000000063
757.210000000000631
757.351000000000631
757.493000000000631
757.664000000000631
757.829000000000631
757.991000000000632
758.641000000000632
758.811000000000632
759.186000000000633
759.856000000000633
760.179000000000634
761.667000000000635
761.989000000000635
762.138000000000635
762.492000000000636
762.650000000000636
762.941000000000636
763.937000000000637
764.254000000000637
764.491000000000637
764.530000000000637
765.255000000000638
765.928000000000639
772.331000000000644
798.768000000000668
798.881000000000668
799.014000000000668
799.117000000000668
799.284000000000668
799.437000000000668
799.615000000000668
799.789000000000669
799.969000000000669
800.175000000000669
801.60500000000067
801.76100000000067
802.224000000000671
802.441000000000671
802.583000000000671
802.737000000000671
802.889000000000671
803.944000000000672
812.07000000000068
812.21700000000068
812.22600000000068
812.31800000000068
812.48300000000068
812.60600000000068
812.76200000000068
812.92100000000068
813.05900000000068
813.19400000000068
813.523000000000681
813.678000000000681
813.860000000000681
815.941000000000683
816.224000000000683
816.572000000000684
816.828000000000684
817.139000000000684
817.582000000000684
817.790000000000685
817.921000000000685
820.169000000000687
820.372000000000687
820.387000000000687
820.504000000000687
822.353000000000689
822.474000000000689
822.940000000000689
823.24000000000069
835.4970000000007
835.740000000000701
835.922000000000701
836.075000000000701
836.417000000000701
836.778000000000702
836.959000000000702
849.013000000000712
849.296000000000713
849.463000000000713
849.563000000000713
849.686000000000713
849.887000000000713
849.994000000000713
850.109000000000713
850.234000000000714
850.373000000000714
850.513000000000714
850.669000000000714
850.814000000000714
850.979000000000714
851.530000000000715
851.880000000000715
852.141000000000715
852.281000000000715
852.421000000000715
852.576000000000716
852.714000000000716
852.879000000000716
852.964000000000716
853.056000000000716
853.224000000000716
853.381000000000716
853.550000000000716
853.707000000000717
854.155000000000717
854.327000000000717
854.490000000000717
854.656000000000717
854.816000000000718
854.970000000000718
855.069000000000718
855.178000000000718
855.351000000000718
855.517000000000718
855.691000000000718
856.316000000000719
856.466000000000719
856.631000000000719
856.803000000000719
856.987000000000719
857.17200000000072
857.35700000000072
858.842000000000721
858.968000000000721
859.107000000000721
859.305000000000722
859.498000000000722
859.861000000000722
859.878000000000722
859.897000000000722
889.080000000000748
889.313000000000748
889.473000000000748
889.555000000000748
889.669000000000748
889.806000000000749
889.915000000000749
890.149000000000749
890.303000000000749
890.744000000000749
890.94100000000075
891.46800000000075
891.81500000000075
891.99400000000075
892.184000000000751
892.195000000000751
892.348000000000751
892.540000000000751
892.907000000000751
893.123000000000752
893.288000000000752
893.454000000000752
893.773000000000752
893.955000000000752
895.847000000000754
895.966000000000754
896.087000000000754
896.226000000000754
897.140000000000755
897.265000000000755
897.427000000000755
897.557000000000756
897.694000000000756
897.823000000000756
897.957000000000756
898.086000000000756
898.217000000000756
898.369000000000756
898.500000000000756
898.650000000000756
899.087000000000757
899.231000000000757
899.752000000000757
900.005000000000758
900.159000000000758
900.327000000000758
900.465000000000758
900.608000000000758
900.747000000000758
900.828000000000758
900.904000000000758
901.059000000000759
901.228000000000759
901.400000000000759
901.579000000000759
901.687000000000759
902.04100000000076
902.13200000000076
902.22600000000076
902.45900000000076
902.57600000000076
903.14200000000076
903.290000000000761
903.621000000000761
903.690000000000761
903.816000000000761
903.926000000000761
904.030000000000761
904.291000000000762
904.381000000000762
904.803000000000762
905.139000000000762
905.388000000000762
905.491000000000763
905.589000000000763
905.885000000000763
906.000000000000763
906.447000000000763
906.588000000000764
906.742000000000764
906.889000000000764
907.041000000000764
907.201000000000764
907.851000000000765
907.925000000000765
908.142000000000765
910.668000000000767
910.802000000000767
910.964000000000767
911.066000000000768
911.144000000000768
911.274000000000768
911.809000000000768
912.362000000000769
912.983000000000769
913.117000000000769
913.255000000000769
913.40600000000077
913.55700000000077
913.74200000000077
913.92900000000077
914.16900000000077
914.37000000000077
914.497000000000771
917.470000000000773
917.641000000000773
918.860000000000774
920.562000000000776
920.655000000000776
920.779000000000776
921.081000000000776
921.303000000000777
921.411000000000777
921.534000000000777
921.787000000000777
922.048000000000777
922.122000000000777
922.350000000000778
922.549000000000778
922.681000000000778
922.822000000000778
922.911000000000778
922.988000000000778
1092.32300000000093
1098.56200000000093
1098.66700000000093
1098.96500000000093
1099.76800000000094
1099.87900000000094
1100.00500000000094
1120.39600000000095
1121.64200000000095
1121.90800000000095
1122.17600000000095
1122.43300000000096
1122.56900000000096
1122.72600000000096
1129.20100000000096
1165.30400000000099
1167.01600000000099
1167.218000000001
1167.876000000001
1168.011000000001
1170.695000000001
1170.799000000001
1178.92500000000101
1179.56300000000101
1183.26200000000101
1183.41700000000101
1183.55000000000101
1183.68000000000101
1183.78000000000101
1184.12200000000101
1184.35500000000101
1184.73600000000101
1185.12500000000101
1185.24900000000101
1185.38700000000101
1185.62100000000101
1185.93300000000101
1186.05500000000101
1186.19500000000101
1186.34800000000101
1186.50300000000101
1196.11300000000102
1197.09500000000102
1197.39300000000102
1197.77100000000102
1197.90700000000102
1198.02600000000102
1198.18100000000102
1198.51500000000102
1198.73100000000102
1198.85500000000102
1198.98700000000102
1199.16000000000102
1199.30200000000102
1199.47400000000102
1199.80700000000102
1200.05100000000102
1200.38700000000102
1200.52200000000102
1200.65300000000102
1200.79600000000102
1200.95100000000102
1201.11000000000102
1201.27700000000103
1201.44800000000103
1247.63500000000107
1297.90800000000111
1298.29900000000111
1298.69500000000111
1299.10200000000111
1299.37900000000111
1299.62900000000111
1299.97200000000111
1370.17600000000118
1370.34200000000118
1370.53000000000118
1370.66700000000118
1370.85000000000118
1371.01100000000118
1371.20300000000118
1371.36800000000118
1371.53400000000118
1371.71400000000118
1373.16900000000118
1373.33300000000118
1373.34000000000118
1373.90900000000118
1374.93500000000118
1375.30900000000118
1382.98900000000119
1383.16000000000119
1476.25700000000127
1497.44500000000129
1497.62600000000129
1497.94000000000129
1498.32600000000129
1498.48600000000129
1498.70700000000129
1498.86700000000129
1499.06500000000129
1499.40500000000129
1499.41300000000129
1499.74300000000129
1499.96300000000129
1504.21200000000129
1505.4060000000013
1505.5270000000013
1505.7000000000013
1506.0480000000013
1506.0690000000013
1535.56300000000132
1535.90000000000132
1591.82400000000137
1592.02800000000137
1618.4690000000014
1646.42200000000142
1648.80000000000142
1675.38600000000145
1707.67700000000148
1707.99300000000148
1708.32400000000148
1853.5020000000016
1854.48200000000161
1863.72300000000161
1864.04000000000161
1864.17200000000161
1864.28200000000161
1864.36200000000161
1864.58600000000161
1864.70800000000161
1864.84200000000161
1865.01100000000161
1865.42200000000162
1866.00900000000162
1866.29500000000162
1866.61200000000162
1871.71200000000162
1871.83300000000162
1873.65300000000162
1910.20700000000165
1922.29300000000167
1922.43000000000167
1938.43300000000168
1938.86100000000168
1938.96400000000168
1939.11300000000168
1939.25900000000168
1939.74500000000168
1940.12700000000168
2138.47699999999181
2208.92699999998405
2209.69799999998397
2242.52299999998035
2244.05099999998019
2244.74199999998011
2245.52299999998002
2245.84899999997999
2246.12599999997996
2246.48599999997992
2250.99299999997942
2251.79199999997933
2251.93299999997932
2252.25399999997928
2254.65299999997902
2254.816999999979
2254.98599999997898
2255.17699999997896
2255.23299999997895
2255.32599999997894
2255.52499999997892
2255.89099999997888
2256.24699999997884
2258.90799999997855
2259.07799999997853
2259.23999999997851
2259.55999999997848
2259.87399999997844
2261.70199999997824
2262.02599999997821
2263.78599999997801
2263.96099999997799
2264.09099999997798
2264.60799999997792
2266.27399999997774
2266.45299999997772
2266.6059999999777
2266.74199999997769
2266.93599999997766
2267.11399999997765
2267.31099999997762
2267.46799999997761
2267.68399999997758
2267.84099999997757
2268.02299999997755
2268.20199999997753
2268.52599999997749
2268.69199999997747
2269.80599999997735
2270.53399999997727
2271.52499999997716
2271.69699999997714
2271.82299999997713
2271.99499999997711
2272.15299999997709
2273.36199999997696
2273.66499999997692
2273.8569999999769
2274.07999999997688
2274.98599999997678
2275.11399999997676
2275.85599999997668
2276.01099999997667
2277.21099999997653
2278.50099999997639
2283.19799999997587
2296.71199999997439
2303.91399999997359
2314.98399999997237
2315.36599999997233
2316.5149999999722
2316.80699999997217
2317.4259999999721
2317.4649999999721
2317.59899999997209
2317.74399999997207
2320.1919999999718
2320.57199999997176
2321.83099999997162
2333.17999999997037
2336.35199999997002
2339.52599999996967
2360.02599999996741
2368.95099999996643
2370.25099999996629
2370.32599999996628
2370.39799999996627
2372.01899999996609
2372.26099999996606
2375.66499999996569
2375.71599999996568
2376.79799999996557
2377.09299999996553
2378.3379999999654
2378.52699999996537
2379.83399999996523
2380.35199999996517
2380.70899999996513
2382.34199999996495
2383.64499999996481
2383.98599999996477
2384.6709999999647
2389.2179999999642
2393.04399999996378
2393.34099999996374
2397.53799999996328
2398.10799999996322
2398.3109999999632
2398.76699999996315
2398.97099999996312
2399.63699999996305
2400.00799999996301
2403.54799999996262
2403.60799999996261
2404.6229999999625
2405.89199999996236
2405.99199999996235
2406.51299999996229
2406.53299999996229
2406.55099999996229
2406.57299999996229
2406.58399999996228
2406.58999999996228
2407.65299999996217
2408.16199999996211
2408.48399999996208
2408.86299999996203
2422.36299999996055
2422.68599999996051
2423.01899999996047
2430.13399999995969
2430.15099999995969
2430.75699999995962
2430.85299999995961
2431.27099999995957
2435.18099999995914
2435.31399999995912
2436.22399999995902
2437.61499999995887
2458.98299999995651
2462.36199999995614
2462.40999999995614
2462.53099999995612
2463.25499999995604
2471.32899999995515
2471.92099999995509
2472.55799999995502
2473.11999999995496
2473.75699999995489
2497.98399999995222
2498.31199999995218
2498.33199999995218
2498.35099999995218
2498.41599999995217
2502.39799999995173
2502.89799999995168
2503.53799999995161
2518.35999999994997
2518.74199999994993
2518.85899999994992
2520.73399999994971
2521.39199999994964
2521.7329999999496
2522.50699999994952
2522.75899999994949
2522.77499999994949
2522.87499999994948
2523.09499999994945
2523.27299999994943
2523.29499999994943
2523.39399999994942
2523.5569999999494
2591.01199999994197
2591.75199999994189
2593.30899999994172
2600.42399999994094
2732.13499999992643
3314.63199999986228
3315.00799999986224
3315.12799999986222
3315.26299999986221
3315.71099999986216
3337.40499999985977
3337.51099999985976
3337.62199999985975
3337.71999999985974
3337.84699999985972
3338.09999999985969
3338.30999999985967
3338.52399999985965
3338.64599999985963
3339.05799999985959
3339.18499999985957
3339.32199999985956
3339.46599999985954
3339.61799999985953
3339.99999999985948
3507.47799999984104
3507.89799999984099
3507.91099999984099
3507.93599999984099
3507.94699999984099
3514.28299999984029
3524.32999999983918
3524.47599999983917
3575.10999999983359
3575.9289999998335
3576.10199999983348
3576.22599999983347
-2
3.93600000000000007
4.06700000000000007
4.20000000000000007
4.33200000000000008
4.46500000000000008
4.59700000000000008
4.72500000000000009
4.85300000000000009
4.98300000000000009
5.11900000000000009
5.2610000000000001
5.3980000000000001
5.5260000000000001
5.6640000000000001
5.80200000000000011
5.94800000000000011
6.08500000000000011
6.22800000000000012
6.36500000000000012
6.51300000000000012
6.65500000000000013
6.80100000000000013
6.94100000000000013
7.09800000000000014
7.23500000000000014
7.37700000000000014
7.52400000000000014
7.66700000000000015
7.81800000000000015
7.96900000000000015
8.11400000000000016
8.26300000000000016
8.42200000000000016
8.57000000000000017
8.72500000000000017
8.85400000000000017
8.99900000000000017
9.15100000000000018
9.30700000000000018
9.46300000000000018
9.62000000000000019
9.76200000000000019
9.91200000000000019
10.0830000000000002
10.2240000000000002
10.3800000000000002
10.54900000000000021
10.69000000000000021
10.84200000000000021
11.00500000000000022
11.15200000000000022
11.30500000000000022
11.46900000000000023
11.62300000000000023
11.79000000000000023
11.94000000000000024
12.08500000000000024
12.25400000000000024
12.40600000000000024
12.55700000000000025
12.71700000000000025
12.87900000000000026
13.05100000000000026
13.18800000000000026
13.34300000000000026
13.50500000000000027
13.66100000000000027
13.81100000000000028
13.98600000000000028
14.14100000000000028
14.30000000000000028
14.45400000000000029
14.61800000000000029
14.7730000000000003
14.9360000000000003
15.1120000000000003
15.2630000000000003
15.42300000000000031
15.56900000000000031
15.72000000000000031
15.88500000000000032
16.0350000000000003
16.1830000000000002
16.35
16.5189999999999999
16.6739999999999997
16.8389999999999996
17.0069999999999995
17.1799999999999993
17.3449999999999992
17.515999999999999
17.6329999999999989
18.2939999999999984
18.4479999999999982
18.6159999999999981
18.767999999999998
18.9249999999999978
19.0759999999999977
19.2319999999999976
19.4059999999999974
19.5969999999999973
19.7259999999999972
19.904999999999997
20.0619999999999969
20.2289999999999967
20.3909999999999966
20.5599999999999965
20.7149999999999963
20.8699999999999962
21.043999999999996
21.2149999999999959
21.3679999999999958
21.5309999999999956
21.6979999999999955
21.8709999999999953
22.0369999999999952
22.1909999999999951
22.3549999999999949
22.5209999999999948
22.6879999999999947
22.8469999999999945
22.9909999999999944
23.1499999999999943
26.3599999999999916
26.4979999999999914
26.6459999999999913
26.7969999999999912
26.9459999999999911
27.1019999999999909
27.2549999999999908
27.4089999999999907
27.5649999999999905
27.7239999999999904
27.8939999999999902
28.0589999999999901
28.21499999999999
28.3749999999999898
28.5399999999999897
28.7149999999999896
28.8739999999999894
29.0339999999999893
29.1949999999999892
29.360999999999989
29.5229999999999889
29.6879999999999887
29.8609999999999886
30.0149999999999885
30.1749999999999883
30.3269999999999882
30.4909999999999881
30.6449999999999879
30.8079999999999878
30.9649999999999876
31.1099999999999875
31.2769999999999874
31.4279999999999873
31.5819999999999871
31.737999999999987
31.9029999999999869
32.0519999999999868
32.203999999999987
33.8599999999999884
34.0039999999999886
34.1639999999999887
34.3279999999999888
34.491999999999989
34.6409999999999891
34.7879999999999892
34.9499999999999894
35.1129999999999895
37.0649999999999913
37.2039999999999914
37.3589999999999915
37.5099999999999917
37.6689999999999918
37.826999999999992
37.9939999999999921
38.1519999999999922
38.3079999999999924
38.4709999999999925
38.6419999999999927
38.8099999999999928
38.974999999999993
39.1409999999999931
39.3039999999999933
39.4689999999999934
39.6269999999999936
39.7889999999999937
39.9439999999999938
40.092999999999994
40.2609999999999941
40.4229999999999943
40.5889999999999944
40.7479999999999945
40.9059999999999947
41.0699999999999948
41.244999999999995
41.4079999999999951
41.5729999999999953
41.7229999999999954
41.8989999999999956
42.0679999999999957
42.2369999999999959
42.397999999999996
42.5809999999999962
42.7439999999999963
42.9069999999999965
43.0679999999999966
43.2299999999999968
43.3959999999999969
43.557999999999997
43.7219999999999972
43.8709999999999973
44.2069999999999976
44.3379999999999977
44.4949999999999979
44.667999999999998
44.8349999999999982
44.9939999999999983
45.1629999999999985
45.3199999999999986
45.4859999999999988
45.6489999999999989
45.812999999999999
45.9709999999999992
46.1379999999999993
46.3199999999999995
48.3830000000000013
48.5510000000000015
48.7010000000000016
48.8580000000000018
49.0270000000000019
49.186000000000002
49.3430000000000022
49.5190000000000023
49.6620000000000025
49.8210000000000026
49.9810000000000027
50.1360000000000029
50.302000000000003
50.4610000000000032
50.6230000000000033
50.7850000000000035
50.9480000000000036
51.1120000000000038
51.2810000000000039
51.440000000000004
51.6090000000000042
51.7740000000000043
51.9490000000000045
52.1040000000000046
52.2620000000000048
52.4370000000000049
52.5960000000000051
52.7500000000000052
52.9080000000000053
53.0770000000000055
53.2380000000000056
53.4070000000000058
53.5450000000000059
53.7190000000000061
53.8840000000000062
54.0440000000000064
54.2100000000000065
54.3870000000000067
54.5550000000000068
54.718000000000007
54.8850000000000071
55.0420000000000072
55.2070000000000074
55.3820000000000075
55.5460000000000077
55.7310000000000078
55.893000000000008
56.0610000000000081
56.2240000000000083
56.3880000000000084
56.5680000000000086
56.7340000000000087
56.8910000000000089
57.059000000000009
57.2260000000000092
57.4030000000000093
57.5570000000000095
57.7220000000000096
57.8840000000000098
58.0540000000000099
58.2150000000000101
58.3720000000000102
58.5290000000000103
58.7030000000000105
58.8670000000000106
59.0400000000000108
59.2020000000000109
78.7060000000000283
78.9130000000000284
79.0250000000000285
79.1590000000000287
79.3020000000000288
79.4420000000000289
79.586000000000029
79.7370000000000292
79.8840000000000293
80.0350000000000294
80.1860000000000296
80.3370000000000297
80.4910000000000298
80.65000000000003
80.7990000000000301
80.9480000000000302
81.0950000000000304
81.2520000000000305
81.4180000000000307
81.5560000000000308
81.7110000000000309
81.8680000000000311
82.0280000000000312
82.1740000000000313
82.3270000000000315
82.4800000000000316
82.6320000000000317
82.7890000000000319
82.9960000000000321
83.1140000000000322
83.3040000000000323
83.4210000000000324
83.5820000000000326
83.7480000000000327
83.9100000000000329
84.064000000000033
84.2330000000000332
84.3860000000000333
84.5540000000000335
84.7090000000000336
84.8900000000000337
85.0370000000000339
85.186000000000034
85.3470000000000342
85.5060000000000343
85.6500000000000344
85.8240000000000346
85.9910000000000347
86.1280000000000348
86.308000000000035
86.4450000000000351
86.6610000000000353
86.9790000000000356
87.1400000000000357
87.2930000000000359
87.432000000000036
87.5790000000000361
87.7150000000000363
87.8850000000000364
88.0240000000000365
88.1730000000000367
88.3390000000000368
88.502000000000037
88.6500000000000371
88.8130000000000372
88.9730000000000374
89.5080000000000379
89.670000000000038
89.8290000000000381
90.0080000000000383
90.1770000000000384
90.4020000000000386
90.5000000000000387
90.6930000000000389
90.824000000000039
91.5560000000000397
91.7170000000000398
91.87800000000004
92.0480000000000401
92.2170000000000403
92.3870000000000404
92.5480000000000406
92.7250000000000407
92.9310000000000409
93.080000000000041
93.2420000000000412
93.4120000000000413
93.5810000000000415
93.7270000000000416
93.9080000000000418
94.3890000000000422
94.5010000000000423
95.1550000000000429
95.305000000000043
95.4700000000000431
95.6340000000000433
95.7990000000000434
95.9630000000000436
96.1330000000000437
96.3240000000000439
96.490000000000044
96.5110000000000441
96.6810000000000442
96.8530000000000444
97.0420000000000445
97.2120000000000447
97.6410000000000451
97.8270000000000452
97.9870000000000454
98.1960000000000456
98.4410000000000458
98.5760000000000459
98.697000000000046
99.0990000000000464
99.2510000000000465
99.3860000000000466
99.7060000000000469
99.862000000000047
100.0220000000000472
100.1880000000000473
121.3980000000000662
121.5040000000000663
121.7240000000000665
122.4580000000000671
122.8970000000000675
123.3170000000000679
123.6880000000000682
124.0500000000000685
124.4000000000000688
124.7760000000000692
124.8760000000000693
124.9980000000000694
125.1730000000000695
125.2470000000000696
125.3930000000000697
125.5040000000000698
126.3150000000000705
126.4520000000000707
126.6920000000000709
126.817000000000071
126.9510000000000711
127.1020000000000712
127.2530000000000714
127.4630000000000716
127.5810000000000717
127.8090000000000719
127.907000000000072
128.106000000000072
128.249000000000072
128.429000000000072
128.641000000000073
128.741000000000073
128.895000000000073
131.151000000000075
131.382000000000075
131.785000000000075
131.933000000000076
132.114000000000076
132.314000000000076
132.468000000000076
132.698000000000076
132.843000000000076
133.303000000000077
133.635000000000077
134.354000000000078
181.263000000000119
181.95200000000012
182.45600000000012
182.581000000000121
182.725000000000121
182.874000000000121
183.010000000000121
183.190000000000121
183.338000000000121
183.624000000000121
183.733000000000122
184.393000000000122
184.552000000000122
184.739000000000122
184.884000000000123
189.011000000000126
233.219000000000166
233.487000000000166
283.07300000000021
285.166000000000212
285.513000000000212
287.026000000000213
287.193000000000213
287.327000000000214
287.468000000000214
287.599000000000214
287.718000000000214
287.848000000000214
287.953000000000214
288.268000000000214
288.396000000000214
289.453000000000215
337.904000000000258
348.110000000000268
348.259000000000268
465.937000000000372
466.167000000000372
466.455000000000373
466.772000000000373
467.051000000000373
467.409000000000373
467.563000000000374
468.066000000000374
468.417000000000374
468.747000000000375
468.909000000000375
469.082000000000375
469.393000000000375
469.704000000000376
470.215000000000376
470.391000000000376
470.570000000000376
470.739000000000376
470.920000000000377
471.107000000000377
471.307000000000377
471.482000000000377
471.653000000000377
471.808000000000377
471.968000000000378
472.120000000000378
472.454000000000378
472.604000000000378
472.768000000000378
472.949000000000378
473.119000000000379
473.288000000000379
473.471000000000379
473.634000000000379
473.807000000000379
474.29500000000038
474.46800000000038
474.63200000000038
474.80700000000038
474.96900000000038
475.13800000000038
475.543000000000381
475.680000000000381
475.835000000000381
475.997000000000381
476.161000000000381
477.044000000000382
477.243000000000382
477.393000000000382
477.535000000000382
484.784000000000389
484.826000000000389
485.204000000000389
493.084000000000396
493.552000000000397
493.893000000000397
494.372000000000397
496.406000000000399
496.566000000000399
497.1100000000004
497.6400000000004
497.7620000000004
497.914000000000401
498.071000000000401
499.117000000000402
499.217000000000402
506.039000000000408
525.775000000000425
527.810000000000427
537.774000000000436
537.881000000000436
537.890000000000436
539.261000000000437
545.065000000000442
545.204000000000443
554.04700000000045
568.911000000000464
569.215000000000464
569.357000000000464
584.169000000000477
584.740000000000478
590.984000000000483
593.128000000000485
593.236000000000485
599.760000000000491
604.645000000000495
604.766000000000495
604.906000000000496
610.2550000000005
616.324000000000506
618.387000000000508
627.225000000000515
649.903000000000536
650.172000000000536
650.332000000000536
650.488000000000536
650.671000000000536
650.854000000000536
651.003000000000537
651.190000000000537
651.342000000000537
651.521000000000537
652.171000000000538
652.231000000000538
652.466000000000538
652.486000000000538
652.643000000000538
655.742000000000541
666.21600000000055
666.33600000000055
666.55400000000055
666.881000000000551
667.502000000000551
668.556000000000552
668.692000000000552
668.914000000000552
668.976000000000552
669.961000000000553
669.972000000000553
672.048000000000555
672.907000000000556
673.180000000000556
673.304000000000556
673.672000000000557
673.800000000000557
673.931000000000557
674.238000000000557
674.375000000000557
674.536000000000557
674.677000000000558
675.789000000000558
675.927000000000559
676.118000000000559
676.290000000000559
676.452000000000559
676.612000000000559
676.768000000000559
676.91900000000056
677.34900000000056
677.38800000000056
677.52500000000056
677.68300000000056
677.84800000000056
678.02100000000056
678.052000000000561
678.205000000000561
678.359000000000561
678.506000000000561
678.658000000000561
678.842000000000561
679.009000000000561
679.167000000000562
679.323000000000562
679.511000000000562
679.698000000000562
679.872000000000562
680.035000000000562
680.256000000000562
680.428000000000563
680.550000000000563
680.740000000000563
680.864000000000563
681.052000000000563
681.245000000000563
681.440000000000564
681.620000000000564
681.764000000000564
681.927000000000564
682.125000000000564
682.308000000000564
682.493000000000564
682.687000000000565
682.728000000000565
682.882000000000565
683.050000000000565
683.205000000000565
683.379000000000565
683.437000000000565
683.617000000000566
683.787000000000566
683.958000000000566
684.014000000000566
684.179000000000566
684.362000000000566
684.521000000000566
684.688000000000566
684.858000000000567
685.160000000000567
685.301000000000567
685.488000000000567
685.678000000000567
685.859000000000567
686.039000000000568
686.206000000000568
686.369000000000568
686.538000000000568
686.697000000000568
686.878000000000568
686.943000000000568
687.116000000000569
687.273000000000569
687.435000000000569
687.624000000000569
687.811000000000569
688.009000000000569
688.22300000000057
688.38600000000057
688.54700000000057
688.72200000000057
688.89300000000057
689.04800000000057
689.23000000000057
689.438000000000571
689.644000000000571
689.803000000000571
689.964000000000571
690.149000000000571
690.342000000000571
690.521000000000572
690.728000000000572
690.862000000000572
691.034000000000572
691.215000000000572
691.404000000000572
691.462000000000572
691.635000000000573
691.814000000000573
691.984000000000573
692.160000000000573
693.950000000000575
694.084000000000575
694.165000000000575
694.457000000000575
694.623000000000575
694.799000000000575
694.981000000000576
695.159000000000576
695.364000000000576
695.557000000000576
695.729000000000576
695.914000000000576
696.177000000000577
696.347000000000577
696.499000000000577
696.679000000000577
696.847000000000577
697.041000000000577
697.234000000000578
697.428000000000578
697.608000000000578
697.754000000000578
698.098000000000578
698.266000000000578
698.471000000000579
698.644000000000579
698.926000000000579
699.113000000000579
699.286000000000579
699.47600000000058
699.63500000000058
699.82700000000058
699.97000000000058
700.15300000000058
700.41000000000058
700.584000000000581
700.742000000000581
700.893000000000581
701.069000000000581
701.262000000000581
701.464000000000581
701.662000000000582
701.876000000000582
702.036000000000582
702.241000000000582
702.410000000000582
702.614000000000582
702.804000000000583
703.007000000000583
703.198000000000583
703.383000000000583
703.555000000000583
703.750000000000583
703.934000000000584
704.146000000000584
704.345000000000584
704.531000000000584
704.729000000000584
704.921000000000584
705.116000000000585
705.178000000000585
705.357000000000585
705.553000000000585
705.758000000000585
705.904000000000585
706.522000000000586
706.696000000000586
706.909000000000586
707.093000000000586
707.282000000000586
707.484000000000587
707.694000000000587
707.871000000000587
707.899000000000587
708.322000000000587
708.435000000000588
708.664000000000588
708.814000000000588
708.941000000000588
709.057000000000588
709.228000000000588
709.388000000000588
709.566000000000588
709.746000000000589
709.944000000000589
710.121000000000589
710.303000000000589
710.481000000000589
710.65400000000059
710.84100000000059
711.01400000000059
711.68700000000059
711.70700000000059
712.457000000000591
712.591000000000591
712.750000000000591
712.916000000000592
713.076000000000592
713.256000000000592
713.418000000000592
713.596000000000592
713.751000000000592
713.903000000000592
714.091000000000593
714.353000000000593
714.490000000000593
715.187000000000594
715.680000000000594
748.111000000000623
748.250000000000623
748.411000000000623
748.568000000000623
748.751000000000623
749.109000000000624
750.603000000000625
751.985000000000626
752.133000000000626
754.918000000000629
755.080000000000629
755.240000000000629
755.586000000000629
755.93000000000063
756.26800000000063
756.60200000000063
756.940000000000631
757.284000000000631
757.442000000000631
757.620000000000631
757.759000000000631
757.951000000000632
758.589000000000632
758.781000000000632
758.949000000000632
759.271000000000633
760.100000000000633
760.240000000000634
761.746000000000635
762.079000000000635
762.450000000000636
762.559000000000636
762.739000000000636
763.236000000000636
764.068000000000637
764.488000000000637
764.499000000000637
765.210000000000638
765.391000000000638
766.031000000000639
772.388000000000644
798.812000000000668
798.916000000000668
799.083000000000668
799.226000000000668
799.393000000000668
799.604000000000668
799.734000000000669
799.950000000000669
800.134000000000669
801.57000000000067
801.73800000000067
802.219000000000671
802.428000000000671
802.510000000000671
802.693000000000671
802.855000000000671
803.908000000000672
804.896000000000673
812.10600000000068
812.22200000000068
812.28800000000068
812.43100000000068
812.59600000000068
812.71400000000068
812.90100000000068
813.03600000000068
813.176000000000681
813.475000000000681
813.661000000000681
813.814000000000681
815.893000000000683
816.223000000000683
816.473000000000683
816.700000000000684
816.985000000000684
817.395000000000684
817.719000000000685
817.868000000000685
820.142000000000687
820.287000000000687
820.377000000000687
820.416000000000687
822.089000000000688
822.407000000000689
822.769000000000689
822.950000000000689
823.33700000000069
835.5640000000007
835.832000000000701
835.988000000000701
836.162000000000701
836.511000000000701
836.872000000000702
836.999000000000702
849.098000000000712
849.384000000000713
849.503000000000713
849.604000000000713
849.698000000000713
849.916000000000713
850.013000000000713
850.149000000000713
850.289000000000714
850.434000000000714
850.575000000000714
850.732000000000714
850.894000000000714
851.055000000000714
851.570000000000715
851.923000000000715
852.196000000000715
852.338000000000715
852.483000000000715
852.632000000000716
852.790000000000716
852.953000000000716
852.991000000000716
853.122000000000716
853.290000000000716
853.454000000000716
853.642000000000717
853.783000000000717
854.234000000000717
854.410000000000717
854.560000000000717
854.718000000000717
854.874000000000718
855.047000000000718
855.096000000000718
855.256000000000718
855.433000000000718
855.622000000000718
855.757000000000718
856.374000000000719
856.538000000000719
856.712000000000719
856.888000000000719
857.06900000000072
857.25600000000072
857.42600000000072
858.895000000000721
859.030000000000721
859.217000000000722
859.387000000000722
859.555000000000722
859.866000000000722
859.895000000000722
859.905000000000722
889.119000000000748
889.349000000000748
889.510000000000748
889.599000000000748
889.711000000000749
889.827000000000749
889.967000000000749
890.201000000000749
890.379000000000749
890.84600000000075
890.97000000000075
891.56800000000075
891.93300000000075
891.999000000000751
892.193000000000751
892.266000000000751
892.455000000000751
892.636000000000751
893.012000000000751
893.184000000000752
893.355000000000752
893.536000000000752
893.879000000000752
895.027000000000753
895.890000000000754
896.010000000000754
896.146000000000754
896.282000000000754
897.183000000000755
897.337000000000755
897.483000000000755
897.610000000000756
897.744000000000756
897.876000000000756
897.995000000000756
898.128000000000756
898.279000000000756
898.419000000000756
898.556000000000756
898.719000000000756
899.132000000000757
899.277000000000757
899.784000000000758
900.072000000000758
900.233000000000758
900.388000000000758
900.534000000000758
900.680000000000758
900.826000000000758
900.852000000000758
901.053000000000759
901.188000000000759
901.344000000000759
901.484000000000759
901.611000000000759
901.776000000000759
902.08800000000076
902.17200000000076
902.30700000000076
902.50300000000076
902.60000000000076
903.205000000000761
903.354000000000761
903.665000000000761
903.738000000000761
903.879000000000761
904.002000000000761
904.275000000000761
904.355000000000762
904.540000000000762
904.860000000000762
905.323000000000762
905.412000000000762
905.537000000000763
905.633000000000763
905.926000000000763
906.031000000000763
906.497000000000763
906.650000000000764
906.801000000000764
906.957000000000764
907.107000000000764
907.269000000000764
907.876000000000765
908.132000000000765
908.218000000000765
910.712000000000767
910.852000000000767
911.057000000000768
911.099000000000768
911.203000000000768
911.451000000000768
912.290000000000769
912.767000000000769
913.040000000000769
913.183000000000769
913.32400000000077
913.47600000000077
913.63800000000077
913.80900000000077
914.00100000000077
914.35200000000077
914.442000000000771
914.554000000000771
917.548000000000773
917.674000000000773
918.942000000000775
920.603000000000776
920.738000000000776
920.875000000000776
921.185000000000776
921.314000000000777
921.437000000000777
921.602000000000777
921.835000000000777
922.075000000000777
922.285000000000777
922.396000000000778
922.603000000000778
922.739000000000778
922.882000000000778
922.941000000000778
923.056000000000778
1092.34500000000093
1098.59000000000093
1098.69400000000093
1099.03500000000093
1099.79600000000094
1099.91000000000094
1100.04400000000094
1120.48200000000095
1121.68200000000095
1121.95100000000095
1122.20200000000095
1122.48000000000096
1122.63000000000096
1122.80200000000096
1129.23200000000096
1165.34400000000099
1167.07100000000099
1167.269000000001
1167.939000000001
1168.069000000001
1170.732000000001
1170.845000000001
1178.97800000000101
1179.63300000000101
1183.31200000000101
1183.46400000000101
1183.59100000000101
1183.70500000000101
1183.82900000000101
1184.29800000000101
1184.55400000000101
1184.74000000000101
1185.17000000000101
1185.28600000000101
1185.43200000000101
1185.69200000000101
1185.98100000000101
1186.12900000000101
1186.27700000000101
1186.47200000000101
1186.61800000000101
1196.18400000000102
1197.14200000000102
1197.43300000000102
1197.82400000000102
1197.92800000000102
1198.16500000000102
1198.40800000000102
1198.59900000000102
1198.78200000000102
1198.91200000000102
1199.05000000000102
1199.22400000000102
1199.39800000000102
1199.58800000000102
1200.04500000000102
1200.27900000000102
1200.45200000000102
1200.57600000000102
1200.72200000000102
1200.87400000000102
1201.01800000000102
1201.19100000000103
1201.33600000000103
1201.54000000000103
1247.69300000000107
1297.94200000000111
1298.33000000000111
1298.75800000000111
1299.18300000000111
1299.47000000000111
1299.74100000000111
1300.03900000000111
1370.28900000000118
1370.44700000000118
1370.59000000000118
1370.77700000000118
1370.95100000000118
1371.14900000000118
1371.32400000000118
1371.52100000000118
1371.68800000000118
1373.14100000000118
1373.32900000000118
1373.33900000000118
1373.88500000000118
1374.88500000000118
1375.30600000000118
1375.31700000000118
1383.06300000000119
1383.21900000000119
1476.37100000000127
1497.52600000000129
1497.67100000000129
1498.01300000000129
1498.36600000000129
1498.56200000000129
1498.75000000000129
1498.87400000000129
1499.11400000000129
1499.41200000000129
1499.47200000000129
1499.83800000000129
1500.01400000000129
1504.28800000000129
1505.4270000000013
1505.6170000000013
1505.7970000000013
1506.0550000000013
1506.0750000000013
1535.64500000000132
1536.01200000000132
1591.89400000000137
1592.08900000000137
1618.5250000000014
1646.46700000000142
1648.85000000000142
1675.40400000000145
1707.75900000000148
1708.04100000000148
1708.40500000000148
1853.5750000000016
1854.60400000000161
1863.76200000000161
1864.08500000000161
1864.19700000000161
1864.31100000000161
1864.42500000000161
1864.62100000000161
1864.75300000000161
1864.89600000000161
1865.05100000000161
1865.48900000000162
1866.02100000000162
1866.37100000000162
1866.64800000000162
1871.74400000000162
1871.89000000000162
1873.67900000000162
1910.28600000000165
1922.31400000000167
1922.48300000000167
1938.45600000000168
1938.92200000000168
1939.02900000000168
1939.15600000000168
1939.31800000000168
1939.80200000000168
1940.15500000000168
2138.49999999999181
2208.95899999998405
2209.71299999998397
2242.55999999998035
2244.10899999998018
2244.8649999999801
2245.55099999998002
2245.96499999997997
2246.15199999997995
2246.49299999997992
2251.05099999997941
2251.84799999997933
2252.00999999997931
2252.32799999997927
2254.71699999997901
2254.90799999997899
2255.02899999997898
2255.22599999997895
2255.24199999997895
2255.40299999997894
2255.58899999997891
2255.94199999997888
2256.29599999997884
2258.99099999997854
2259.12899999997852
2259.3179999999785
2259.61899999997847
2259.94799999997843
2261.72399999997824
2262.0359999999782
2263.853999999978
2264.01799999997799
2264.15999999997797
2264.62999999997792
2266.29799999997774
2266.54199999997771
2266.68399999997769
2266.86099999997767
2267.03899999997765
2267.22499999997763
2267.39799999997761
2267.59099999997759
2267.74699999997758
2267.94999999997755
2268.12999999997753
2268.27299999997752
2268.58899999997748
2268.75999999997746
2269.84199999997734
2270.76999999997724
2271.58599999997715
2271.74999999997713
2271.92199999997712
2272.0349999999771
2272.24599999997708
2273.41899999997695
2273.74199999997692
2273.9039999999769
2274.57999999997682
2275.05899999997677
2275.20099999997675
2275.92499999997667
2276.07599999997666
2277.29399999997652
2278.53799999997639
2283.25699999997587
2296.84599999997437
2303.96399999997359
2315.01999999997237
2315.45099999997232
2316.5829999999722
2316.88399999997216
2317.4639999999721
2317.4729999999721
2317.67999999997208
2317.85499999997206
2320.43999999997177
2320.65699999997175
2321.84799999997162
2333.23799999997036
2336.41399999997001
2339.53499999996967
2361.0459999999673
2369.05099999996642
2370.31699999996628
2370.33299999996628
2370.69199999996624
2372.05899999996609
2372.32199999996606
2375.70599999996569
2376.55699999996559
2376.83999999996556
2377.22599999996552
2378.37799999996539
2379.79199999996524
2380.23899999996519
2380.70099999996514
2380.80199999996512
2382.36199999996495
2383.7119999999648
2384.11699999996476
2384.70899999996469
2389.77199999996414
2393.06499999996377
2393.34799999996374
2397.60299999996327
2398.2579999999632
2398.33899999996319
2398.88099999996313
2399.39899999996308
2399.67799999996305
2400.087999999963
2403.60599999996261
2404.10599999996256
2404.74799999996249
2405.98799999996235
2405.99899999996235
2406.52099999996229
2406.54899999996229
2406.56899999996229
2406.58099999996229
2406.58899999996228
2407.62899999996217
2407.78799999996215
2408.2699999999621
2408.62099999996206
2408.93499999996203
2422.42199999996054
2422.97399999996048
2423.10099999996047
2430.14999999995969
2430.18299999995969
2430.85099999995961
2430.85899999995961
2435.14299999995914
2435.20299999995913
2435.5419999999591
2436.30399999995901
2437.69199999995886
2459.0709999999565
2462.38099999995614
2462.45299999995613
2462.64799999995611
2463.31699999995604
2471.40999999995515
2472.01399999995508
2472.65799999995501
2473.22499999995495
2473.82999999995488
2498.08199999995221
2498.32899999995218
2498.34999999995218
2498.40099999995217
2498.48899999995216
2502.51099999995172
2502.98199999995167
2503.5939999999516
2518.39699999994997
2518.77199999994993
2518.92199999994991
2520.8349999999497
2521.44599999994963
2521.81999999994959
2522.6449999999495
2522.77099999994949
2522.78299999994949
2522.88299999994948
2523.27199999994943
2523.29099999994943
2523.30399999994943
2523.48599999994941
2523.62999999994939
2591.06099999994197
2591.76899999994189
2593.35999999994171
2600.48099999994093
2732.16999999992643
3314.68299999986227
3315.02799999986223
3315.17099999986222
3315.3179999998622
3315.75899999986215
3337.42599999985977
3337.53899999985976
3337.64199999985974
3337.75099999985973
3337.87099999985972
3338.13199999985969
3338.32699999985967
3338.54299999985964
3338.67899999985963
3339.09899999985958
3339.22499999985957
3339.37799999985955
3339.53199999985954
3339.70699999985952
3340.00999999985948
3507.53999999984103
3507.90099999984099
3507.92499999984099
3507.94399999984099
3507.96299999984099
3514.30599999984029
3524.37399999983918
3524.50899999983916
3575.13099999983359
3575.97699999983349
3576.13699999983348
3576.27799999983346
727
-3
65.1270000000000162
65.3610000000000164
194.834000000000131
194.873000000000131
194.958000000000132
195.544000000000132
196.770000000000133
196.919000000000133
197.106000000000133
197.236000000000134
197.397000000000134
197.574000000000134
197.747000000000134
197.895000000000134
198.045000000000134
198.197000000000134
198.355000000000135
198.504000000000135
198.649000000000135
198.800000000000135
198.954000000000135
199.101000000000135
199.249000000000135
199.412000000000135
199.572000000000136
199.728000000000136
201.897000000000138
202.025000000000138
202.177000000000138
202.320000000000138
202.463000000000138
202.594000000000138
202.750000000000138
202.884000000000139
203.053000000000139
203.168000000000139
203.304000000000139
203.459000000000139
203.613000000000139
203.760000000000139
203.924000000000139
204.07900000000014
204.22800000000014
204.38300000000014
208.726000000000144
208.896000000000144
315.231000000000238
315.514000000000239
330.508000000000252
330.852000000000252
330.969000000000252
332.021000000000253
332.161000000000253
332.359000000000254
332.600000000000254
332.756000000000254
332.955000000000254
333.054000000000254
334.246000000000255
334.413000000000255
334.572000000000256
483.163000000000387
483.366000000000388
927.628000000000782
927.747000000000782
929.168000000000784
930.034000000000784
933.659000000000788
934.556000000000788
935.281000000000789
937.291000000000791
937.932000000000791
938.106000000000792
938.235000000000792
938.386000000000792
938.526000000000792
939.982000000000793
940.074000000000793
941.419000000000794
941.571000000000795
941.817000000000795
941.971000000000795
942.057000000000795
942.143000000000795
942.265000000000795
942.414000000000795
942.551000000000796
942.727000000000796
942.884000000000796
943.984000000000797
944.116000000000797
944.270000000000797
944.415000000000797
944.542000000000797
944.699000000000797
944.842000000000798
945.004000000000798
945.143000000000798
945.281000000000798
945.453000000000798
945.606000000000798
945.753000000000798
945.918000000000798
946.050000000000799
946.489000000000799
946.630000000000799
946.803000000000799
946.976000000000799
947.1320000000008
947.2860000000008
947.4470000000008
947.5970000000008
947.7480000000008
947.9060000000008
948.0530000000008
948.1960000000008
948.371000000000801
948.525000000000801
948.687000000000801
948.864000000000801
949.010000000000801
949.163000000000801
949.339000000000802
949.486000000000802
949.643000000000802
949.799000000000802
949.981000000000802
950.124000000000802
950.273000000000802
950.433000000000802
950.589000000000803
950.763000000000803
950.918000000000803
951.067000000000803
951.234000000000803
951.394000000000803
951.566000000000803
951.716000000000804
951.864000000000804
952.027000000000804
952.178000000000804
952.343000000000804
952.500000000000804
952.667000000000804
952.806000000000805
952.951000000000805
953.112000000000805
953.275000000000805
953.440000000000805
953.609000000000805
953.750000000000805
953.895000000000806
954.050000000000806
954.210000000000806
954.361000000000806
954.508000000000806
954.667000000000806
954.822000000000806
954.972000000000806
955.113000000000807
955.261000000000807
955.412000000000807
955.565000000000807
955.731000000000807
955.882000000000807
956.034000000000807
956.185000000000808
956.344000000000808
956.496000000000808
978.808000000000828
978.976000000000828
979.134000000000828
979.289000000000828
979.440000000000828
979.600000000000828
979.760000000000828
979.831000000000829
979.924000000000829
980.085000000000829
980.238000000000829
980.386000000000829
980.536000000000829
980.690000000000829
980.84300000000083
980.99600000000083
981.15500000000083
981.32200000000083
981.47400000000083
981.63000000000083
981.78800000000083
981.94000000000083
982.01600000000083
982.095000000000831
982.252000000000831
982.409000000000831
982.582000000000831
982.740000000000831
982.900000000000831
983.066000000000831
983.148000000000832
983.225000000000832
983.389000000000832
983.551000000000832
983.721000000000832
983.878000000000832
984.027000000000832
984.170000000000832
984.335000000000833
984.494000000000833
984.659000000000833
984.811000000000833
984.955000000000833
985.120000000000833
985.289000000000833
985.445000000000834
985.609000000000834
985.760000000000834
985.921000000000834
986.079000000000834
986.249000000000834
986.396000000000834
986.547000000000835
986.709000000000835
986.878000000000835
987.034000000000835
987.193000000000835
987.364000000000835
987.521000000000835
987.684000000000836
987.850000000000836
988.012000000000836
988.171000000000836
988.336000000000836
988.485000000000836
988.647000000000836
988.805000000000837
988.965000000000837
989.136000000000837
989.285000000000837
989.440000000000837
989.603000000000837
989.768000000000837
989.924000000000838
990.078000000000838
990.241000000000838
990.398000000000838
990.562000000000838
990.711000000000838
990.876000000000838
991.032000000000839
991.192000000000839
991.351000000000839
991.517000000000839
991.679000000000839
991.851000000000839
992.015000000000839
992.17600000000084
992.33600000000084
992.50200000000084
992.66500000000084
993.549000000000841
993.687000000000841
993.845000000000841
993.995000000000841
994.146000000000841
994.312000000000841
994.469000000000842
994.634000000000842
994.782000000000842
994.938000000000842
995.105000000000842
995.276000000000842
995.646000000000843
995.817000000000843
996.379000000000843
996.529000000000843
996.674000000000844
996.820000000000844
996.981000000000844
997.144000000000844
997.302000000000844
997.470000000000844
997.622000000000844
997.778000000000845
997.934000000000845
998.092000000000845
998.513000000000845
998.651000000000845
998.800000000000845
998.963000000000846
999.122000000000846
999.277000000000846
999.435000000000846
999.589000000000846
999.743000000000846
999.913000000000846
1000.072000000000847
1000.224000000000847
1000.383000000000847
1000.539000000000847
1000.699000000000847
1000.858000000000847
1000.935000000000847
1001.032000000000847
1001.114000000000848
1001.188000000000848
1001.342000000000848
1001.499000000000848
1001.662000000000848
1001.821000000000848
1001.977000000000848
1002.137000000000848
1002.304000000000848
1002.463000000000849
1002.624000000000849
1002.792000000000849
1002.951000000000849
1003.123000000000849
1003.283000000000849
1003.43800000000085
1003.58800000000085
1003.75200000000085
1003.91100000000085
1004.06300000000085
1004.21400000000085
1004.917000000000851
1005.407000000000851
1005.867000000000852
1006.151000000000852
1018.308000000000863
1018.458000000000863
1018.617000000000863
1018.782000000000863
1018.949000000000863
1019.120000000000864
1019.309000000000864
1019.471000000000864
1019.646000000000864
1019.811000000000864
1019.982000000000864
1020.171000000000864
1020.335000000000865
1020.520000000000865
1020.696000000000865
1020.862000000000865
1021.027000000000865
1021.195000000000865
1021.355000000000866
1021.479000000000866
1021.649000000000866
1021.817000000000866
1021.989000000000866
1022.400000000000866
1022.534000000000867
1022.689000000000867
1022.846000000000867
1023.006000000000867
1023.170000000000867
1023.361000000000867
1023.557000000000867
1023.689000000000868
1023.826000000000868
1023.992000000000868
1024.18400000000087
1024.32600000000087
1024.47600000000087
1024.64900000000087
1024.81200000000087
1024.98100000000087
1025.15500000000087
1025.32700000000087
1025.49500000000087
1025.66900000000087
1026.00600000000087
1026.17200000000087
1026.32700000000087
1026.49100000000087
1026.57400000000087
1026.65500000000087
1026.73700000000087
1026.82100000000087
1027.00700000000087
1027.49800000000087
1027.66500000000087
1027.82200000000087
1027.99000000000087
1028.14100000000087
1028.21100000000087
1028.29600000000087
1028.46600000000087
1028.62500000000087
1028.79000000000087
1028.96300000000087
1029.12300000000087
1029.29400000000087
1029.49500000000087
1029.62800000000087
1029.79700000000087
1029.96600000000087
1030.13800000000087
1030.61900000000087
1030.74400000000087
1030.81000000000087
1030.89000000000087
1031.04700000000087
1031.20600000000087
1031.28000000000087
1031.37700000000087
1031.52800000000087
1031.68000000000087
1031.83700000000087
1031.99400000000087
1032.13700000000087
1032.15700000000088
1032.34800000000088
1032.50900000000088
1032.66500000000088
1032.83000000000088
1032.99500000000088
1033.16300000000088
1033.32500000000088
1033.49600000000088
1033.68200000000088
1033.84300000000088
1034.00300000000088
1034.08700000000088
1034.17000000000088
1034.34200000000088
1034.51300000000088
1034.67700000000088
1034.86800000000088
1035.03200000000088
1035.20500000000088
1035.30200000000088
1035.37800000000088
1035.55300000000088
1035.72500000000088
1035.89400000000088
1036.08600000000088
1036.25300000000088
1036.42300000000088
1036.59100000000088
1036.76400000000088
1036.93500000000088
1037.11600000000088
1037.30200000000088
1037.46700000000088
1037.54200000000088
1037.62900000000088
1037.78100000000088
1037.93800000000088
1038.10000000000088
1038.17700000000088
1038.26400000000088
1038.43000000000088
1038.60400000000088
1038.77700000000088
1038.94300000000088
1039.10500000000088
1039.27500000000088
1039.44600000000088
1039.61900000000088
1039.79900000000088
1039.96700000000088
1040.12100000000088
1040.29100000000088
1040.45700000000088
1040.62200000000088
1040.79100000000088
1040.95900000000088
1041.12900000000088
1041.29500000000088
1041.46300000000088
1041.63900000000088
1041.80700000000088
1041.97700000000088
1042.06100000000088
1042.15200000000088
1042.24600000000088
1042.34200000000088
1042.50900000000088
1042.67400000000088
1043.01400000000088
1043.18100000000088
1043.35000000000088
1043.53500000000089
1043.68700000000089
1043.86300000000089
1044.02500000000089
1044.18700000000089
1044.35500000000089
1044.51900000000089
1044.68900000000089
1044.86400000000089
1045.01600000000089
1046.60800000000089
1046.76300000000089
1046.91800000000089
1047.07300000000089
1047.23400000000089
1047.39600000000089
1047.56800000000089
1047.64900000000089
1047.74600000000089
1047.82400000000089
1047.91300000000089
1048.09000000000089
1048.26800000000089
1048.45500000000089
1048.59900000000089
1048.68700000000089
1048.78100000000089
1048.86200000000089
1048.94300000000089
1049.03200000000089
1049.10900000000089
1049.28100000000089
1049.45300000000089
1049.53200000000089
1049.80600000000089
1049.95200000000089
1050.11400000000089
1050.28100000000089
1050.44500000000089
1050.60100000000089
1050.76200000000089
1050.92800000000089
1051.09600000000089
1051.26500000000089
1051.43200000000089
1051.62500000000089
1051.71700000000089
1051.78700000000089
1051.94500000000089
1051.96500000000089
1052.13300000000089
1052.21700000000089
1052.29800000000089
1052.46300000000089
1052.62700000000089
1052.78700000000089
1052.96000000000089
1053.04000000000089
1053.14000000000089
1053.24100000000089
1053.31000000000089
1053.48100000000089
1053.64500000000089
1053.81900000000089
1053.98600000000089
1054.15600000000089
1054.33000000000089
1054.49800000000089
1054.6660000000009
1054.8310000000009
1054.9970000000009
1055.1700000000009
1055.3340000000009
1055.5140000000009
1055.5990000000009
1055.6540000000009
1055.6790000000009
1055.8260000000009
1056.0120000000009
1056.3480000000009
1056.5180000000009
1056.7010000000009
1056.8560000000009
1057.0120000000009
1057.2610000000009
1057.3440000000009
1057.5110000000009
1057.7030000000009
1057.8610000000009
1058.0250000000009
1058.1890000000009
1058.3760000000009
1076.19200000000091
1076.31300000000091
1076.47600000000091
1076.58700000000091
1076.78700000000091
1076.92800000000091
1077.10500000000091
1078.00900000000092
1078.81600000000092
1079.10100000000092
1079.19100000000092
1079.37800000000092
1079.63600000000092
1079.71900000000092
1079.89900000000092
1214.50100000000104
1215.29800000000104
1215.41800000000104
1215.59200000000104
1215.88900000000104
1216.13400000000104
1216.26800000000104
1216.41200000000104
1216.55100000000104
1216.69900000000104
1216.84100000000104
1217.40800000000104
1217.86700000000104
1218.19600000000104
1218.51600000000104
1218.63800000000104
1218.80300000000104
1218.94700000000104
1219.07000000000104
1219.21100000000104
1219.34200000000104
1220.68200000000104
1220.83200000000104
1220.97900000000104
1221.12400000000104
1221.25600000000104
1221.41200000000104
1221.51200000000104
1221.65700000000104
1221.77000000000104
1221.92600000000104
1222.06600000000104
1222.18300000000104
1222.33400000000104
1222.86700000000104
1223.02900000000104
1223.15300000000104
1223.30500000000104
1223.44600000000104
1223.56700000000105
1223.70000000000105
1223.84200000000105
1223.97400000000105
1224.13000000000105
1224.28200000000105
1224.40000000000105
1224.55600000000105
1224.70500000000105
1224.85300000000105
1225.01700000000105
1225.18000000000105
1225.34100000000105
1225.46200000000105
1225.64800000000105
1225.77300000000105
1225.92000000000105
1226.05100000000105
1226.21500000000105
1226.37400000000105
1227.27200000000105
1227.42900000000105
1227.57500000000105
1227.71200000000105
1227.86100000000105
1227.99900000000105
1228.15200000000105
1228.90900000000105
1229.05500000000105
1229.21100000000105
1229.34400000000105
1229.48700000000105
1229.63200000000105
1229.79300000000105
1229.94400000000105
1230.07700000000105
1230.24700000000105
1230.39000000000105
1230.53400000000105
1230.69400000000105
1230.82700000000105
1230.98900000000105
1231.13500000000105
1231.29300000000105
1231.45800000000105
1231.60800000000105
1232.94900000000105
1233.09100000000105
1233.24800000000105
1233.39600000000105
1233.52700000000105
1233.69400000000105
1233.85700000000105
1234.00900000000105
1234.16800000000105
1234.31800000000105
1234.88200000000106
1235.03000000000106
1235.19100000000106
1235.34100000000106
1235.49600000000106
1235.64800000000106
1235.80300000000106
1235.96600000000106
1236.10900000000106
1236.27100000000106
1236.41900000000106
1236.56600000000106
1236.72600000000106
1236.87600000000106
1237.04200000000106
1237.19700000000106
1237.34400000000106
1237.49200000000106
1238.64000000000106
1238.77100000000106
1238.94100000000106
1239.09300000000106
1239.23800000000106
1239.38400000000106
1239.52000000000106
1239.67600000000106
1239.83400000000106
1239.98000000000106
1240.15200000000106
1240.28600000000106
1240.43000000000106
1240.56700000000106
1240.72300000000106
1240.88000000000106
1241.02200000000106
1241.18200000000106
1241.31400000000106
1242.04200000000106
1242.20900000000106
1242.36400000000106
-4
65.1640000000000162
65.3920000000000164
194.847000000000131
194.900000000000131
194.997000000000132
195.719000000000132
196.803000000000133
196.955000000000133
197.115000000000133
197.319000000000134
197.489000000000134
197.652000000000134
197.806000000000134
197.956000000000134
198.116000000000134
198.258000000000134
198.420000000000135
198.563000000000135
198.719000000000135
198.871000000000135
199.027000000000135
199.165000000000135
199.324000000000135
199.484000000000136
199.647000000000136
199.809000000000136
201.945000000000138
202.096000000000138
202.242000000000138
202.383000000000138
202.517000000000138
202.668000000000138
202.798000000000138
202.953000000000139
203.089000000000139
203.219000000000139
203.377000000000139
203.530000000000139
203.678000000000139
203.835000000000139
204.00100000000014
204.14900000000014
204.30500000000014
204.44400000000014
208.791000000000144
208.937000000000144
315.295000000000238
315.625000000000239
330.585000000000252
330.900000000000252
331.028000000000252
332.087000000000253
332.197000000000253
332.480000000000254
332.705000000000254
332.775000000000254
333.002000000000254
333.219000000000254
334.300000000000255
334.479000000000255
334.636000000000256
483.230000000000388
483.656000000000388
927.660000000000782
927.763000000000782
929.488000000000784
930.255000000000785
934.386000000000788
934.574000000000788
936.50000000000079
937.531000000000791
937.992000000000791
938.144000000000792
938.300000000000792
938.438000000000792
939.981000000000793
940.073000000000793
941.336000000000794
941.488000000000795
941.601000000000795
941.880000000000795
942.047000000000795
942.065000000000795
942.186000000000795
942.328000000000795
942.473000000000795
942.630000000000796
942.806000000000796
942.923000000000796
944.027000000000797
944.182000000000797
944.332000000000797
944.465000000000797
944.610000000000797
944.755000000000797
944.907000000000798
945.055000000000798
945.188000000000798
945.350000000000798
945.521000000000798
945.666000000000798
945.811000000000798
945.966000000000798
946.091000000000799
946.539000000000799
946.705000000000799
946.876000000000799
947.044000000000799
947.2000000000008
947.3520000000008
947.5150000000008
947.6640000000008
947.8080000000008
947.9680000000008
948.1100000000008
948.268000000000801
948.446000000000801
948.603000000000801
948.756000000000801
948.926000000000801
949.078000000000801
949.236000000000801
949.404000000000802
949.554000000000802
949.709000000000802
949.866000000000802
950.043000000000802
950.188000000000802
950.348000000000802
950.502000000000802
950.665000000000803
950.839000000000803
950.984000000000803
951.150000000000803
951.314000000000803
951.473000000000803
951.636000000000804
951.790000000000804
951.944000000000804
952.096000000000804
952.255000000000804
952.420000000000804
952.577000000000804
952.729000000000804
952.874000000000805
953.029000000000805
953.187000000000805
953.357000000000805
953.518000000000805
953.675000000000805
953.816000000000805
953.965000000000806
954.131000000000806
954.279000000000806
954.424000000000806
954.584000000000806
954.755000000000806
954.892000000000806
955.034000000000807
955.194000000000807
955.332000000000807
955.478000000000807
955.636000000000807
955.801000000000807
955.953000000000807
956.105000000000808
956.257000000000808
956.420000000000808
978.737000000000828
978.914000000000828
979.048000000000828
979.193000000000828
979.398000000000828
979.517000000000828
979.680000000000828
979.830000000000829
979.836000000000829
980.027000000000829
980.149000000000829
980.306000000000829
980.454000000000829
980.607000000000829
980.759000000000829
980.92600000000083
981.07100000000083
981.23100000000083
981.39100000000083
981.55000000000083
981.70200000000083
981.85700000000083
982.015000000000831
982.02500000000083
982.170000000000831
982.336000000000831
982.485000000000831
982.654000000000831
982.818000000000831
982.983000000000831
983.144000000000832
983.161000000000832
983.337000000000832
983.502000000000832
983.622000000000832
983.786000000000832
983.940000000000832
984.096000000000832
984.250000000000832
984.411000000000833
984.562000000000833
984.767000000000833
984.885000000000833
985.036000000000833
985.192000000000833
985.383000000000834
985.521000000000834
985.706000000000834
985.835000000000834
986.032000000000834
986.204000000000834
986.323000000000834
986.455000000000834
986.617000000000835
986.786000000000835
986.946000000000835
987.109000000000835
987.268000000000835
987.439000000000835
987.603000000000836
987.762000000000836
987.925000000000836
988.090000000000836
988.241000000000836
988.403000000000836
988.559000000000836
988.715000000000836
988.877000000000837
989.038000000000837
989.201000000000837
989.359000000000837
989.523000000000837
989.688000000000837
989.842000000000838
989.998000000000838
990.154000000000838
990.311000000000838
990.476000000000838
990.624000000000838
990.791000000000838
990.948000000000838
991.108000000000839
991.261000000000839
991.428000000000839
991.591000000000839
991.764000000000839
991.926000000000839
992.09200000000084
992.25200000000084
992.41300000000084
992.58300000000084
992.72600000000084
993.613000000000841
993.761000000000841
993.913000000000841
994.063000000000841
994.259000000000841
994.373000000000841
994.531000000000842
994.693000000000842
994.843000000000842
995.003000000000842
995.182000000000842
995.356000000000842
995.696000000000843
995.874000000000843
996.454000000000843
996.607000000000844
996.733000000000844
996.942000000000844
997.101000000000844
997.214000000000844
997.376000000000844
997.536000000000844
997.706000000000844
997.890000000000845
998.012000000000845
998.178000000000845
998.588000000000845
998.725000000000845
998.873000000000845
999.053000000000846
999.190000000000846
999.357000000000846
999.503000000000846
999.655000000000846
999.818000000000846
999.991000000000846
1000.147000000000847
1000.304000000000847
1000.458000000000847
1000.618000000000847
1000.778000000000847
1000.934000000000847
1000.981000000000847
1001.109000000000848
1001.140000000000848
1001.264000000000848
1001.418000000000848
1001.581000000000848
1001.742000000000848
1001.900000000000848
1002.048000000000848
1002.220000000000848
1002.422000000000849
1002.581000000000849
1002.694000000000849
1002.861000000000849
1003.016000000000849
1003.184000000000849
1003.352000000000849
1003.50100000000085
1003.65800000000085
1003.82500000000085
1003.98500000000085
1004.13400000000085
1004.28500000000085
1004.971000000000851
1005.459000000000851
1005.922000000000852
1018.227000000000863
1018.377000000000863
1018.535000000000863
1018.697000000000863
1018.859000000000863
1019.032000000000863
1019.205000000000864
1019.383000000000864
1019.557000000000864
1019.725000000000864
1019.894000000000864
1020.056000000000864
1020.244000000000864
1020.411000000000865
1020.590000000000865
1020.766000000000865
1020.935000000000865
1021.096000000000865
1021.270000000000865
1021.402000000000866
1021.564000000000866
1021.726000000000866
1021.897000000000866
1022.074000000000866
1022.448000000000866
1022.596000000000866
1022.755000000000867
1022.921000000000867
1023.075000000000867
1023.255000000000867
1023.420000000000867
1023.604000000000867
1023.729000000000868
1023.903000000000868
1024.06500000000087
1024.24400000000087
1024.40000000000087
1024.56000000000087
1024.72900000000087
1024.90000000000087
1025.07500000000087
1025.25000000000087
1025.41500000000087
1025.58200000000087
1025.75500000000087
1026.08800000000087
1026.24200000000087
1026.40200000000087
1026.56700000000087
1026.59200000000087
1026.73600000000087
1026.78400000000087
1026.90600000000087
1027.41000000000087
1027.58300000000087
1027.73200000000087
1027.88900000000087
1028.04800000000087
1028.20700000000087
1028.23300000000087
1028.38400000000087
1028.54400000000087
1028.70800000000087
1028.87400000000087
1029.04200000000087
1029.20900000000087
1029.38000000000087
1029.55100000000087
1029.70600000000087
1029.87900000000087
1030.05100000000087
1030.22100000000087
1030.66900000000087
1030.80200000000087
1030.84600000000087
1030.96000000000087
1031.15900000000087
1031.26900000000087
1031.28900000000087
1031.43600000000087
1031.59700000000087
1031.76000000000087
1031.90300000000087
1032.12000000000087
1032.15200000000088
1032.23900000000088
1032.42200000000088
1032.61700000000088
1032.73900000000088
1032.90700000000088
1033.07500000000088
1033.24200000000088
1033.41000000000088
1033.58200000000088
1033.75700000000088
1033.91800000000088
1034.08100000000088
1034.10700000000088
1034.25500000000088
1034.41900000000088
1034.58900000000088
1034.75900000000088
1034.94400000000088
1035.11700000000088
1035.28800000000088
1035.32600000000088
1035.46100000000088
1035.63600000000088
1035.80900000000088
1035.97800000000088
1036.16000000000088
1036.33600000000088
1036.54000000000088
1036.66900000000088
1036.90100000000088
1037.05900000000088
1037.19500000000088
1037.37200000000088
1037.53800000000088
1037.56000000000088
1037.69500000000088
1037.84400000000088
1038.00800000000088
1038.17600000000088
1038.19900000000088
1038.34500000000088
1038.55600000000088
1038.69200000000088
1038.85700000000088
1039.02300000000088
1039.18700000000088
1039.36300000000088
1039.53100000000088
1039.70600000000088
1039.88300000000088
1040.03800000000088
1040.20400000000088
1040.37000000000088
1040.55000000000088
1040.70200000000088
1040.87400000000088
1041.03200000000088
1041.21000000000088
1041.36800000000088
1041.53800000000088
1041.71400000000088
1041.88400000000088
1042.05800000000088
1042.13700000000088
1042.23500000000088
1042.25600000000088
1042.41300000000088
1042.58600000000088
1042.98000000000088
1043.09000000000088
1043.26200000000088
1043.43500000000088
1043.59600000000089
1043.76500000000089
1043.93600000000089
1044.10300000000089
1044.26900000000089
1044.43000000000089
1044.60000000000089
1044.76200000000089
1044.92700000000089
1045.05800000000089
1046.67100000000089
1046.82800000000089
1046.98700000000089
1047.15500000000089
1047.30600000000089
1047.49200000000089
1047.64300000000089
1047.68400000000089
1047.82000000000089
1047.86300000000089
1047.98800000000089
1048.15100000000089
1048.32500000000089
1048.50700000000089
1048.68000000000089
1048.71000000000089
1048.85800000000089
1048.89900000000089
1049.02300000000089
1049.06400000000089
1049.18800000000089
1049.35800000000089
1049.52900000000089
1049.55400000000089
1049.86000000000089
1050.01200000000089
1050.18800000000089
1050.36400000000089
1050.51400000000089
1050.67100000000089
1050.85300000000089
1051.01200000000089
1051.17800000000089
1051.39300000000089
1051.52100000000089
1051.70400000000089
1051.74200000000089
1051.93100000000089
1051.95300000000089
1052.05000000000089
1052.20600000000089
1052.22500000000089
1052.37600000000089
1052.57900000000089
1052.70600000000089
1052.91000000000089
1053.03900000000089
1053.05900000000089
1053.22400000000089
1053.24900000000089
1053.39500000000089
1053.56200000000089
1053.74000000000089
1053.90600000000089
1054.07200000000089
1054.23800000000089
1054.41800000000089
1054.58300000000089
1054.7470000000009
1054.9170000000009
1055.0860000000009
1055.2540000000009
1055.4200000000009
1055.5970000000009
1055.6500000000009
1055.6720000000009
1055.8100000000009
1055.9280000000009
1056.2560000000009
1056.5150000000009
1056.6120000000009
1056.7680000000009
1056.9270000000009
1057.2580000000009
1057.2760000000009
1057.4290000000009
1057.5980000000009
1057.8000000000009
1057.9430000000009
1058.1090000000009
1058.2830000000009
1058.4940000000009
1076.25200000000091
1076.36800000000091
1076.54900000000091
1076.69100000000091
1076.88200000000091
1077.01500000000091
1077.17100000000092
1078.18900000000092
1078.86000000000092
1079.13900000000092
1079.25500000000092
1079.53400000000092
1079.69400000000092
1079.82600000000092
1080.03600000000092
1214.53300000000104
1215.38000000000104
1215.51000000000104
1215.64000000000104
1215.93500000000104
1216.25600000000104
1216.29400000000104
1216.46900000000104
1216.61600000000104
1216.75600000000104
1216.89800000000104
1217.43800000000104
1217.99600000000104
1218.34600000000104
1218.55600000000104
1218.69700000000104
1218.86700000000104
1218.99400000000104
1219.13300000000104
1219.26200000000104
1219.38000000000104
1220.72600000000104
1220.88500000000104
1221.04000000000104
1221.17300000000104
1221.30500000000104
1221.42700000000104
1221.56900000000104
1221.68800000000104
1221.84000000000104
1221.97400000000104
1222.10800000000104
1222.24100000000104
1222.35700000000104
1222.92800000000104
1223.06100000000104
1223.21100000000104
1223.34100000000104
1223.48000000000104
1223.61100000000105
1223.75700000000105
1223.89000000000105
1224.04400000000105
1224.17700000000105
1224.32200000000105
1224.46800000000105
1224.60200000000105
1224.77200000000105
1224.93000000000105
1225.06500000000105
1225.25000000000105
1225.36800000000105
1225.53400000000105
1225.69100000000105
1225.83100000000105
1225.96600000000105
1226.12100000000105
1226.26900000000105
1226.44900000000105
1227.33400000000105
1227.49000000000105
1227.63100000000105
1227.77500000000105
1227.91300000000105
1228.06100000000105
1228.19600000000105
1228.96600000000105
1229.11700000000105
1229.25600000000105
1229.40300000000105
1229.54800000000105
1229.70700000000105
1229.85800000000105
1229.98900000000105
1230.14800000000105
1230.30500000000105
1230.45200000000105
1230.60700000000105
1230.74200000000105
1230.90400000000105
1231.05100000000105
1231.21100000000105
1231.36100000000105
1231.52600000000105
1231.65700000000105
1233.00700000000105
1233.16500000000105
1233.31500000000105
1233.44900000000105
1233.60400000000105
1233.77800000000105
1233.93100000000105
1234.07900000000105
1234.22300000000105
1234.36900000000105
1234.94300000000106
1235.10300000000106
1235.25200000000106
1235.40800000000106
1235.56300000000106
1235.71100000000106
1235.87600000000106
1236.01100000000106
1236.18100000000106
1236.33000000000106
1236.48200000000106
1236.63800000000106
1236.79000000000106
1236.95400000000106
1237.10900000000106
1237.25700000000106
1237.40200000000106
1237.54400000000106
1238.68700000000106
1238.84300000000106
1239.00900000000106
1239.14800000000106
1239.29400000000106
1239.43400000000106
1239.59400000000106
1239.74600000000106
1239.88800000000106
1240.05200000000106
1240.19900000000106
1240.34500000000106
1240.48100000000106
1240.64200000000106
1240.78900000000106
1240.93900000000106
1241.09300000000106
1241.22500000000106
1241.35500000000106
1242.10700000000106
1242.26700000000106
1242.39500000000106
0
0
0
0
0
0
0
0
0
0
0
0
0
3600.00099999983085
0
0
0
0
0
0
