8
15
19
8
15
19
IPPneo1.12
test2
0
4
11
24
48
12
26
30
22
4
.3
1
1020
1020
1
709
709
1
1
1
1
1
1
1
1
1
1
1
1
1
1
1
1
1
1
1
1
1019
-1
148.62600000000009
148.77400000000009
148.931000000000091
149.093000000000091
149.263000000000091
149.429000000000091
149.611000000000091
149.767000000000091
150.932000000000092
151.084000000000093
151.255000000000093
151.418000000000093
151.586000000000093
151.756000000000093
151.936000000000093
152.667000000000094
152.809000000000094
152.988000000000094
153.157000000000094
153.319000000000095
153.491000000000095
154.402000000000095
154.546000000000096
154.733000000000096
154.901000000000096
155.061000000000096
155.254000000000096
156.132000000000097
156.283000000000097
156.482000000000097
156.655000000000097
156.833000000000098
157.011000000000098
157.200000000000098
157.380000000000098
157.542000000000098
157.746000000000098
157.953000000000099
158.130000000000099
158.310000000000099
158.496000000000099
158.692000000000099
158.881000000000099
160.065000000000101
160.211000000000101
160.383000000000101
160.559000000000101
160.739000000000101
160.920000000000101
161.091000000000101
161.299000000000102
161.461000000000102
161.629000000000102
161.786000000000102
161.968000000000102
162.656000000000103
162.817000000000103
162.995000000000103
163.117000000000103
163.197000000000103
163.376000000000103
163.490000000000104
163.580000000000104
163.673000000000104
163.776000000000104
163.894000000000104
164.001000000000104
164.182000000000104
165.213000000000105
165.466000000000105
165.633000000000105
165.820000000000106
166.012000000000106
166.409000000000106
166.569000000000106
166.740000000000106
166.865000000000107
166.932000000000107
170.42300000000011
170.56000000000011
170.73100000000011
170.90000000000011
212.419000000000147
212.543000000000147
212.679000000000147
212.832000000000147
213.010000000000148
213.549000000000148
213.693000000000148
213.793000000000148
213.892000000000148
214.088000000000148
214.214000000000149
214.300000000000149
214.424000000000149
214.531000000000149
214.644000000000149
215.21000000000015
215.37300000000015
215.49000000000015
215.58000000000015
215.96600000000015
216.28600000000015
216.33000000000015
216.594000000000151
216.772000000000151
217.004000000000151
217.176000000000151
217.351000000000151
217.527000000000152
217.642000000000152
217.719000000000152
217.970000000000152
218.153000000000152
218.338000000000152
218.516000000000152
218.731000000000153
218.907000000000153
219.070000000000153
219.243000000000153
219.341000000000153
219.419000000000153
219.590000000000153
219.828000000000154
220.500000000000154
220.658000000000154
220.855000000000155
221.055000000000155
221.154000000000155
221.215000000000155
221.391000000000155
221.481000000000155
221.597000000000155
221.698000000000155
221.829000000000155
360.472000000000278
436.364000000000346
436.499000000000346
437.944000000000347
619.532000000000509
619.615000000000509
619.906000000000509
620.066000000000509
620.467000000000509
620.65400000000051
620.73600000000051
620.82900000000051
620.87500000000051
621.05700000000051
621.17000000000051
621.40800000000051
621.58500000000051
622.041000000000511
622.374000000000511
622.524000000000511
622.685000000000511
622.907000000000512
623.074000000000512
623.250000000000512
623.424000000000512
623.625000000000512
623.837000000000512
624.012000000000513
624.206000000000513
624.405000000000513
624.601000000000513
624.849000000000513
625.397000000000514
625.540000000000514
625.736000000000514
625.847000000000514
626.352000000000515
626.565000000000515
626.962000000000515
627.114000000000515
627.711000000000516
627.987000000000516
628.228000000000516
629.309000000000517
629.559000000000517
630.187000000000518
630.853000000000519
631.174000000000519
631.408000000000519
631.691000000000519
632.04100000000052
632.61200000000052
633.436000000000521
633.914000000000521
634.514000000000522
635.097000000000522
636.245000000000523
636.793000000000524
637.214000000000524
637.820000000000525
638.151000000000525
639.035000000000526
639.427000000000526
639.633000000000526
639.887000000000527
640.508000000000527
640.675000000000527
640.832000000000527
640.998000000000528
641.178000000000528
641.382000000000528
641.482000000000528
641.856000000000528
641.987000000000528
642.439000000000529
642.605000000000529
642.864000000000529
643.08800000000053
643.11900000000053
643.36400000000053
643.58700000000053
643.77300000000053
643.93800000000053
644.09600000000053
644.25900000000053
644.430000000000531
644.601000000000531
644.776000000000531
644.943000000000531
645.661000000000532
645.821000000000532
646.013000000000532
646.154000000000532
646.236000000000532
646.427000000000532
646.554000000000533
646.651000000000533
646.753000000000533
646.780000000000533
646.889000000000533
647.061000000000533
647.255000000000533
647.348000000000533
647.377000000000533
647.509000000000533
648.084000000000534
648.099000000000534
648.351000000000534
648.740000000000534
649.281000000000535
649.379000000000535
649.946000000000536
650.034000000000536
650.276000000000536
650.812000000000536
652.019000000000537
652.249000000000538
652.326000000000538
653.273000000000539
653.752000000000539
653.888000000000539
654.219000000000539
654.32100000000054
655.06500000000054
655.25900000000054
655.504000000000541
656.495000000000541
656.589000000000542
661.908000000000546
662.373000000000547
662.468000000000547
663.500000000000548
664.395000000000548
665.375000000000549
665.557000000000549
665.71500000000055
665.90400000000055
666.01800000000055
666.11400000000055
666.20400000000055
666.32200000000055
666.40600000000055
666.69800000000055
666.840000000000551
667.059000000000551
667.101000000000551
667.275000000000551
667.539000000000551
667.823000000000551
667.987000000000552
668.507000000000552
668.640000000000552
668.809000000000552
668.972000000000552
669.131000000000553
669.302000000000553
669.465000000000553
669.653000000000553
669.832000000000553
669.998000000000553
670.154000000000554
670.385000000000554
670.560000000000554
670.745000000000554
670.928000000000554
671.412000000000555
671.579000000000555
671.774000000000555
671.948000000000555
672.129000000000555
672.327000000000556
672.560000000000556
672.788000000000556
672.965000000000556
673.154000000000556
673.383000000000556
673.621000000000557
673.800000000000557
674.019000000000557
674.197000000000557
674.397000000000557
674.592000000000557
674.782000000000558
674.972000000000558
675.210000000000558
675.391000000000558
675.574000000000558
675.822000000000559
676.064000000000559
676.253000000000559
676.447000000000559
676.636000000000559
676.90900000000056
677.12300000000056
677.32800000000056
677.47500000000056
678.692000000000561
678.814000000000561
679.813000000000562
679.985000000000562
680.195000000000562
680.318000000000563
680.476000000000563
680.655000000000563
680.834000000000563
681.029000000000563
681.239000000000563
681.436000000000564
681.621000000000564
681.838000000000564
682.026000000000564
682.222000000000564
682.410000000000564
682.625000000000565
682.819000000000565
683.017000000000565
683.220000000000565
683.409000000000565
683.593000000000565
683.782000000000566
683.987000000000566
684.203000000000566
684.404000000000566
684.567000000000566
684.749000000000566
684.949000000000567
685.149000000000567
685.427000000000567
690.276000000000571
690.443000000000572
690.601000000000572
690.781000000000572
691.113000000000572
691.203000000000572
691.235000000000572
691.500000000000572
691.840000000000573
692.066000000000573
693.111000000000574
693.628000000000574
694.135000000000575
695.931000000000576
696.022000000000576
696.310000000000577
698.522000000000579
698.721000000000579
699.77200000000058
699.88000000000058
700.10000000000058
700.21100000000058
700.32500000000058
700.45500000000058
700.578000000000581
700.984000000000581
701.157000000000581
701.307000000000581
701.477000000000581
701.646000000000582
701.821000000000582
701.987000000000582
702.179000000000582
702.369000000000582
702.562000000000582
702.771000000000582
702.960000000000583
703.148000000000583
703.368000000000583
703.570000000000583
703.746000000000583
703.910000000000584
704.091000000000584
704.273000000000584
704.462000000000584
704.648000000000584
704.838000000000584
705.033000000000584
705.235000000000585
705.451000000000585
705.666000000000585
705.866000000000585
706.043000000000585
706.227000000000586
706.428000000000586
706.596000000000586
706.777000000000586
706.936000000000586
707.106000000000586
707.298000000000586
707.493000000000587
707.697000000000587
707.898000000000587
708.107000000000587
709.545000000000588
709.725000000000589
709.907000000000589
710.087000000000589
710.273000000000589
710.496000000000589
710.68500000000059
710.84800000000059
711.04000000000059
711.23300000000059
711.42700000000059
711.62700000000059
711.820000000000591
713.453000000000592
713.622000000000592
714.548000000000593
717.378000000000596
717.509000000000596
717.659000000000596
717.805000000000596
718.058000000000596
718.208000000000596
718.467000000000596
718.899000000000597
719.228000000000597
719.418000000000597
719.878000000000598
720.951000000000599
721.113000000000599
721.272000000000599
721.442000000000599
721.618000000000599
721.800000000000599
721.9820000000006
722.1670000000006
722.3810000000006
722.5590000000006
722.7450000000006
722.9410000000006
723.189000000000601
723.352000000000601
723.536000000000601
723.730000000000601
723.925000000000601
724.126000000000602
724.227000000000602
724.258000000000602
724.386000000000602
724.959000000000602
725.282000000000602
726.211000000000603
726.456000000000604
726.675000000000604
726.731000000000604
726.763000000000604
728.562000000000605
728.635000000000605
728.772000000000606
728.866000000000606
728.942000000000606
729.206000000000606
729.667000000000606
729.805000000000606
729.970000000000607
729.987000000000607
730.157000000000607
730.347000000000607
730.553000000000607
730.784000000000607
730.815000000000607
730.901000000000608
730.921000000000608
730.949000000000608
731.867000000000608
732.031000000000608
732.440000000000609
732.739000000000609
733.25500000000061
733.35800000000061
733.86200000000061
734.23100000000061
734.532000000000611
734.886000000000611
735.057000000000611
735.218000000000611
735.391000000000611
735.606000000000612
736.150000000000612
736.522000000000612
736.969000000000613
745.23000000000062
745.626000000000621
746.078000000000621
746.736000000000622
746.902000000000622
747.285000000000622
747.727000000000622
748.621000000000623
748.716000000000623
749.045000000000624
749.244000000000624
749.729000000000624
750.013000000000624
750.354000000000625
750.506000000000625
750.628000000000625
750.726000000000625
750.846000000000625
754.496000000000628
756.66900000000063
781.869000000000653
781.966000000000653
782.362000000000653
782.472000000000653
782.878000000000654
783.159000000000654
783.762000000000654
784.134000000000655
784.221000000000655
784.321000000000655
784.480000000000655
784.688000000000655
784.729000000000655
785.100000000000656
785.465000000000656
786.831000000000657
1262.14900000000108
1262.51500000000108
1263.25800000000108
1263.60200000000108
1263.62700000000108
1264.30800000000108
1264.43300000000108
1264.58600000000108
1264.92400000000108
1265.09400000000108
1265.25100000000108
1265.33800000000108
1266.05500000000108
1267.01600000000108
1267.17100000000108
1267.53900000000108
1267.69200000000108
1267.95700000000108
1268.41900000000108
1268.72800000000109
1269.13500000000109
1269.24400000000109
1269.38100000000109
1269.65000000000109
1270.04700000000109
1270.52000000000109
1270.68800000000109
1271.05100000000109
1271.24100000000109
1271.86900000000109
1272.05600000000109
1272.35000000000109
1276.93900000000109
1277.12700000000109
1277.58000000000109
1277.67500000000109
1278.14300000000109
1278.20400000000109
1280.9980000000011
1281.1420000000011
1281.3800000000011
1281.9480000000011
1282.0540000000011
1282.5110000000011
1282.6190000000011
1282.6310000000011
1283.0490000000011
1283.1950000000011
1283.3360000000011
1283.7540000000011
1284.2490000000011
1284.4160000000011
1284.7470000000011
1284.9170000000011
1285.1230000000011
1285.7050000000011
1285.8410000000011
1285.9860000000011
1286.1470000000011
1286.3130000000011
1286.6830000000011
1286.8330000000011
1287.0020000000011
1287.1740000000011
1287.4000000000011
1287.5940000000011
1287.7690000000011
1287.9710000000011
1288.1660000000011
1288.3450000000011
1288.5310000000011
1288.7080000000011
1288.8810000000011
1289.0830000000011
1289.2670000000011
1290.0730000000011
1290.2360000000011
1290.4160000000011
1290.5930000000011
1290.7920000000011
1290.9880000000011
1291.21600000000111
1291.40800000000111
1291.61000000000111
1291.86900000000111
1292.05900000000111
1292.29300000000111
1292.68200000000111
1292.83500000000111
1293.00600000000111
1293.19700000000111
1293.37600000000111
1293.56800000000111
1293.77100000000111
1293.91900000000111
1294.09400000000111
1294.27200000000111
1294.46100000000111
1295.37500000000111
1295.53400000000111
1295.71300000000111
1295.90400000000111
1296.14200000000111
1296.39100000000111
1296.59400000000111
1296.78400000000111
1296.97100000000111
1297.17400000000111
1298.39800000000111
1299.14200000000111
1299.21400000000111
1299.67400000000111
1299.97500000000111
1300.16200000000111
1300.34100000000111
1300.96600000000111
1300.99200000000111
1301.13500000000111
1301.57200000000111
1302.13400000000111
1302.50600000000112
1302.77100000000112
1302.98700000000112
1303.66500000000112
1303.86400000000112
1304.02300000000112
1304.19200000000112
1304.35400000000112
1304.53000000000112
1304.70200000000112
1304.89000000000112
1305.07500000000112
1305.28700000000112
1305.38700000000112
1305.54200000000112
1305.88300000000112
1306.08300000000112
1306.25200000000112
1306.43800000000112
1306.63600000000112
1306.82600000000112
1307.01700000000112
1307.21900000000112
1307.40300000000112
1307.59500000000112
1307.81700000000112
1307.98300000000112
1308.16900000000112
1308.37600000000112
1309.53700000000112
1309.92800000000112
1310.07900000000112
1310.27500000000112
1310.50500000000112
1310.66200000000112
1310.83800000000112
1311.49900000000112
1312.01800000000112
1312.17000000000112
1312.82000000000112
1312.98200000000112
1313.13700000000112
1313.30000000000112
1314.81400000000113
1315.02800000000113
1315.62700000000113
1315.80300000000113
1315.96500000000113
1316.20000000000113
1316.38900000000113
1316.72400000000113
1316.93800000000113
1317.12600000000113
1317.32300000000113
1317.49800000000113
1317.72600000000113
1317.92500000000113
1318.10800000000113
1318.29300000000113
1318.48700000000113
1319.30600000000113
1319.43000000000113
1322.51600000000113
1322.68900000000113
1323.06900000000113
1326.11600000000114
1326.33500000000114
1326.69400000000114
1327.05800000000114
1327.14200000000114
1327.78300000000114
1327.93600000000114
1328.10700000000114
1328.26500000000114
1556.56800000000134
1556.67200000000134
1559.69700000000134
1559.89700000000134
1560.33300000000134
1560.48800000000134
1563.02100000000135
1563.19300000000135
1564.65400000000135
1577.44100000000136
1577.61000000000136
1578.59900000000136
1582.36000000000136
1582.52500000000136
1582.69800000000136
1582.84900000000136
1590.19500000000137
1590.34300000000137
1590.53500000000137
1590.69800000000137
1590.87700000000137
1591.04100000000137
1591.21900000000137
1591.38700000000137
1591.57000000000137
1591.75300000000137
1591.92500000000137
1592.11200000000137
1592.30500000000137
1593.62100000000137
1593.76700000000137
1593.94300000000137
1594.68800000000137
1596.71800000000138
1596.80000000000138
1597.02800000000138
1597.42800000000138
1597.82600000000138
1598.15100000000138
1598.98600000000138
1599.05700000000138
1599.11800000000138
1599.36400000000138
1599.70800000000138
1600.15800000000138
1600.46100000000138
1600.61800000000138
1600.95000000000138
1602.68600000000138
1603.18300000000138
1603.34300000000138
1603.52000000000138
1603.67800000000138
1603.85500000000138
1604.02600000000138
1604.21200000000138
1604.40200000000138
1604.58400000000138
1604.77400000000138
1604.95700000000138
1605.15200000000138
1605.33000000000138
1605.54000000000138
1611.07500000000139
1611.28000000000139
1692.87600000000146
1693.60300000000146
1694.16600000000146
1694.33500000000146
1696.31700000000146
1696.46800000000146
1696.64400000000147
1697.09800000000147
1713.51600000000148
1713.66800000000148
1714.47200000000148
1714.63100000000148
1714.80400000000148
1714.97200000000148
1715.16600000000148
1715.38400000000148
1715.57400000000148
1715.76700000000148
1715.94100000000148
1716.11500000000148
1716.29300000000148
1716.47400000000148
1716.66400000000148
1717.69700000000148
1717.86700000000148
1718.02400000000148
1718.24000000000148
1718.41600000000148
1719.06500000000149
1719.98400000000149
1720.17400000000149
1720.57600000000149
1721.35900000000149
1721.80000000000149
1721.95300000000149
1722.11900000000149
1722.31000000000149
1722.47500000000149
1722.64800000000149
1722.82600000000149
1723.00800000000149
1723.27800000000149
1723.48900000000149
1724.08000000000149
1724.25900000000149
1724.48500000000149
1724.66700000000149
1725.14600000000149
1725.39400000000149
1725.59300000000149
1725.78200000000149
1725.97900000000149
1726.18000000000149
1726.43700000000149
1726.71000000000149
1727.93000000000149
1728.14900000000149
1728.41000000000149
1728.59700000000149
1728.82000000000149
1729.05100000000149
1729.30500000000149
1729.83900000000149
1730.3260000000015
1730.3980000000015
1730.5810000000015
1730.9910000000015
1731.6590000000015
2126.51099999999313
2128.44999999999292
2128.81099999999288
2129.44199999999281
2129.63099999999279
2130.88099999999265
2131.01899999999263
2131.21899999999261
2131.43099999999259
2131.65299999999256
2135.37199999999215
2135.41299999999215
2135.61399999999213
2136.26899999999206
2136.28399999999205
2141.61699999999147
2141.80499999999145
2142.16299999999141
2142.2619999999914
2142.62899999999136
2142.78499999999134
2142.97799999999132
2143.1669999999913
2143.59099999999125
2143.77599999999123
2143.80899999999123
2144.0289999999912
2144.43199999999116
2144.56299999999114
2144.74699999999112
2144.9809999999911
2145.36699999999105
2146.31999999999095
2146.54299999999092
2146.63399999999091
2146.7579999999909
2147.21099999999085
2147.50599999999082
2147.6629999999908
2147.82699999999078
2147.98599999999077
2148.14599999999075
2148.32599999999073
2148.50599999999071
2148.68499999999069
2148.88299999999067
2149.41299999999061
2149.64199999999058
2149.95399999999055
2150.18699999999052
2150.44899999999049
2150.77899999999046
2151.73299999999035
2151.97299999999033
2152.1669999999903
2152.50299999999027
2152.71499999999024
2152.83199999999023
2153.01399999999021
2153.54399999999015
2153.70299999999014
2153.95799999999011
2154.0479999999901
2154.15499999999009
2154.37799999999006
2154.60299999999004
2157.58199999998971
2157.94399999998967
2158.11599999998965
2158.5499999999896
2158.73499999998958
2159.31599999998952
2159.4639999999895
2159.65899999998948
2159.92599999998945
2160.44799999998939
2160.61999999998937
2160.72399999998936
2161.04699999998933
2162.87699999998913
2162.90499999998912
2163.1059999999891
2163.45899999998906
2163.61399999998904
2164.51899999998894
2164.61299999998893
2165.01299999998889
2165.15999999998887
2165.31899999998886
2165.94399999998879
2166.12299999998877
2232.43299999998146
2232.58799999998145
3390.05299999985397
3402.93699999985255
3403.21699999985252
3403.31699999985251
3403.4289999998525
3403.83299999985245
3404.22399999985241
3404.67399999985236
3404.83399999985234
3405.42199999985228
3405.57799999985226
3405.74899999985224
3405.89599999985223
3406.06499999985221
3406.23199999985219
3406.42499999985217
3406.78399999985213
3406.91199999985211
3407.0819999998521
3407.20399999985208
3407.72199999985203
3407.86299999985201
3408.35699999985196
3408.44399999985195
3468.31499999984535
3498.59999999984202
3498.766999999842
3499.00099999984197
3499.20099999984195
3500.00199999984186
3500.11799999984185
3500.40399999984182
3500.6089999998418
3500.70899999984178
3501.19199999984173
3501.28899999984172
3501.5089999998417
3501.65299999984168
3501.75799999984167
3501.86199999984166
3502.3519999998416
3502.49799999984159
3502.67399999984157
3502.82199999984155
3502.95999999984154
3503.13799999984152
-2
148.67700000000009
148.841000000000091
149.008000000000091
149.174000000000091
149.339000000000091
149.502000000000091
149.672000000000091
149.826000000000091
150.997000000000092
151.159000000000093
151.329000000000093
151.497000000000093
151.664000000000093
151.831000000000093
151.991000000000093
152.716000000000094
152.875000000000094
153.065000000000094
153.224000000000094
153.396000000000095
153.562000000000095
154.469000000000096
154.626000000000096
154.805000000000096
154.972000000000096
155.157000000000096
155.325000000000096
156.187000000000097
156.356000000000097
156.562000000000097
156.727000000000098
156.906000000000098
157.095000000000098
157.268000000000098
157.443000000000098
157.635000000000098
157.845000000000099
158.024000000000099
158.211000000000099
158.397000000000099
158.590000000000099
158.779000000000099
158.9580000000001
160.134000000000101
160.292000000000101
160.460000000000101
160.634000000000101
160.821000000000101
160.994000000000101
161.177000000000102
161.362000000000102
161.521000000000102
161.682000000000102
161.866000000000102
162.044000000000102
162.732000000000103
162.898000000000103
163.082000000000103
163.129000000000103
163.277000000000103
163.459000000000104
163.524000000000104
163.659000000000104
163.705000000000104
163.866000000000104
163.911000000000104
164.077000000000104
164.272000000000104
165.355000000000105
165.548000000000105
165.724000000000106
165.905000000000106
166.060000000000106
166.525000000000106
166.639000000000106
166.826000000000107
166.880000000000107
167.022000000000107
170.48400000000011
170.62700000000011
170.81100000000011
170.97400000000011
212.473000000000147
212.599000000000147
212.755000000000147
212.919000000000147
213.071000000000148
213.611000000000148
213.778000000000148
213.826000000000148
213.976000000000148
214.176000000000149
214.227000000000149
214.391000000000149
214.445000000000149
214.610000000000149
214.675000000000149
215.27900000000015
215.41300000000015
215.54200000000015
215.67900000000015
216.28400000000015
216.29000000000015
216.417000000000151
216.673000000000151
216.794000000000151
217.075000000000151
217.256000000000151
217.430000000000151
217.612000000000152
217.654000000000152
217.914000000000152
218.039000000000152
218.238000000000152
218.423000000000152
218.608000000000153
218.822000000000153
218.988000000000153
219.154000000000153
219.318000000000153
219.346000000000153
219.493000000000153
219.672000000000153
219.906000000000154
220.570000000000154
220.732000000000154
220.931000000000155
221.122000000000155
221.162000000000155
221.295000000000155
221.469000000000155
221.494000000000155
221.682000000000155
221.710000000000155
221.902000000000155
360.508000000000279
436.412000000000346
436.551000000000346
437.997000000000347
619.543000000000509
619.653000000000509
619.965000000000509
620.128000000000509
620.507000000000509
620.72400000000051
620.75000000000051
620.87400000000051
620.91300000000051
621.09100000000051
621.25600000000051
621.44700000000051
621.66900000000051
622.076000000000511
622.432000000000511
622.590000000000511
622.749000000000511
622.981000000000512
623.153000000000512
623.336000000000512
623.513000000000512
623.704000000000512
623.911000000000512
624.092000000000513
624.310000000000513
624.495000000000513
624.697000000000513
624.935000000000513
625.498000000000514
625.626000000000514
625.787000000000514
625.953000000000514
626.562000000000515
626.887000000000515
626.990000000000515
627.219000000000515
627.920000000000516
628.199000000000516
629.011000000000517
629.496000000000517
629.959000000000518
630.433000000000518
631.082000000000519
631.315000000000519
631.459000000000519
631.96000000000052
632.40100000000052
633.045000000000521
633.770000000000521
634.381000000000522
634.858000000000522
635.697000000000523
636.559000000000524
637.110000000000524
637.632000000000525
637.938000000000525
638.874000000000526
639.327000000000526
639.504000000000526
639.692000000000526
639.984000000000527
640.579000000000527
640.738000000000527
640.913000000000528
641.081000000000528
641.260000000000528
641.460000000000528
641.522000000000528
641.894000000000528
642.304000000000529
642.580000000000529
642.833000000000529
642.896000000000529
643.11700000000053
643.23600000000053
643.44700000000053
643.67500000000053
643.85300000000053
644.00700000000053
644.16900000000053
644.334000000000531
644.512000000000531
644.704000000000531
644.851000000000531
645.033000000000531
645.728000000000532
645.883000000000532
646.096000000000532
646.162000000000532
646.307000000000532
646.516000000000532
646.565000000000533
646.737000000000533
646.769000000000533
646.838000000000533
646.956000000000533
647.140000000000533
647.343000000000533
647.357000000000533
647.426000000000533
647.581000000000533
648.094000000000534
648.215000000000534
648.531000000000534
649.077000000000535
649.322000000000535
649.857000000000536
649.980000000000536
650.073000000000536
650.608000000000536
651.822000000000537
652.247000000000538
652.267000000000538
653.033000000000538
653.493000000000539
653.857000000000539
653.927000000000539
654.268000000000539
654.35300000000054
655.20700000000054
655.503000000000541
656.032000000000541
656.518000000000541
657.403000000000542
662.182000000000546
662.410000000000547
662.722000000000547
664.213000000000548
664.735000000000549
665.439000000000549
665.62100000000055
665.79000000000055
665.98100000000055
666.03400000000055
666.18300000000055
666.21900000000055
666.39000000000055
666.42000000000055
666.74200000000055
666.950000000000551
667.099000000000551
667.124000000000551
667.370000000000551
667.689000000000551
667.859000000000552
668.345000000000552
668.561000000000552
668.723000000000552
668.893000000000552
669.051000000000553
669.219000000000553
669.386000000000553
669.574000000000553
669.799000000000553
669.909000000000553
670.102000000000554
670.248000000000554
670.467000000000554
670.645000000000554
670.836000000000554
671.032000000000554
671.483000000000555
671.655000000000555
671.877000000000555
672.033000000000555
672.221000000000555
672.430000000000556
672.732000000000556
672.908000000000556
673.069000000000556
673.251000000000556
673.513000000000556
673.711000000000557
673.917000000000557
674.126000000000557
674.297000000000557
674.489000000000557
674.682000000000558
674.866000000000558
675.079000000000558
675.294000000000558
675.476000000000558
675.668000000000558
675.965000000000559
676.158000000000559
676.351000000000559
676.552000000000559
676.88200000000056
677.02500000000056
677.22100000000056
677.37500000000056
677.56200000000056
678.744000000000561
678.833000000000561
679.882000000000562
680.060000000000562
680.211000000000562
680.388000000000563
680.582000000000563
680.744000000000563
680.937000000000563
681.132000000000563
681.361000000000564
681.540000000000564
681.717000000000564
681.933000000000564
682.115000000000564
682.315000000000564
682.497000000000564
682.717000000000565
682.901000000000565
683.107000000000565
683.310000000000565
683.495000000000565
683.687000000000566
683.877000000000566
684.093000000000566
684.286000000000566
684.469000000000566
684.648000000000566
684.842000000000567
685.041000000000567
685.234000000000567
685.511000000000567
690.317000000000571
690.508000000000572
690.681000000000572
690.849000000000572
691.138000000000572
691.218000000000572
691.379000000000572
691.816000000000573
692.063000000000573
692.666000000000574
693.188000000000574
693.979000000000575
695.913000000000576
695.940000000000576
696.113000000000577
696.407000000000577
698.605000000000579
699.63800000000058
699.81700000000058
699.95500000000058
700.18200000000058
700.28200000000058
700.40700000000058
700.553000000000581
700.695000000000581
701.059000000000581
701.227000000000581
701.384000000000581
701.564000000000581
701.733000000000582
701.915000000000582
702.125000000000582
702.307000000000582
702.492000000000582
702.698000000000582
702.885000000000583
703.056000000000583
703.248000000000583
703.453000000000583
703.649000000000583
703.805000000000583
703.992000000000584
704.180000000000584
704.356000000000584
704.561000000000584
704.742000000000584
704.929000000000584
705.123000000000585
705.350000000000585
705.579000000000585
705.775000000000585
705.942000000000585
706.141000000000586
706.319000000000586
706.480000000000586
706.645000000000586
706.871000000000586
707.021000000000586
707.205000000000586
707.399000000000587
707.591000000000587
707.798000000000587
708.000000000000587
708.212000000000587
709.598000000000589
709.812000000000589
710.001000000000589
710.185000000000589
710.391000000000589
710.612000000000589
710.77400000000059
710.95500000000059
711.16200000000059
711.33300000000059
711.52500000000059
711.71800000000059
711.928000000000591
713.529000000000592
713.711000000000592
714.621000000000593
717.450000000000596
717.579000000000596
717.705000000000596
717.853000000000596
718.156000000000596
718.238000000000596
718.742000000000597
719.145000000000597
719.247000000000597
719.796000000000598
720.646000000000598
721.035000000000599
721.195000000000599
721.357000000000599
721.536000000000599
721.709000000000599
721.9100000000006
722.0880000000006
722.2760000000006
722.5110000000006
722.6770000000006
722.8470000000006
723.101000000000601
723.317000000000601
723.441000000000601
723.633000000000601
723.828000000000601
724.007000000000601
724.224000000000602
724.243000000000602
724.287000000000602
724.411000000000602
725.115000000000602
725.351000000000603
726.238000000000603
726.472000000000604
726.714000000000604
726.733000000000604
727.551000000000604
728.597000000000605
728.700000000000606
728.799000000000606
728.892000000000606
728.981000000000606
729.261000000000606
729.718000000000606
729.877000000000607
729.985000000000607
730.055000000000607
730.257000000000607
730.496000000000607
730.714000000000607
730.810000000000607
730.897000000000608
730.917000000000608
730.948000000000608
731.487000000000608
731.917000000000608
732.354000000000609
732.722000000000609
733.15800000000061
733.28900000000061
733.74100000000061
733.92400000000061
734.29200000000061
734.583000000000611
734.945000000000611
735.122000000000611
735.295000000000611
735.467000000000612
735.679000000000612
736.502000000000612
736.939000000000613
737.683000000000614
745.40900000000062
745.765000000000621
746.496000000000621
746.849000000000622
746.940000000000622
747.350000000000622
747.777000000000622
748.666000000000623
748.816000000000623
749.174000000000624
749.631000000000624
749.838000000000624
750.135000000000625
750.423000000000625
750.550000000000625
750.673000000000625
750.800000000000625
751.797000000000626
754.528000000000628
756.962000000000631
781.879000000000653
782.120000000000653
782.405000000000653
782.677000000000654
782.958000000000654
783.213000000000654
784.107000000000655
784.158000000000655
784.268000000000655
784.387000000000655
784.528000000000655
784.697000000000655
784.844000000000655
785.207000000000656
785.584000000000656
786.856000000000657
1262.17000000000108
1262.56500000000108
1263.31200000000108
1263.62300000000108
1263.81000000000108
1264.36300000000108
1264.51800000000108
1264.67200000000108
1264.96800000000108
1265.11700000000108
1265.27200000000108
1265.37500000000108
1266.08300000000108
1267.06800000000108
1267.22800000000108
1267.56700000000108
1267.76700000000108
1267.96800000000108
1268.43800000000108
1268.95700000000109
1269.17900000000109
1269.36000000000109
1269.48900000000109
1269.69900000000109
1270.10500000000109
1270.66300000000109
1270.76200000000109
1271.22000000000109
1271.55100000000109
1271.89600000000109
1272.15400000000109
1272.68700000000109
1277.05600000000109
1277.37000000000109
1277.61500000000109
1277.98600000000109
1278.15500000000109
1278.59000000000109
1281.0230000000011
1281.2090000000011
1281.5490000000011
1281.9580000000011
1282.3100000000011
1282.5530000000011
1282.6280000000011
1282.9540000000011
1283.1210000000011
1283.2660000000011
1283.3960000000011
1283.7980000000011
1284.2810000000011
1284.6710000000011
1284.8620000000011
1285.0850000000011
1285.2220000000011
1285.7470000000011
1285.9030000000011
1286.0530000000011
1286.2250000000011
1286.3930000000011
1286.7410000000011
1286.9100000000011
1287.0810000000011
1287.2690000000011
1287.4940000000011
1287.6700000000011
1287.8400000000011
1288.0640000000011
1288.2530000000011
1288.4280000000011
1288.6130000000011
1288.7760000000011
1288.9550000000011
1289.1610000000011
1289.3570000000011
1290.1250000000011
1290.3230000000011
1290.5020000000011
1290.6700000000011
1290.8750000000011
1291.0660000000011
1291.31800000000111
1291.50500000000111
1291.70700000000111
1291.95500000000111
1292.14300000000111
1292.39800000000111
1292.72800000000111
1292.91400000000111
1293.09300000000111
1293.28400000000111
1293.47500000000111
1293.63300000000111
1293.78200000000111
1293.99100000000111
1294.17600000000111
1294.34700000000111
1294.51300000000111
1295.43900000000111
1295.61300000000111
1295.80400000000111
1296.00500000000111
1296.25100000000111
1296.49600000000111
1296.69100000000111
1296.87400000000111
1297.06700000000111
1297.25600000000111
1298.46600000000111
1299.15700000000111
1299.25600000000111
1299.73100000000111
1300.03500000000111
1300.22600000000111
1300.39400000000111
1300.98800000000111
1301.11800000000111
1301.28100000000111
1301.74900000000111
1302.31400000000111
1302.54300000000112
1302.87800000000112
1303.08000000000112
1303.74200000000112
1303.93300000000112
1304.10000000000112
1304.26700000000112
1304.44200000000112
1304.62100000000112
1304.80200000000112
1304.98800000000112
1305.17800000000112
1305.38500000000112
1305.39800000000112
1305.62800000000112
1305.95800000000112
1306.15500000000112
1306.33900000000112
1306.54400000000112
1306.75500000000112
1306.91800000000112
1307.10700000000112
1307.30000000000112
1307.49300000000112
1307.70100000000112
1307.89000000000112
1308.07000000000112
1308.27300000000112
1308.46200000000112
1309.57700000000112
1309.97800000000112
1310.14900000000112
1310.32500000000112
1310.56400000000112
1310.72400000000112
1310.92900000000112
1311.73900000000112
1312.09500000000112
1312.24000000000112
1312.88900000000112
1313.04200000000112
1313.20100000000112
1313.34100000000112
1314.88400000000113
1315.09800000000113
1315.70900000000113
1315.87200000000113
1316.05300000000113
1316.30300000000113
1316.47800000000113
1316.81900000000113
1317.03000000000113
1317.22400000000113
1317.40900000000113
1317.58100000000113
1317.82300000000113
1318.00700000000113
1318.19600000000113
1318.38500000000113
1318.56500000000113
1319.38000000000113
1319.53200000000113
1322.57600000000113
1322.75500000000113
1323.12100000000113
1326.19100000000114
1326.41600000000114
1326.87900000000114
1327.09100000000114
1327.20900000000114
1327.84800000000114
1328.01400000000114
1328.17600000000114
1328.34000000000114
1556.59300000000134
1556.70900000000134
1559.75300000000134
1559.91300000000134
1560.35800000000134
1560.51700000000134
1563.06200000000135
1563.24300000000135
1564.69100000000135
1577.49400000000136
1577.67400000000136
1578.62300000000136
1582.42000000000136
1582.58300000000136
1582.75200000000136
1582.90800000000136
1590.25000000000137
1590.40000000000137
1590.59600000000137
1590.78000000000137
1590.95300000000137
1591.12000000000137
1591.29700000000137
1591.47500000000137
1591.66300000000137
1591.84100000000137
1592.00600000000137
1592.19100000000137
1592.37400000000137
1593.66300000000137
1593.84400000000137
1594.02000000000137
1594.75500000000137
1596.76600000000138
1596.87300000000138
1597.39100000000138
1597.43400000000138
1597.86100000000138
1598.21300000000138
1599.04400000000138
1599.07900000000138
1599.14800000000138
1599.46700000000138
1600.08800000000138
1600.21600000000138
1600.50400000000138
1600.64300000000138
1600.99800000000138
1602.76200000000138
1603.25500000000138
1603.41900000000138
1603.59900000000138
1603.76500000000138
1603.95300000000138
1604.12900000000138
1604.30700000000138
1604.49400000000138
1604.67600000000138
1604.87000000000138
1605.05300000000138
1605.23800000000138
1605.41900000000138
1605.62300000000138
1611.14400000000139
1611.30400000000139
1692.97600000000146
1693.80500000000146
1694.22400000000146
1694.39800000000146
1696.37400000000146
1696.52500000000147
1696.70000000000147
1697.13400000000147
1713.54500000000148
1713.74700000000148
1714.54500000000148
1714.71500000000148
1714.88900000000148
1715.05100000000148
1715.24900000000148
1715.47700000000148
1715.66700000000148
1715.83100000000148
1716.02200000000148
1716.20200000000148
1716.37700000000148
1716.56400000000148
1716.74800000000148
1717.72200000000148
1717.91200000000148
1718.10800000000148
1718.31400000000148
1718.50300000000148
1719.11500000000149
1720.09200000000149
1720.26600000000149
1720.89800000000149
1721.38900000000149
1721.81800000000149
1722.01900000000149
1722.18900000000149
1722.37500000000149
1722.56000000000149
1722.73600000000149
1722.91500000000149
1723.10100000000149
1723.36500000000149
1723.56900000000149
1724.15700000000149
1724.33500000000149
1724.56100000000149
1724.71600000000149
1725.23900000000149
1725.47600000000149
1725.66800000000149
1725.88300000000149
1726.06300000000149
1726.26200000000149
1726.51100000000149
1726.74600000000149
1728.03300000000149
1728.23400000000149
1728.49500000000149
1728.68000000000149
1728.90400000000149
1729.13300000000149
1729.37900000000149
1730.1490000000015
1730.3440000000015
1730.4480000000015
1730.6730000000015
1731.3390000000015
1731.9940000000015
2126.53999999999313
2128.73999999999289
2128.95399999999286
2129.5019999999928
2129.68999999999278
2130.91599999999265
2131.09199999999263
2131.2869999999926
2131.48599999999258
2131.71799999999256
2135.38599999999215
2135.56799999999213
2135.99099999999209
2136.27899999999205
2136.780999999992
2141.68899999999146
2141.89899999999144
2142.1929999999914
2142.30099999999139
2142.68799999999135
2142.84999999999133
2143.01299999999131
2143.23099999999129
2143.64699999999124
2143.78599999999123
2143.96599999999121
2144.37699999999116
2144.49299999999115
2144.64599999999113
2144.9559999999911
2145.36399999999105
2145.95499999999099
2146.39699999999094
2146.56199999999092
2146.64599999999091
2146.86099999999089
2147.24299999999085
2147.57799999999081
2147.73899999999079
2147.89499999999078
2148.05899999999076
2148.24599999999074
2148.41699999999072
2148.5979999999907
2148.76699999999068
2148.95399999999066
2149.4769999999906
2149.70099999999058
2150.05599999999054
2150.30799999999051
2150.76499999999046
2151.68499999999036
2151.94799999999033
2152.11499999999031
2152.2569999999903
2152.52699999999027
2152.79399999999024
2152.90999999999022
2153.07099999999021
2153.57699999999015
2153.75999999999013
2154.0049999999901
2154.14399999999009
2154.30099999999007
2154.46699999999005
2154.62199999999003
2157.6239999999897
2157.99999999998966
2158.17199999998964
2158.5819999999896
2158.97099999998956
2159.37199999998951
2159.54699999998949
2159.70499999998947
2160.01899999998944
2160.47599999998939
2160.68499999998937
2160.94499999998934
2161.10899999998932
2162.89399999998912
2163.04499999998911
2163.1359999999891
2163.52499999998905
2163.66999999998904
2164.54699999998894
2164.69099999998893
2165.07299999998888
2165.22199999998887
2165.39699999998885
2166.00699999998878
2166.15799999998876
2232.48499999998146
2232.63899999998144
3390.09799999985397
3402.97799999985255
3403.22599999985252
3403.3669999998525
3403.49099999985249
3403.87599999985245
3404.26299999985241
3404.71899999985236
3404.87899999985234
3405.47499999985227
3405.63299999985226
3405.80299999985224
3405.96799999985222
3406.1269999998522
3406.30299999985218
3406.49399999985216
3406.85399999985212
3407.0159999998521
3407.14399999985209
3407.38399999985206
3407.79099999985202
3407.908999999852
3408.37399999985195
3408.53499999985194
3468.34799999984535
3498.64199999984201
3498.80599999984199
3499.02399999984197
3499.21699999984195
3500.04999999984186
3500.17899999984184
3500.44299999984181
3500.66499999984179
3500.91899999984176
3501.21699999984173
3501.37799999984171
3501.56499999984169
3501.70099999984168
3501.80499999984166
3501.95699999984165
3502.3989999998416
3502.55299999984158
3502.72099999984156
3502.87799999984155
3503.03499999984153
3503.20399999984151
708
-3
3.42000000000000006
17.4649999999999991
27.3499999999999907
59.2100000000000109
59.307000000000011
89.631000000000038
90.0340000000000383
146.012000000000088
165.005000000000105
165.026000000000105
165.047000000000105
165.067000000000105
165.087000000000105
165.107000000000105
165.127000000000105
165.147000000000105
165.167000000000105
165.187000000000105
165.207000000000105
165.368000000000105
165.388000000000105
165.408000000000105
165.428000000000105
165.448000000000105
165.567000000000105
165.586000000000105
165.606000000000105
165.626000000000105
165.728000000000106
165.736000000000106
165.746000000000106
165.766000000000106
165.786000000000106
165.806000000000106
165.909000000000106
165.916000000000106
165.926000000000106
165.946000000000106
165.966000000000106
165.986000000000106
166.006000000000106
166.067000000000106
166.086000000000106
166.108000000000106
166.129000000000106
166.149000000000106
166.169000000000106
166.189000000000106
166.229000000000106
166.247000000000106
166.257000000000106
166.267000000000106
166.287000000000106
166.306000000000106
166.326000000000106
166.346000000000106
166.366000000000106
166.386000000000106
166.406000000000106
166.529000000000106
166.546000000000106
166.566000000000106
166.648000000000106
166.667000000000106
166.686000000000106
166.706000000000106
166.727000000000106
166.829000000000107
166.838000000000107
166.847000000000107
166.888000000000107
166.907000000000107
166.927000000000107
167.029000000000107
167.037000000000107
167.048000000000107
167.067000000000107
167.087000000000107
167.107000000000107
167.127000000000107
167.147000000000107
167.167000000000107
167.187000000000107
167.208000000000107
169.451000000000109
169.608000000000109
169.629000000000109
169.650000000000109
169.670000000000109
169.690000000000109
169.710000000000109
169.730000000000109
169.751000000000109
169.771000000000109
169.791000000000109
169.810000000000109
169.830000000000109
169.850000000000109
169.870000000000109
169.891000000000109
169.911000000000109
169.931000000000109
169.951000000000109
169.971000000000109
169.991000000000109
170.011000000000109
170.031000000000109
170.052000000000109
170.072000000000109
170.091000000000109
170.112000000000109
170.132000000000109
171.719000000000111
171.731000000000111
172.033000000000111
172.246000000000111
172.855000000000112
172.891000000000112
174.123000000000113
228.714000000000161
228.911000000000162
229.024000000000162
229.145000000000162
229.282000000000162
229.413000000000162
229.825000000000162
229.831000000000162
229.972000000000163
230.116000000000163
230.223000000000163
230.257000000000163
230.395000000000163
230.529000000000163
230.672000000000163
230.748000000000163
230.827000000000163
231.202000000000164
231.524000000000164
231.812000000000164
231.926000000000164
231.953000000000164
232.380000000000165
232.439000000000165
232.504000000000165
232.640000000000165
233.346000000000166
233.445000000000166
233.456000000000166
233.495000000000166
233.639000000000166
233.746000000000166
233.805000000000166
233.888000000000166
233.953000000000166
234.046000000000166
234.056000000000166
234.102000000000166
312.174000000000236
316.292000000000239
355.717000000000274
356.097000000000275
356.520000000000275
356.739000000000275
442.414000000000351
442.536000000000351
442.603000000000351
442.667000000000352
442.964000000000352
443.092000000000352
443.220000000000352
443.357000000000352
443.921000000000353
444.073000000000353
444.657000000000353
444.717000000000353
444.781000000000353
444.911000000000354
444.994000000000354
445.041000000000354
445.184000000000354
445.327000000000354
445.475000000000354
445.623000000000354
445.770000000000354
445.913000000000354
446.060000000000355
446.467000000000355
446.585000000000355
446.721000000000355
446.859000000000355
447.015000000000355
447.166000000000356
447.327000000000356
447.466000000000356
447.621000000000356
447.776000000000356
447.936000000000356
448.095000000000356
448.243000000000356
448.676000000000357
448.798000000000357
448.942000000000357
449.080000000000357
449.229000000000357
449.374000000000357
454.251000000000362
454.310000000000362
454.376000000000362
454.462000000000362
454.497000000000362
454.517000000000362
454.599000000000362
454.662000000000362
454.745000000000362
454.814000000000362
454.923000000000362
454.964000000000362
455.117000000000363
455.269000000000363
455.428000000000363
455.582000000000363
455.750000000000363
455.897000000000363
456.033000000000363
456.159000000000364
456.302000000000364
456.451000000000364
456.606000000000364
456.778000000000364
456.934000000000364
457.096000000000364
457.254000000000364
457.377000000000365
457.530000000000365
457.685000000000365
457.852000000000365
458.268000000000365
458.400000000000365
458.546000000000366
458.700000000000366
458.858000000000366
459.022000000000366
459.184000000000366
459.344000000000366
460.240000000000367
460.307000000000367
460.370000000000367
460.441000000000367
460.510000000000367
460.661000000000368
460.808000000000368
460.955000000000368
461.026000000000368
461.111000000000368
461.258000000000368
461.407000000000368
461.551000000000368
461.710000000000368
461.884000000000369
462.047000000000369
462.510000000000369
462.634000000000369
462.782000000000369
462.93400000000037
463.09200000000037
463.24900000000037
463.41400000000037
464.134000000000371
464.272000000000371
464.420000000000371
466.143000000000372
466.247000000000372
466.287000000000372
466.693000000000373
467.120000000000373
467.977000000000374
468.232000000000374
468.270000000000374
468.281000000000374
469.943000000000376
470.085000000000376
470.194000000000376
470.337000000000376
470.475000000000376
470.626000000000376
470.777000000000376
470.930000000000377
471.067000000000377
471.200000000000377
471.337000000000377
471.475000000000377
471.618000000000377
471.757000000000377
471.900000000000377
472.062000000000378
472.215000000000378
473.366000000000379
473.437000000000379
473.494000000000379
473.637000000000379
473.781000000000379
473.801000000000379
473.899000000000379
473.971000000000379
474.138000000000379
474.32500000000038
474.48200000000038
474.62100000000038
474.78500000000038
474.95100000000038
475.11000000000038
475.28900000000038
476.127000000000381
476.228000000000381
476.237000000000381
476.247000000000381
555.229000000000451
555.344000000000452
555.463000000000452
555.599000000000452
555.732000000000452
555.902000000000452
556.404000000000453
556.527000000000453
556.656000000000453
556.795000000000453
556.930000000000453
557.069000000000453
557.206000000000453
557.346000000000453
557.482000000000453
557.620000000000454
557.897000000000454
558.025000000000454
558.167000000000454
558.309000000000454
558.465000000000454
558.619000000000454
559.023000000000455
559.154000000000455
562.124000000000458
562.158000000000458
562.590000000000458
562.718000000000458
562.865000000000458
563.024000000000458
563.181000000000458
563.320000000000459
563.455000000000459
563.572000000000459
563.742000000000459
563.891000000000459
564.047000000000459
564.32300000000046
564.46800000000046
564.61800000000046
564.77800000000046
564.94200000000046
565.09900000000046
565.38600000000046
565.526000000000461
565.682000000000461
565.838000000000461
566.002000000000461
566.171000000000461
566.303000000000461
566.565000000000462
566.709000000000462
566.864000000000462
567.017000000000462
567.179000000000462
567.481000000000462
567.621000000000462
567.776000000000463
568.965000000000464
569.095000000000464
569.236000000000464
569.387000000000464
569.534000000000464
569.694000000000464
569.827000000000464
1342.31200000000115
1342.64400000000115
1343.24500000000115
1343.36300000000115
1343.50100000000115
1343.62400000000115
1343.75400000000115
1343.86800000000115
1344.14400000000115
1344.26400000000115
1344.51600000000115
1344.64700000000115
1344.78000000000115
1344.91500000000115
1345.03700000000115
1345.16800000000115
1345.31200000000115
1345.46000000000115
1345.60800000000115
1345.75200000000115
1345.87500000000115
1346.02300000000115
1346.15100000000115
1346.28000000000115
1346.43700000000115
1346.55900000000115
1346.68400000000115
1346.81000000000115
1346.93600000000115
1347.07500000000115
1347.21500000000115
1347.64800000000116
1347.77600000000116
1347.93400000000116
1348.07600000000116
1348.21500000000116
1348.35400000000116
1348.50700000000116
1348.65300000000116
1348.81300000000116
1348.95800000000116
1349.12200000000116
1349.23900000000116
1349.52300000000116
1349.64600000000116
1349.78600000000116
1349.94000000000116
1350.08400000000116
1350.24300000000116
1350.39900000000116
1350.57300000000116
1350.71500000000116
1350.86100000000116
1351.01400000000116
1351.17200000000116
1351.59800000000116
1351.73200000000116
1351.88100000000116
1352.03600000000116
1352.20000000000116
1352.37200000000116
1352.65900000000116
1352.79000000000116
1352.96100000000116
1353.11800000000116
1353.28000000000116
1353.44400000000116
1353.60900000000116
1353.78100000000116
1353.95000000000116
1354.10000000000116
1354.24400000000116
1354.31700000000116
1354.40800000000116
1354.53300000000116
1354.67600000000116
1354.82900000000116
1354.90700000000116
1354.99500000000116
1355.13600000000116
1355.21400000000116
1355.32200000000116
1355.43600000000116
1355.59800000000116
1355.70000000000116
1355.77700000000116
1357.88600000000116
1358.52000000000116
1753.02200000000152
1753.13300000000152
1753.26200000000152
1753.38700000000152
1753.52400000000152
1753.66900000000152
1753.82300000000152
1753.96000000000152
1754.11100000000152
1754.26400000000152
1754.39500000000152
1754.66700000000152
1754.78600000000152
1754.92600000000152
1755.07700000000152
1755.20700000000152
1755.36600000000152
1755.49700000000152
1755.64000000000152
1755.78300000000152
1755.93800000000152
1756.08500000000152
1756.23500000000152
1756.38600000000152
1756.52800000000152
1757.50900000000152
1757.63300000000152
1757.76400000000152
1757.91800000000152
1758.06000000000152
1758.20400000000152
1758.34500000000152
1758.51100000000152
1758.65200000000152
1758.80500000000152
1758.97000000000152
1759.10900000000152
1759.26200000000152
1759.44800000000152
1760.64100000000152
1760.75700000000152
1760.89300000000152
1761.02900000000152
1761.16800000000152
1761.31000000000152
1761.45400000000152
1761.60300000000152
1761.76300000000152
1761.94400000000152
1762.10500000000152
1762.27300000000152
1762.44100000000152
1762.55500000000152
1762.68600000000152
1762.82400000000152
1762.98100000000152
1763.13900000000152
1763.30200000000152
1763.49900000000152
1763.61600000000152
1763.75000000000152
1763.83200000000152
1763.90300000000152
1764.07100000000153
1764.26100000000153
1764.42700000000153
1764.59900000000153
1764.76600000000153
1764.93800000000153
1765.09100000000153
1765.25100000000153
1765.32300000000153
1765.42100000000153
1765.54200000000153
1765.67500000000153
1765.81400000000153
1765.97500000000153
1766.12900000000153
1766.31600000000153
1766.47400000000153
1766.63000000000153
1766.77100000000153
1766.85300000000153
1766.93200000000153
1767.01900000000153
1767.08900000000153
1767.16200000000153
1767.25400000000153
1767.40400000000153
1767.56900000000153
1767.73500000000153
1767.88800000000153
1768.34200000000153
1768.50300000000153
1768.66700000000153
1771.07300000000153
1773.62700000000153
1774.27400000000153
1774.41200000000153
1774.55000000000153
1774.83000000000153
1775.24400000000154
1775.48700000000154
1783.95500000000154
1784.07900000000154
1784.23000000000154
1784.39900000000154
1784.59800000000154
1784.74900000000154
1784.99000000000154
2266.04299999997776
2266.16099999997775
2266.29999999997773
2266.37399999997773
2266.46099999997772
2266.50299999997771
2266.5979999999777
2328.56599999997088
2328.70499999997086
2329.03599999997083
2329.19299999997081
2334.37199999997024
2339.34899999996969
3515.82299999984012
3517.30999999983996
3517.49599999983994
3517.62099999983992
3517.67999999983992
3517.76399999983991
3517.90999999983989
3518.05999999983987
3518.99899999983977
3521.72199999983947
3521.87499999983945
3522.00699999983944
3522.07999999983943
3522.16099999983942
3522.21699999983942
3522.29499999983941
3522.3289999998394
3522.3589999998394
3522.51799999983938
3522.62599999983937
3522.65599999983937
3522.80099999983935
3522.96499999983933
3523.37299999983929
3523.53499999983927
3523.68799999983925
3523.82199999983924
3523.97999999983922
3524.03899999983922
3524.09999999983921
3524.1579999998392
3524.24899999983919
3524.39799999983918
3525.27399999983908
3525.57399999983905
3526.22199999983897
3526.35399999983896
3526.51099999983894
3526.68099999983892
3526.8639999998389
3527.88399999983879
3528.04099999983877
3528.19199999983876
3528.26399999983875
3528.35099999983874
3528.50099999983872
3528.54399999983872
3528.64399999983871
3528.7229999998387
3528.80299999983869
3528.96999999983867
3529.09699999983866
3529.19699999983865
3529.27899999983864
3529.42199999983862
3529.44099999983862
3529.53999999983861
3529.6589999998386
3529.68299999983859
3529.82499999983858
3530.21299999983854
3530.63499999983849
3530.79299999983847
3530.94499999983845
3531.12299999983844
3531.28199999983842
3531.4769999998384
3531.67499999983837
3531.84199999983836
3532.01699999983834
3532.11699999983833
3532.20399999983832
3532.3769999998383
3532.54099999983828
3532.83599999983825
3533.00699999983823
3533.2509999998382
3534.24299999983809
3536.46299999983785
3536.50799999983784
3536.8979999998378
3537.11599999983778
3537.28099999983776
3537.56699999983772
3538.13799999983766
3538.34199999983764
3540.26499999983743
3540.5009999998374
3540.57799999983739
3540.65899999983738
3540.82299999983737
3540.88799999983736
3541.06199999983734
3541.31899999983731
3541.58699999983728
3541.74199999983727
3541.85399999983725
3542.28599999983721
3542.3219999998372
3543.52099999983707
3543.63099999983706
3543.98399999983702
3544.07199999983701
3544.62299999983695
3544.94199999983691
3545.18699999983689
3545.40399999983686
3545.55999999983684
3545.61999999983684
3545.79999999983682
3546.47999999983674
3546.58899999983673
3546.74099999983671
3548.37399999983654
3548.6529999998365
3549.28699999983643
-4
3.45700000000000006
23.9329999999999936
56.9510000000000089
59.249000000000011
89.5590000000000379
89.675000000000038
137.590000000000081
165.004000000000105
165.019000000000105
165.034000000000105
165.054000000000105
165.073000000000105
165.093000000000105
165.114000000000105
165.134000000000105
165.154000000000105
165.174000000000105
165.194000000000105
165.214000000000105
165.371000000000105
165.393000000000105
165.413000000000105
165.433000000000105
165.453000000000105
165.582000000000105
165.602000000000105
165.622000000000105
165.637000000000105
165.734000000000106
165.742000000000106
165.762000000000106
165.782000000000106
165.802000000000106
165.823000000000106
165.914000000000106
165.922000000000106
165.943000000000106
165.963000000000106
165.983000000000106
166.003000000000106
166.015000000000106
166.083000000000106
166.102000000000106
166.114000000000106
166.134000000000106
166.153000000000106
166.173000000000106
166.192000000000106
166.233000000000106
166.256000000000106
166.262000000000106
166.283000000000106
166.303000000000106
166.323000000000106
166.343000000000106
166.364000000000106
166.384000000000106
166.403000000000106
166.413000000000106
166.544000000000106
166.564000000000106
166.573000000000106
166.655000000000106
166.684000000000106
166.704000000000106
166.723000000000106
166.743000000000106
166.835000000000107
166.843000000000107
166.863000000000107
166.903000000000107
166.924000000000107
166.935000000000107
167.036000000000107
167.043000000000107
167.063000000000107
167.084000000000107
167.105000000000107
167.125000000000107
167.145000000000107
167.165000000000107
167.185000000000107
167.204000000000107
167.216000000000107
169.607000000000109
169.627000000000109
169.645000000000109
169.665000000000109
169.685000000000109
169.700000000000109
169.719000000000109
169.738000000000109
169.758000000000109
169.778000000000109
169.798000000000109
169.825000000000109
169.845000000000109
169.865000000000109
169.878000000000109
169.898000000000109
169.918000000000109
169.937000000000109
169.957000000000109
169.978000000000109
169.998000000000109
170.018000000000109
170.038000000000109
170.058000000000109
170.078000000000109
170.098000000000109
170.117000000000109
170.137000000000109
171.728000000000111
171.747000000000111
172.039000000000111
172.281000000000111
172.890000000000112
173.120000000000112
192.633000000000129
228.764000000000162
228.963000000000162
229.085000000000162
229.248000000000162
229.392000000000162
229.820000000000162
229.830000000000162
229.912000000000163
230.052000000000163
230.221000000000163
230.231000000000163
230.351000000000163
230.475000000000163
230.612000000000163
230.738000000000163
230.790000000000163
231.193000000000164
231.523000000000164
231.793000000000164
231.922000000000164
231.932000000000164
232.021000000000164
232.437000000000165
232.459000000000165
232.607000000000165
233.343000000000166
233.444000000000166
233.454000000000166
233.462000000000166
233.583000000000166
233.742000000000166
233.753000000000166
233.885000000000166
233.893000000000166
234.044000000000166
234.054000000000166
234.062000000000166
312.157000000000236
312.188000000000236
353.858000000000273
355.738000000000274
356.464000000000275
356.588000000000275
356.776000000000275
442.467000000000351
442.596000000000351
442.638000000000352
442.940000000000352
443.043000000000352
443.158000000000352
443.293000000000352
443.862000000000353
443.990000000000353
444.111000000000353
444.705000000000353
444.739000000000353
444.843000000000353
444.991000000000354
445.001000000000354
445.116000000000354
445.255000000000354
445.401000000000354
445.547000000000354
445.693000000000354
445.836000000000354
445.981000000000354
446.111000000000355
446.518000000000355
446.653000000000355
446.788000000000355
446.943000000000355
447.094000000000355
447.245000000000356
447.392000000000356
447.543000000000356
447.695000000000356
447.847000000000356
448.012000000000356
448.162000000000356
448.314000000000357
448.726000000000357
448.866000000000357
449.009000000000357
449.154000000000357
449.297000000000357
449.441000000000358
454.308000000000362
454.329000000000362
454.451000000000362
454.472000000000362
454.505000000000362
454.598000000000362
454.619000000000362
454.743000000000362
454.766000000000362
454.921000000000362
454.931000000000362
455.050000000000362
455.200000000000363
455.355000000000363
455.515000000000363
455.660000000000363
455.823000000000363
455.959000000000363
456.077000000000363
456.231000000000364
456.379000000000364
456.527000000000364
456.686000000000364
456.859000000000364
457.024000000000364
457.172000000000364
457.293000000000364
457.452000000000365
457.615000000000365
457.769000000000365
457.922000000000365
458.330000000000365
458.475000000000366
458.626000000000366
458.782000000000366
458.938000000000366
459.103000000000366
459.267000000000366
459.404000000000366
460.302000000000367
460.332000000000367
460.440000000000367
460.463000000000367
460.593000000000367
460.739000000000368
460.882000000000368
461.025000000000368
461.070000000000368
461.194000000000368
461.335000000000368
461.481000000000368
461.637000000000368
461.800000000000368
461.972000000000369
462.131000000000369
462.579000000000369
462.714000000000369
462.864000000000369
463.01900000000037
463.17600000000037
463.33600000000037
463.47900000000037
464.202000000000371
464.347000000000371
464.477000000000371
466.183000000000372
466.280000000000372
466.667000000000373
467.060000000000373
467.182000000000373
468.111000000000374
468.267000000000374
468.277000000000374
469.329000000000375
470.043000000000376
470.163000000000376
470.277000000000376
470.418000000000376
470.578000000000376
470.706000000000376
470.860000000000377
470.993000000000377
471.128000000000377
471.267000000000377
471.407000000000377
471.549000000000377
471.683000000000377
471.822000000000377
471.979000000000378
472.138000000000378
472.279000000000378
473.427000000000379
473.446000000000379
473.571000000000379
473.779000000000379
473.789000000000379
473.897000000000379
473.917000000000379
474.062000000000379
474.23400000000038
474.40900000000038
474.55000000000038
474.70900000000038
474.87800000000038
475.03000000000038
475.19200000000038
475.34800000000038
476.225000000000381
476.235000000000381
476.244000000000381
481.056000000000386
555.284000000000452
555.396000000000452
555.526000000000452
555.665000000000452
555.807000000000452
555.919000000000452
556.460000000000453
556.588000000000453
556.722000000000453
556.858000000000453
556.992000000000453
557.131000000000453
557.265000000000453
557.399000000000453
557.535000000000454
557.650000000000454
557.957000000000454
558.098000000000454
558.237000000000454
558.389000000000454
558.539000000000454
558.676000000000455
559.089000000000455
562.121000000000458
562.131000000000458
562.212000000000458
562.646000000000458
562.795000000000458
562.946000000000458
563.102000000000458
563.243000000000459
563.365000000000459
563.493000000000459
563.653000000000459
563.814000000000459
563.968000000000459
564.095000000000459
564.39400000000046
564.54000000000046
564.70400000000046
564.86500000000046
565.02200000000046
565.16000000000046
565.458000000000461
565.606000000000461
565.766000000000461
565.928000000000461
566.091000000000461
566.218000000000461
566.346000000000461
566.637000000000462
566.792000000000462
566.941000000000462
567.101000000000462
567.240000000000462
567.547000000000462
567.699000000000463
567.853000000000463
569.027000000000464
569.164000000000464
569.313000000000464
569.450000000000464
569.602000000000464
569.756000000000464
571.885000000000466
1342.33900000000115
1342.68100000000115
1343.27400000000115
1343.39800000000115
1343.52900000000115
1343.66400000000115
1343.77900000000115
1343.92800000000115
1344.16400000000115
1344.27600000000115
1344.55300000000115
1344.69100000000115
1344.83500000000115
1344.96400000000115
1345.10100000000115
1345.23900000000115
1345.38600000000115
1345.53200000000115
1345.67800000000115
1345.80600000000115
1345.94700000000115
1346.07100000000115
1346.19600000000115
1346.33700000000115
1346.48100000000115
1346.60000000000115
1346.72800000000115
1346.85400000000115
1346.99400000000115
1347.13100000000115
1347.26200000000115
1347.69800000000116
1347.84200000000116
1348.00400000000116
1348.14200000000116
1348.27800000000116
1348.42600000000116
1348.57300000000116
1348.72900000000116
1348.87100000000116
1349.02000000000116
1349.16400000000116
1349.29700000000116
1349.57500000000116
1349.70700000000116
1349.85400000000116
1350.00200000000116
1350.15900000000116
1350.31100000000116
1350.46200000000116
1350.62700000000116
1350.77900000000116
1350.93400000000116
1351.08800000000116
1351.23600000000116
1351.65700000000116
1351.81000000000116
1351.96400000000116
1352.12100000000116
1352.28600000000116
1352.45000000000116
1352.71700000000116
1352.85100000000116
1353.02400000000116
1353.20000000000116
1353.36100000000116
1353.52000000000116
1353.68900000000116
1353.84700000000116
1354.02000000000116
1354.16100000000116
1354.31300000000116
1354.34800000000116
1354.46600000000116
1354.58800000000116
1354.74100000000116
1354.90000000000116
1354.92800000000116
1355.05300000000116
1355.19400000000116
1355.24400000000116
1355.38800000000116
1355.53300000000116
1355.66200000000116
1355.71900000000116
1355.80800000000116
1357.96700000000116
1358.62100000000116
1753.05400000000152
1753.18100000000152
1753.31100000000152
1753.45600000000152
1753.59800000000152
1753.73900000000152
1753.88900000000152
1754.03800000000152
1754.18400000000152
1754.31200000000152
1754.43500000000152
1754.70500000000152
1754.84600000000152
1754.99000000000152
1755.13000000000152
1755.27700000000152
1755.42600000000152
1755.56100000000152
1755.70100000000152
1755.85600000000152
1756.00100000000152
1756.15000000000152
1756.29600000000152
1756.44000000000152
1756.57200000000152
1757.55800000000152
1757.68700000000152
1757.83000000000152
1757.98700000000152
1758.12900000000152
1758.26600000000152
1758.41000000000152
1758.57200000000152
1758.72600000000152
1758.88500000000152
1759.02900000000152
1759.18400000000152
1759.34200000000152
1759.48200000000152
1760.68000000000152
1760.84200000000152
1760.96100000000152
1761.09600000000152
1761.23200000000152
1761.37300000000152
1761.52300000000152
1761.67900000000152
1761.84300000000152
1762.02600000000152
1762.18800000000152
1762.33300000000152
1762.47500000000152
1762.61300000000152
1762.74600000000152
1762.90200000000152
1763.05700000000152
1763.21800000000152
1763.38100000000152
1763.55400000000152
1763.67300000000152
1763.81700000000152
1763.84900000000152
1763.99400000000152
1764.16000000000153
1764.34600000000153
1764.52000000000153
1764.69000000000153
1764.85400000000153
1765.00900000000153
1765.16200000000153
1765.30600000000153
1765.34400000000153
1765.48800000000153
1765.60400000000153
1765.72900000000153
1765.89000000000153
1766.04800000000153
1766.20900000000153
1766.39500000000153
1766.54900000000153
1766.68400000000153
1766.83500000000153
1766.87400000000153
1767.00500000000153
1767.02600000000153
1767.14800000000153
1767.17900000000153
1767.37100000000153
1767.54400000000153
1767.72800000000153
1767.84100000000153
1768.31000000000153
1768.48000000000153
1768.62200000000153
1769.41400000000153
1771.11400000000153
1773.64100000000153
1774.31500000000153
1774.45600000000153
1774.62300000000153
1774.86000000000153
1775.28300000000154
1775.55600000000154
1784.01000000000154
1784.14800000000154
1784.31100000000154
1784.48900000000154
1784.65600000000154
1784.82100000000154
1785.06300000000154
2266.09099999997776
2266.21599999997774
2266.34999999997773
2266.39199999997772
2266.48599999997771
2266.55999999997771
2266.70299999997769
2328.59099999997087
2328.75099999997086
2329.08199999997082
2329.2269999999708
2334.39999999997023
2339.40799999996968
3515.83799999984012
3517.35099999983995
3517.53299999983993
3517.65299999983992
3517.71999999983991
3517.87999999983989
3518.01999999983988
3518.14199999983986
3519.01799999983977
3521.72999999983947
3521.91999999983945
3522.04599999983943
3522.12399999983943
3522.20699999983942
3522.27799999983941
3522.30899999983941
3522.3529999998394
3522.50599999983938
3522.62299999983937
3522.63499999983937
3522.78899999983935
3522.94699999983934
3523.36099999983929
3523.52799999983927
3523.67199999983926
3523.77299999983924
3523.92699999983923
3524.03099999983922
3524.05099999983921
3524.1519999998392
3524.1999999998392
3524.38699999983918
3525.26099999983908
3525.31099999983908
3525.59999999983904
3526.27799999983897
3526.42299999983895
3526.59199999983893
3526.75799999983892
3526.9379999998389
3527.94799999983878
3528.09599999983877
3528.24599999983875
3528.29899999983875
3528.47299999983873
3528.54099999983872
3528.58699999983871
3528.6869999998387
3528.77999999983869
3528.95099999983867
3529.09499999983866
3529.19599999983865
3529.27199999983864
3529.40999999983862
3529.42799999983862
3529.52599999983861
3529.6499999998386
3529.6679999998386
3529.81799999983858
3530.19999999983854
3530.31799999983852
3530.70199999983848
3530.87699999983846
3531.06899999983844
3531.18699999983843
3531.37599999983841
3531.55299999983839
3531.75599999983836
3531.92899999983835
3532.09699999983833
3532.16299999983832
3532.3319999998383
3532.52399999983828
3532.82099999983825
3532.98099999983823
3533.2489999998382
3534.21699999983809
3534.28599999983809
3536.48099999983784
3536.61499999983783
3536.93399999983779
3537.18999999983777
3537.38699999983774
3537.8379999998377
3538.28999999983765
3538.78399999983759
3540.30699999983742
3540.5529999998374
3540.63099999983739
3540.81999999983737
3540.83399999983737
3541.03499999983734
3541.11199999983733
3541.36799999983731
3541.64399999983728
3541.76899999983726
3542.14399999983722
3542.2969999998372
3543.15199999983711
3543.57599999983706
3543.65999999983705
3544.03499999983701
3544.130999999837
3544.72299999983694
3545.12899999983689
3545.32499999983687
3545.53499999983685
3545.59199999983684
3545.71999999983683
3545.91399999983681
3546.48599999983674
3546.64899999983672
3546.81699999983671
3548.47499999983652
3548.7259999998365
3549.37599999983642
0
0
0
0
0
0
0
0
0
0
0
0
0
3600.00099999983085
0
0
0
0
0
0
