2
24
19
2
24
19
IPP3.12
sacc 3
0
4
9
34
10
10
36
09
22
4
.3
1
413
413
1
1929
1929
1
1
1
1
1
1
1
1
1
1
1
1
1
1
1
1
1
1
1
1
412
-1
9.37200000000000018
9.56900000000000019
9.70800000000000019
10.57700000000000021
10.71800000000000021
10.86200000000000021
10.98900000000000022
36.1359999999999904
36.2629999999999906
36.3979999999999907
36.5369999999999908
36.6729999999999909
36.808999999999991
36.9479999999999912
37.0849999999999913
37.2199999999999914
37.3619999999999915
37.5009999999999917
37.6379999999999918
37.7709999999999919
37.905999999999992
38.0359999999999921
38.1709999999999923
38.3069999999999924
38.4439999999999925
38.5759999999999926
38.7179999999999927
38.8519999999999929
38.990999999999993
39.1299999999999931
39.2659999999999932
39.4229999999999934
39.5529999999999935
39.6929999999999936
39.8359999999999937
39.9969999999999939
40.123999999999994
40.2699999999999941
40.4099999999999942
40.5479999999999944
40.7069999999999945
40.8519999999999946
41.1459999999999949
41.286999999999995
41.4329999999999952
41.5739999999999953
41.7209999999999954
41.8599999999999955
42.0279999999999957
42.1719999999999958
42.4729999999999961
42.6279999999999962
42.7669999999999963
42.9179999999999965
43.0779999999999966
43.2219999999999967
43.3849999999999969
43.542999999999997
43.6919999999999972
43.8699999999999973
44.1769999999999976
44.3179999999999977
44.4679999999999978
44.610999999999998
44.7549999999999981
44.9229999999999983
45.0599999999999984
45.2129999999999985
45.3829999999999987
45.5199999999999988
45.6709999999999989
45.815999999999999
45.9689999999999992
46.1449999999999993
46.2599999999999994
46.4029999999999996
46.5569999999999997
46.7169999999999998
46.891
47.0300000000000001
47.1860000000000003
47.3360000000000004
47.4910000000000005
47.6530000000000007
47.8370000000000008
47.976000000000001
48.1320000000000011
48.2850000000000012
48.4490000000000014
48.6310000000000015
48.7730000000000017
48.9270000000000018
49.0730000000000019
49.2270000000000021
49.3850000000000022
49.5470000000000024
49.7080000000000025
49.8870000000000027
50.0280000000000028
50.1870000000000029
50.3290000000000031
50.4860000000000032
50.6620000000000034
50.8030000000000035
50.9600000000000036
51.1250000000000038
51.2830000000000039
51.4600000000000041
51.6080000000000042
51.7620000000000043
51.9090000000000045
52.0630000000000046
52.2470000000000048
52.3970000000000049
52.557000000000005
52.7130000000000052
52.8770000000000053
53.0310000000000055
53.1820000000000056
53.3670000000000058
53.5040000000000059
53.656000000000006
53.8280000000000062
53.9800000000000063
54.1330000000000064
54.3030000000000066
54.4640000000000067
54.6120000000000069
54.769000000000007
54.9420000000000072
55.0950000000000073
55.2520000000000074
55.4100000000000076
55.5830000000000077
55.7300000000000079
55.915000000000008
56.0660000000000081
56.2380000000000083
56.4050000000000084
56.5730000000000086
56.7570000000000088
56.9100000000000089
57.0830000000000091
57.2510000000000092
57.4110000000000093
57.6070000000000095
57.7650000000000097
57.9360000000000098
58.10300000000001
58.2770000000000101
58.4450000000000103
58.6180000000000104
58.7880000000000106
59.0930000000000108
59.260000000000011
59.4360000000000111
59.6080000000000113
59.7800000000000114
59.9610000000000116
60.5620000000000121
61.2120000000000127
61.4600000000000129
61.8370000000000133
61.9440000000000134
62.1140000000000135
62.2770000000000137
62.4570000000000138
64.4650000000000156
64.6100000000000157
64.7950000000000159
65.2750000000000163
176.707000000000115
176.846000000000115
176.981000000000116
177.135000000000116
178.224000000000117
387.245000000000302
387.566000000000303
387.700000000000303
387.844000000000303
388.018000000000303
388.730000000000304
388.888000000000304
390.177000000000305
390.313000000000305
442.021000000000351
442.153000000000351
450.654000000000359
450.775000000000359
450.912000000000359
451.059000000000359
603.324000000000494
603.442000000000494
693.270000000000574
774.572000000000646
775.432000000000647
1148.86600000000098
1149.01000000000098
1149.17000000000098
1152.54300000000098
1558.56300000000134
1717.43600000000148
1717.57300000000148
1717.73100000000148
1717.87300000000148
1962.5510000000017
2485.91899999995355
2486.18599999995352
2486.50199999995348
2486.65599999995347
2486.82999999995345
2486.96699999995343
2487.14599999995341
2497.65199999995226
2497.78499999995224
2497.92699999995222
2498.52899999995216
2498.68099999995214
2498.88999999995212
2500.34799999995196
2500.82099999995191
2501.38799999995184
2501.7679999999518
2502.40499999995173
2502.44599999995173
2502.56799999995171
2503.89899999995157
2504.01899999995155
2504.28699999995152
2505.35699999995141
2506.24899999995131
2506.97099999995123
2507.10099999995121
2508.22999999995109
2508.52799999995106
2510.59899999995083
2510.73099999995081
2510.9009999999508
2512.90199999995058
2512.94999999995057
2514.56199999995039
2520.76799999994971
2521.66799999994961
2653.78799999993506
2653.91099999993505
2653.96099999993504
2654.02099999993503
3103.30099999988555
3103.42899999988554
3103.56899999988552
3103.8149999998855
3103.95499999988548
3104.07999999988547
3104.21099999988545
3104.34299999988544
3104.47699999988542
3104.62599999988541
3104.78099999988539
3105.71699999988529
3105.86199999988527
3106.01199999988525
3106.15799999988524
3106.29599999988522
3106.43899999988521
3106.57499999988519
3106.70999999988518
3106.84899999988516
3106.98799999988515
3107.12399999988513
3107.26199999988512
3107.3989999998851
3107.54399999988509
3107.69399999988507
3107.83499999988505
3108.70199999988496
3108.83699999988494
3109.00499999988492
3109.16199999988491
3109.30599999988489
3109.44599999988488
3109.58599999988486
3109.73499999988484
3109.88599999988483
3110.91099999988471
3111.0609999998847
3111.21799999988468
3111.36299999988466
3111.50999999988465
3111.66599999988463
3111.83699999988461
3112.00899999988459
3112.30199999988456
3112.44299999988455
3112.58999999988453
3112.75999999988451
3114.34699999988434
3114.48599999988432
3114.6409999998843
3114.80199999988429
3114.94599999988427
3115.09099999988425
3115.24199999988424
3115.39599999988422
3115.5349999998842
3115.68099999988419
3115.84099999988417
3115.97499999988416
3116.11999999988414
3116.26899999988412
3116.40299999988411
3116.55599999988409
3116.69599999988408
3116.84399999988406
3117.00299999988404
3117.14199999988403
3118.24699999988391
3118.39399999988389
3118.56099999988387
3118.75499999988385
3118.88099999988384
3119.04099999988382
3119.89199999988373
3120.05199999988371
3120.22999999988369
3120.39499999988367
3120.55099999988365
3120.70099999988364
3120.86099999988362
3121.0249999998836
3121.19499999988358
3122.8669999998834
3123.00299999988338
3123.16599999988336
3123.35299999988334
3123.51299999988333
3123.66699999988331
3123.80899999988329
3123.96299999988328
3124.13299999988326
3124.27599999988324
3124.44499999988322
3124.99899999988316
3125.13699999988315
3125.29399999988313
3125.43699999988311
3125.5779999998831
3125.72399999988308
3125.89599999988306
3126.08399999988304
3127.48199999988289
3127.62499999988287
3127.78999999988286
3127.94299999988284
3128.09499999988282
3128.24599999988281
3128.40499999988279
3128.53899999988277
3128.68099999988276
3128.84699999988274
3130.84799999988252
3130.9999999998825
3131.17899999988248
3131.34299999988246
3132.10499999988238
3132.26099999988236
3132.43499999988234
3132.60099999988233
3192.17099999987576
3192.29499999987575
3192.42599999987574
3192.54499999987572
3192.68299999987571
3192.82699999987569
3192.95699999987568
3193.07399999987567
3193.19899999987565
3193.33599999987564
3193.46899999987562
3193.60299999987561
3193.73099999987559
3193.88099999987558
3194.04599999987556
3194.21299999987554
3194.34699999987553
3195.4529999998754
3195.59499999987539
3195.75199999987537
3195.90499999987535
3196.04399999987534
3196.17699999987532
3196.30599999987531
3196.45899999987529
3197.79299999987515
3197.94399999987513
3198.2379999998751
3308.9429999998629
3309.07099999986289
3309.20699999986288
3309.33999999986286
3454.63199999984686
3460.21299999984624
3462.32899999984601
3462.51699999984599
3512.15299999984052
3512.75899999984046
3513.08799999984042
3520.04799999983965
3523.90599999983923
3527.44199999983884
3527.61799999983882
3533.30699999983819
3533.37299999983819
-2
9.41100000000000018
9.60300000000000019
9.75600000000000019
10.62200000000000021
10.76300000000000021
10.89800000000000021
11.04200000000000022
36.1629999999999905
36.3049999999999906
36.4489999999999907
36.5859999999999908
36.720999999999991
36.8589999999999911
36.9979999999999912
37.1329999999999913
37.2739999999999915
37.4129999999999916
37.5479999999999917
37.6799999999999918
37.8139999999999919
37.9479999999999921
38.0839999999999922
38.2209999999999923
38.3509999999999924
38.4879999999999925
38.6239999999999927
38.7629999999999928
38.8979999999999929
39.040999999999993
39.1779999999999932
39.3179999999999933
39.4649999999999934
39.6039999999999935
39.7449999999999937
39.8989999999999938
40.0369999999999939
40.179999999999994
40.3279999999999942
40.4719999999999943
40.6039999999999944
40.7609999999999946
40.9069999999999947
41.1979999999999949
41.3509999999999951
41.5039999999999952
41.6469999999999953
41.7909999999999955
41.9239999999999956
42.0799999999999957
42.2249999999999959
42.5349999999999961
42.6839999999999963
42.8289999999999964
42.9729999999999965
43.1299999999999967
43.2939999999999968
43.4359999999999969
43.5999999999999971
43.7689999999999972
43.9239999999999974
44.2339999999999976
44.3869999999999978
44.5309999999999979
44.668999999999998
44.8189999999999982
44.9749999999999983
45.1189999999999984
45.2759999999999986
45.4339999999999987
45.5839999999999988
45.727999999999999
45.8779999999999991
46.0239999999999992
46.1659999999999994
46.3139999999999995
46.4649999999999996
46.6229999999999998
46.7749999999999999
46.937
47.1000000000000002
47.2430000000000003
47.3990000000000004
47.5660000000000006
47.7140000000000007
47.8770000000000009
48.040000000000001
48.1830000000000012
48.3520000000000013
48.5160000000000014
48.6800000000000016
48.8400000000000017
48.9820000000000019
49.134000000000002
49.3080000000000022
49.4670000000000023
49.6160000000000024
49.7650000000000026
49.9250000000000027
50.0890000000000028
50.240000000000003
50.3990000000000031
50.5460000000000032
50.7090000000000034
50.8580000000000035
51.0240000000000037
51.1910000000000038
51.345000000000004
51.5140000000000041
51.6650000000000042
51.8220000000000044
51.9730000000000045
52.1510000000000047
52.2970000000000048
52.4580000000000049
52.6200000000000051
52.7810000000000052
52.9360000000000054
53.0890000000000055
53.2450000000000056
53.4130000000000058
53.5590000000000059
53.706000000000006
53.8870000000000062
54.0400000000000064
54.2030000000000065
54.3690000000000066
54.5230000000000068
54.6720000000000069
54.825000000000007
54.9960000000000072
55.1550000000000073
55.3150000000000075
55.4840000000000076
55.6460000000000078
55.7950000000000079
55.9670000000000081
56.1350000000000082
56.3060000000000084
56.4710000000000085
56.6360000000000087
56.8060000000000088
56.978000000000009
57.1530000000000091
57.3250000000000093
57.4890000000000094
57.6620000000000096
57.8420000000000097
57.9990000000000099
58.17600000000001
58.3380000000000102
58.5110000000000103
58.6820000000000105
58.8220000000000106
59.1490000000000109
59.3420000000000111
59.5070000000000112
59.6810000000000114
59.8530000000000115
60.0270000000000117
60.6390000000000122
61.2630000000000128
61.495000000000013
61.8450000000000133
62.0130000000000134
62.1780000000000136
62.3510000000000137
62.5250000000000139
64.5070000000000156
64.6800000000000158
64.8370000000000159
65.3080000000000164
176.739000000000115
176.887000000000115
177.035000000000116
177.188000000000116
178.263000000000117
387.274000000000302
387.603000000000303
387.750000000000303
387.902000000000303
388.063000000000303
388.778000000000304
388.939000000000304
390.224000000000305
390.360000000000305
442.044000000000351
442.184000000000351
450.683000000000359
450.815000000000359
450.956000000000359
451.094000000000359
603.346000000000494
603.476000000000494
693.316000000000574
774.625000000000646
775.493000000000647
1148.89200000000098
1149.03900000000098
1149.20600000000098
1152.54900000000098
1558.59500000000134
1717.46100000000148
1717.61200000000148
1717.76200000000148
1717.90600000000148
1962.5900000000017
2485.94399999995354
2486.21899999995351
2486.54099999995348
2486.69699999995346
2486.84499999995345
2487.00899999995343
2487.20799999995341
2497.67999999995225
2497.81599999995224
2497.96299999995222
2498.57099999995215
2498.73499999995214
2498.95099999995211
2500.41499999995195
2500.8599999999519
2501.69299999995181
2501.8159999999518
2502.43099999995173
2502.49399999995172
2502.63699999995171
2503.98299999995156
2504.09199999995155
2504.68599999995148
2505.3849999999514
2506.27899999995131
2507.08199999995122
2507.99699999995112
2508.51399999995106
2508.57999999995105
2510.70899999995082
2510.8899999999508
2512.34699999995064
2512.91799999995057
2513.73999999995048
2514.85499999995036
2520.8749999999497
2521.7359999999496
2653.83799999993505
2653.93999999993504
2653.99599999993504
2654.05899999993503
3103.32299999988555
3103.46099999988554
3103.60199999988552
3103.85799999988549
3103.98799999988548
3104.11899999988546
3104.25399999988545
3104.39099999988543
3104.53699999988542
3104.6869999998854
3104.81799999988539
3105.75599999988528
3105.90299999988527
3106.05399999988525
3106.19599999988523
3106.33999999988522
3106.4779999998852
3106.60999999988519
3106.74899999988517
3106.88899999988516
3107.02299999988514
3107.16299999988513
3107.29599999988511
3107.4409999998851
3107.58099999988508
3107.73599999988506
3107.86599999988505
3108.73999999988495
3108.90099999988494
3109.06399999988492
3109.2059999998849
3109.34599999988489
3109.48099999988487
3109.63199999988486
3109.76799999988484
3109.91799999988482
3110.95299999988471
3111.11099999988469
3111.25699999988468
3111.39799999988466
3111.54699999988464
3111.71599999988463
3111.88799999988461
3112.04699999988459
3112.33299999988456
3112.47499999988454
3112.63099999988452
3112.8219999998845
3114.38199999988433
3114.53599999988432
3114.6959999998843
3114.84299999988428
3114.98599999988427
3115.13099999988425
3115.28199999988423
3115.42999999988422
3115.5629999998842
3115.72799999988418
3115.87299999988417
3116.00899999988415
3116.16199999988414
3116.29899999988412
3116.43899999988411
3116.58999999988409
3116.73199999988407
3116.89099999988406
3117.03999999988404
3117.17399999988402
3118.2939999998839
3118.45299999988388
3118.62899999988386
3118.77699999988385
3118.92999999988383
3119.07899999988382
3119.94199999988372
3120.1149999998837
3120.28499999988368
3120.44099999988366
3120.59199999988365
3120.74799999988363
3120.90899999988361
3121.08299999988359
3121.22499999988358
3122.90299999988339
3123.05699999988338
3123.24299999988336
3123.40999999988334
3123.54999999988332
3123.69899999988331
3123.85599999988329
3124.00399999988327
3124.16599999988325
3124.30799999988324
3124.46699999988322
3125.02999999988316
3125.18899999988314
3125.34099999988313
3125.48199999988311
3125.6149999998831
3125.77499999988308
3125.96199999988306
3126.13099999988304
3127.52699999988288
3127.68599999988287
3127.83999999988285
3127.99199999988283
3128.14099999988282
3128.2919999998828
3128.43699999988278
3128.57499999988277
3128.73099999988275
3128.90599999988273
3130.88999999988251
3131.0609999998825
3131.23499999988248
3131.36299999988246
3132.16299999988237
3132.33599999988235
3132.49899999988234
3132.63199999988232
3192.19499999987576
3192.32499999987575
3192.45299999987573
3192.58599999987572
3192.7339999998757
3192.86799999987569
3192.98599999987568
3193.10599999987566
3193.23899999987565
3193.37399999987563
3193.50499999987562
3193.6319999998756
3193.77499999987559
3193.93399999987557
3194.11899999987555
3194.25599999987554
3194.37499999987552
3195.4889999998754
3195.64699999987538
3195.80299999987536
3195.94899999987535
3196.08099999987533
3196.20999999987532
3196.34499999987531
3196.48599999987529
3197.82999999987514
3197.98199999987512
3198.26799999987509
3308.9749999998629
3309.10499999986289
3309.23299999986287
3309.35799999986286
3454.67399999984685
3460.31599999984623
3462.35699999984601
3462.56199999984599
3512.69299999984046
3513.02299999984043
3513.3099999998404
3523.82599999983924
3527.38399999983885
3527.52599999983883
3529.79099999983858
3533.31699999983819
3534.38099999983808
1928
-3
74.5710000000000246
74.7060000000000247
74.8470000000000248
74.9750000000000249
75.1130000000000251
75.2460000000000252
75.3850000000000253
75.5210000000000254
75.6590000000000256
75.7980000000000257
75.9330000000000258
76.0740000000000259
76.209000000000026
76.3450000000000262
76.4820000000000263
76.6210000000000264
76.7690000000000265
76.9050000000000267
77.0420000000000268
77.1820000000000269
77.321000000000027
77.4600000000000272
77.6030000000000273
77.7480000000000274
77.8990000000000275
78.0350000000000277
78.1710000000000278
78.3080000000000279
78.446000000000028
78.5830000000000282
78.7230000000000283
78.8600000000000284
79.0020000000000285
79.1400000000000286
79.2820000000000288
79.4370000000000289
79.573000000000029
79.7090000000000292
79.8480000000000293
79.9840000000000294
80.1250000000000295
80.2630000000000296
80.4090000000000298
80.5520000000000299
80.69700000000003
80.8430000000000302
80.9870000000000303
81.1310000000000304
81.2710000000000305
81.4160000000000307
81.5620000000000308
81.7060000000000309
81.8560000000000311
81.9980000000000312
82.1440000000000313
82.2880000000000314
82.4350000000000316
82.5910000000000317
82.7390000000000318
82.878000000000032
83.0270000000000321
83.1800000000000322
83.3320000000000324
83.4770000000000325
83.6220000000000326
83.7610000000000327
83.9120000000000329
84.070000000000033
84.2110000000000331
84.3530000000000333
84.4970000000000334
84.6390000000000335
84.7840000000000337
84.9270000000000338
85.0730000000000339
85.217000000000034
85.3580000000000342
85.5180000000000343
85.6580000000000344
85.8080000000000346
85.9580000000000347
86.1010000000000348
86.244000000000035
86.3840000000000351
86.5280000000000352
86.6680000000000353
86.8170000000000355
86.9760000000000356
87.1160000000000357
87.2550000000000358
87.399000000000036
87.5390000000000361
90.5400000000000388
90.6490000000000389
90.788000000000039
90.9340000000000391
91.0800000000000392
91.2190000000000394
91.3650000000000395
91.5090000000000396
91.6570000000000398
91.8020000000000399
91.94900000000004
92.0960000000000402
92.2680000000000403
92.3880000000000404
92.5380000000000405
92.6780000000000407
92.8290000000000408
92.9770000000000409
93.1230000000000411
93.2710000000000412
93.4110000000000413
93.5640000000000415
93.7230000000000416
93.8640000000000417
94.0030000000000418
94.148000000000042
94.2920000000000421
94.4310000000000422
94.5810000000000424
94.7250000000000425
94.8700000000000426
95.0230000000000428
95.1710000000000429
95.315000000000043
95.4710000000000431
95.6190000000000433
95.7660000000000434
95.9240000000000436
96.0600000000000437
96.2150000000000438
96.3540000000000439
96.5090000000000441
96.6590000000000442
96.8230000000000444
96.9620000000000445
97.0980000000000446
97.2510000000000447
97.3960000000000449
97.542000000000045
97.6880000000000451
97.8310000000000452
97.9810000000000454
98.1320000000000455
98.2850000000000456
98.4540000000000458
98.5900000000000459
98.736000000000046
98.8820000000000462
99.0290000000000463
99.1790000000000464
99.3340000000000466
99.4890000000000467
99.6390000000000469
99.801000000000047
99.9270000000000471
100.0900000000000472
100.2500000000000474
100.4080000000000475
100.5610000000000477
100.7300000000000478
100.8750000000000479
100.948000000000048
101.0190000000000481
101.1740000000000482
101.3240000000000484
101.4980000000000485
101.6360000000000486
101.7900000000000488
101.9370000000000489
102.080000000000049
102.2330000000000492
102.3780000000000493
102.5330000000000494
102.6860000000000496
102.8370000000000497
102.9920000000000498
103.15900000000005
103.3090000000000501
103.4620000000000502
103.6160000000000504
103.7630000000000505
103.9120000000000506
104.0560000000000508
104.2090000000000509
104.355000000000051
104.5020000000000512
104.6680000000000513
104.8120000000000514
104.9590000000000516
105.1060000000000517
105.2550000000000518
105.405000000000052
105.5530000000000521
105.6930000000000522
105.8330000000000524
105.9850000000000525
106.1350000000000526
106.2840000000000528
106.4440000000000529
106.588000000000053
106.7350000000000532
106.8820000000000533
107.0360000000000534
107.1890000000000536
107.3320000000000537
107.4810000000000538
107.6310000000000539
107.7800000000000541
107.9480000000000542
108.1040000000000544
108.2530000000000545
108.4070000000000546
108.5520000000000548
108.6910000000000549
108.846000000000055
109.0030000000000552
109.1490000000000553
109.3170000000000554
109.4650000000000556
109.6230000000000557
109.7770000000000559
110.0900000000000561
110.2380000000000563
110.3930000000000564
110.7090000000000567
110.8560000000000568
111.020000000000057
111.1640000000000571
111.3160000000000572
111.4640000000000574
111.6110000000000575
111.7670000000000576
111.9140000000000578
112.0670000000000579
112.214000000000058
112.5390000000000583
112.6860000000000584
112.7710000000000585
112.8520000000000586
112.9400000000000587
113.1040000000000588
113.1950000000000589
113.281000000000059
113.354000000000059
113.4590000000000591
113.6270000000000593
113.7070000000000593
113.8090000000000594
113.8840000000000595
113.9910000000000596
114.0870000000000597
114.1600000000000597
114.2520000000000598
114.6260000000000602
114.7080000000000602
115.0020000000000605
115.1400000000000606
115.2810000000000607
115.4230000000000609
115.561000000000061
115.7100000000000611
115.8700000000000613
116.0040000000000614
116.8780000000000622
116.9940000000000623
117.1340000000000624
117.2790000000000625
117.4250000000000626
117.5620000000000628
117.7000000000000629
117.847000000000063
117.9920000000000632
118.1530000000000633
118.2940000000000634
118.4420000000000636
118.5620000000000637
118.5870000000000637
118.7440000000000638
118.891000000000064
119.0440000000000641
119.1920000000000642
119.3480000000000644
119.5130000000000645
119.6600000000000646
119.8070000000000648
119.9570000000000649
120.101000000000065
120.2480000000000652
120.3940000000000653
120.5410000000000654
120.6920000000000656
120.8470000000000657
124.8250000000000692
124.9470000000000693
125.0830000000000694
125.2310000000000696
125.3760000000000697
125.5250000000000698
125.67400000000007
125.8200000000000701
125.9600000000000702
126.1170000000000704
126.2690000000000705
126.3690000000000706
126.4630000000000707
126.6360000000000708
126.7200000000000709
126.790000000000071
126.9410000000000711
127.0990000000000712
127.2550000000000714
127.4250000000000715
127.5200000000000716
127.6040000000000717
127.7670000000000718
127.919000000000072
128.024000000000072
128.105000000000072
128.261000000000072
128.426000000000072
128.530000000000073
128.617000000000073
128.775000000000073
128.930000000000073
129.084000000000073
129.167000000000073
129.233000000000073
129.408000000000073
129.504000000000073
129.590000000000073
129.747000000000074
129.909000000000074
132.748000000000076
132.861000000000076
132.991000000000076
133.142000000000077
133.292000000000077
133.444000000000077
133.593000000000077
133.692000000000077
133.787000000000077
133.939000000000077
134.096000000000077
134.200000000000078
134.283000000000078
134.437000000000078
134.591000000000078
134.736000000000078
134.819000000000078
134.895000000000078
135.062000000000078
135.178000000000078
135.247000000000078
135.411000000000079
135.585000000000079
135.739000000000079
135.884000000000079
136.037000000000079
136.195000000000079
136.344000000000079
136.48900000000008
136.64000000000008
136.78600000000008
136.93300000000008
137.07500000000008
137.22200000000008
137.37400000000008
137.52300000000008
137.690000000000081
137.850000000000081
137.995000000000081
138.141000000000081
138.292000000000081
138.442000000000081
138.592000000000081
138.748000000000082
138.898000000000082
139.072000000000082
139.219000000000082
139.364000000000082
139.515000000000082
139.671000000000082
139.829000000000083
140.005000000000083
140.175000000000083
140.330000000000083
140.437000000000083
140.524000000000083
140.691000000000083
140.849000000000083
141.153000000000084
141.295000000000084
141.437000000000084
141.583000000000084
141.736000000000084
141.913000000000084
142.057000000000085
142.211000000000085
142.359000000000085
142.508000000000085
142.667000000000085
142.827000000000085
150.989000000000092
151.108000000000093
151.236000000000093
151.372000000000093
151.518000000000093
151.664000000000093
151.802000000000093
151.948000000000093
152.103000000000093
152.259000000000094
185.695000000000123
185.809000000000123
185.926000000000124
186.053000000000124
186.185000000000124
186.316000000000124
186.449000000000124
186.585000000000124
186.721000000000124
186.854000000000124
186.986000000000124
187.122000000000125
187.259000000000125
187.391000000000125
187.531000000000125
187.669000000000125
187.802000000000125
187.934000000000125
188.066000000000125
188.204000000000126
188.349000000000126
188.475000000000126
188.608000000000126
188.734000000000126
188.878000000000126
189.017000000000126
189.076000000000126
189.149000000000126
189.286000000000126
189.422000000000127
189.556000000000127
189.689000000000127
189.822000000000127
189.955000000000127
190.096000000000127
190.232000000000127
190.375000000000127
190.526000000000128
190.655000000000128
190.789000000000128
190.924000000000128
191.055000000000128
191.188000000000128
191.320000000000128
191.456000000000128
191.604000000000129
191.734000000000129
191.868000000000129
192.002000000000129
192.140000000000129
192.279000000000129
192.411000000000129
192.553000000000129
192.69200000000013
192.82800000000013
192.97600000000013
193.10700000000013
193.24200000000013
193.38300000000013
193.52700000000013
193.66100000000013
193.80400000000013
193.958000000000131
194.088000000000131
194.224000000000131
194.361000000000131
194.502000000000131
194.642000000000131
194.780000000000131
194.920000000000131
195.062000000000132
195.202000000000132
195.345000000000132
195.479000000000132
195.619000000000132
195.763000000000132
195.914000000000132
196.058000000000132
196.197000000000133
196.346000000000133
196.471000000000133
196.606000000000133
196.755000000000133
196.906000000000133
197.059000000000133
197.202000000000134
197.357000000000134
197.500000000000134
197.664000000000134
197.804000000000134
197.947000000000134
198.084000000000134
198.227000000000134
198.372000000000135
198.512000000000135
198.656000000000135
198.801000000000135
198.956000000000135
199.104000000000135
199.245000000000135
199.383000000000135
199.531000000000136
199.678000000000136
199.824000000000136
199.971000000000136
200.112000000000136
200.255000000000136
200.423000000000136
200.560000000000136
200.709000000000137
200.851000000000137
201.003000000000137
201.140000000000137
201.281000000000137
201.420000000000137
201.559000000000137
201.701000000000138
201.837000000000138
201.973000000000138
202.116000000000138
202.274000000000138
202.415000000000138
202.558000000000138
202.698000000000138
202.844000000000139
202.992000000000139
203.076000000000139
203.321000000000139
203.458000000000139
203.603000000000139
203.746000000000139
203.898000000000139
204.03700000000014
204.18900000000014
204.35900000000014
204.43300000000014
204.51100000000014
204.59100000000014
204.67300000000014
204.82000000000014
204.97200000000014
205.109000000000141
205.266000000000141
205.428000000000141
205.577000000000141
205.729000000000141
205.870000000000141
206.011000000000141
206.156000000000141
206.304000000000142
206.450000000000142
206.601000000000142
206.768000000000142
206.839000000000142
206.913000000000142
207.058000000000142
207.208000000000142
207.347000000000143
207.505000000000143
207.658000000000143
207.797000000000143
207.938000000000143
208.081000000000143
208.228000000000143
208.375000000000143
208.521000000000144
208.668000000000144
208.809000000000144
208.965000000000144
209.107000000000144
209.271000000000144
209.406000000000144
209.815000000000145
209.956000000000145
210.102000000000145
210.264000000000145
210.411000000000145
210.554000000000145
210.706000000000146
210.857000000000146
211.002000000000146
211.149000000000146
211.243000000000146
211.317000000000146
211.472000000000146
211.565000000000146
211.658000000000146
211.728000000000146
211.807000000000146
211.951000000000147
212.094000000000147
212.247000000000147
212.348000000000147
212.414000000000147
212.567000000000147
212.717000000000147
212.853000000000147
212.992000000000148
213.132000000000148
213.276000000000148
213.418000000000148
213.559000000000148
213.714000000000148
213.852000000000148
213.994000000000148
214.133000000000149
214.275000000000149
214.427000000000149
214.577000000000149
214.727000000000149
214.886000000000149
214.963000000000149
215.040000000000149
215.187000000000149
215.33200000000015
215.47900000000015
215.61800000000015
215.75000000000015
215.88600000000015
216.03900000000015
216.11800000000015
216.19000000000015
216.35000000000015
216.436000000000151
216.515000000000151
216.583000000000151
216.666000000000151
216.808000000000151
216.959000000000151
217.045000000000151
217.139000000000151
217.284000000000151
217.434000000000151
217.744000000000152
217.884000000000152
218.034000000000152
218.194000000000152
218.337000000000152
218.486000000000152
218.639000000000153
219.185000000000153
219.320000000000153
219.475000000000153
219.618000000000153
219.783000000000154
219.880000000000154
219.944000000000154
220.021000000000154
220.112000000000154
220.194000000000154
220.277000000000154
220.370000000000154
220.453000000000154
220.626000000000154
220.787000000000154
220.853000000000154
220.928000000000155
221.106000000000155
221.213000000000155
221.290000000000155
221.435000000000155
221.513000000000155
221.688000000000155
221.927000000000155
222.073000000000156
222.215000000000156
222.376000000000156
222.470000000000156
222.534000000000156
222.598000000000156
222.680000000000156
222.777000000000156
222.865000000000156
223.013000000000156
223.157000000000157
223.307000000000157
223.551000000000157
223.632000000000157
223.715000000000157
223.815000000000157
223.958000000000157
226.45800000000016
226.57700000000016
226.71000000000016
226.85000000000016
226.99100000000016
227.12900000000016
227.26800000000016
227.41100000000016
227.57900000000016
227.717000000000161
227.868000000000161
228.025000000000161
228.178000000000161
228.327000000000161
228.483000000000161
228.634000000000161
228.720000000000162
228.792000000000162
228.943000000000162
229.085000000000162
229.239000000000162
229.381000000000162
229.531000000000162
229.682000000000162
229.836000000000162
229.997000000000163
230.164000000000163
230.347000000000163
230.500000000000163
230.643000000000163
230.788000000000163
230.932000000000163
231.081000000000164
231.217000000000164
231.354000000000164
231.496000000000164
231.643000000000164
231.784000000000164
231.927000000000164
232.074000000000164
232.239000000000165
232.374000000000165
232.516000000000165
232.665000000000165
232.815000000000165
233.209000000000165
233.355000000000166
233.493000000000166
233.633000000000166
233.781000000000166
233.935000000000166
234.018000000000166
234.095000000000166
234.259000000000166
234.425000000000167
234.608000000000167
234.761000000000167
234.910000000000167
235.057000000000167
235.241000000000167
235.386000000000167
235.530000000000168
235.682000000000168
235.821000000000168
235.966000000000168
236.115000000000168
236.263000000000168
236.416000000000168
236.514000000000168
236.754000000000169
236.915000000000169
237.040000000000169
237.079000000000169
237.109000000000169
237.269000000000169
237.431000000000169
237.502000000000169
237.565000000000169
237.584000000000169
237.668000000000169
237.84100000000017
237.92500000000017
238.09700000000017
238.18200000000017
238.25900000000017
238.36400000000017
238.59100000000017
238.74100000000017
238.81300000000017
238.987000000000171
239.073000000000171
239.223000000000171
239.531000000000171
239.677000000000171
239.818000000000171
239.965000000000171
240.104000000000172
240.240000000000172
240.391000000000172
240.523000000000172
240.658000000000172
240.798000000000172
240.941000000000172
241.083000000000172
241.225000000000173
241.368000000000173
241.516000000000173
241.663000000000173
241.833000000000173
241.978000000000173
242.119000000000173
242.263000000000174
242.407000000000174
242.564000000000174
242.702000000000174
242.837000000000174
242.979000000000174
243.131000000000174
243.736000000000175
243.886000000000175
244.048000000000175
244.189000000000175
244.333000000000175
244.617000000000176
244.760000000000176
244.927000000000176
245.639000000000177
245.782000000000177
245.929000000000177
246.074000000000177
246.159000000000177
246.235000000000177
246.334000000000177
246.439000000000177
246.580000000000177
246.724000000000177
246.873000000000178
247.020000000000178
247.180000000000178
247.326000000000178
247.418000000000178
247.645000000000178
247.798000000000178
247.951000000000179
248.109000000000179
248.268000000000179
248.418000000000179
248.568000000000179
248.646000000000179
248.739000000000179
248.880000000000179
248.987000000000179
249.22900000000018
249.35800000000018
249.50000000000018
249.64600000000018
249.79800000000018
249.90600000000018
250.133000000000181
250.286000000000181
250.386000000000181
250.781000000000181
250.935000000000181
251.091000000000181
251.264000000000182
251.409000000000182
251.555000000000182
251.695000000000182
251.845000000000182
251.992000000000182
252.308000000000182
252.409000000000183
252.489000000000183
252.577000000000183
252.674000000000183
252.843000000000183
253.002000000000183
253.158000000000183
253.288000000000183
253.423000000000183
253.690000000000184
253.840000000000184
254.144000000000184
254.291000000000184
254.609000000000184
254.749000000000185
254.827000000000185
254.907000000000185
254.992000000000185
255.094000000000185
255.226000000000185
255.665000000000185
255.690000000000185
255.845000000000186
255.999000000000186
256.255000000000186
256.340000000000186
256.498000000000186
256.654000000000186
256.790000000000186
256.930000000000187
257.114000000000187
257.261000000000187
257.396000000000187
257.820000000000187
257.964000000000187
258.110000000000188
258.255000000000188
258.407000000000188
258.581000000000188
258.719000000000188
258.864000000000188
259.032000000000188
259.167000000000189
259.307000000000189
259.422000000000189
259.497000000000189
259.744000000000189
259.907000000000189
259.951000000000189
260.013000000000189
260.33500000000019
260.60300000000019
260.62600000000019
260.77400000000019
260.97700000000019
261.08500000000019
261.14700000000019
261.29500000000019
261.37200000000019
261.540000000000191
261.770000000000191
265.708000000000194
265.839000000000194
265.975000000000195
266.119000000000195
266.261000000000195
266.412000000000195
266.579000000000195
266.721000000000195
266.868000000000195
267.004000000000195
267.148000000000196
267.289000000000196
267.431000000000196
267.580000000000196
267.754000000000196
267.819000000000196
267.893000000000196
268.035000000000196
268.178000000000197
268.315000000000197
268.471000000000197
268.613000000000197
268.764000000000197
268.910000000000197
269.053000000000197
269.195000000000197
269.360000000000198
269.496000000000198
269.638000000000198
269.776000000000198
269.942000000000198
270.067000000000198
270.203000000000198
270.343000000000198
270.478000000000199
270.614000000000199
270.757000000000199
270.905000000000199
271.047000000000199
271.190000000000199
271.337000000000199
271.478000000000199
271.6220000000002
271.7890000000002
271.9280000000002
272.0710000000002
272.2270000000002
272.768000000000201
272.907000000000201
273.052000000000201
273.151000000000201
273.221000000000201
273.371000000000201
273.517000000000201
273.682000000000201
273.828000000000202
273.966000000000202
274.110000000000202
274.265000000000202
274.412000000000202
274.562000000000202
274.657000000000202
274.741000000000202
274.913000000000203
275.042000000000203
275.168000000000203
275.328000000000203
275.901000000000203
276.051000000000204
276.196000000000204
276.350000000000204
276.498000000000204
276.650000000000204
276.801000000000204
276.952000000000204
277.103000000000204
277.257000000000205
277.330000000000205
277.408000000000205
277.563000000000205
277.652000000000205
277.744000000000205
277.884000000000205
278.028000000000205
278.180000000000205
278.333000000000206
278.483000000000206
278.658000000000206
278.798000000000206
279.204000000000206
279.356000000000206
279.461000000000207
279.948000000000207
280.211000000000207
280.301000000000207
280.395000000000207
280.546000000000208
280.630000000000208
280.779000000000208
280.857000000000208
281.003000000000208
281.164000000000208
281.300000000000208
281.440000000000208
281.579000000000208
281.729000000000209
281.872000000000209
282.015000000000209
282.164000000000209
282.314000000000209
282.462000000000209
282.610000000000209
282.77500000000021
282.91700000000021
283.07200000000021
283.24900000000021
283.38400000000021
283.52600000000021
283.67400000000021
283.81300000000021
283.951000000000211
284.088000000000211
284.231000000000211
284.370000000000211
284.545000000000211
284.623000000000211
284.692000000000211
284.788000000000211
285.010000000000211
285.155000000000212
285.305000000000212
285.399000000000212
285.469000000000212
285.637000000000212
285.723000000000212
285.983000000000212
286.130000000000212
286.202000000000213
286.279000000000213
286.428000000000213
286.573000000000213
286.725000000000213
286.874000000000213
287.020000000000213
287.178000000000213
287.246000000000213
287.320000000000214
287.464000000000214
288.202000000000214
288.355000000000214
288.506000000000215
288.658000000000215
288.803000000000215
288.950000000000215
289.102000000000215
289.254000000000215
289.432000000000215
289.522000000000216
289.601000000000216
289.763000000000216
299.255000000000224
299.372000000000224
299.508000000000224
299.641000000000224
299.776000000000225
303.988000000000228
304.110000000000228
304.238000000000229
304.365000000000229
304.503000000000229
304.640000000000229
304.781000000000229
304.921000000000229
305.062000000000229
305.202000000000229
305.34000000000023
305.50000000000023
305.64200000000023
346.035000000000266
346.148000000000266
346.262000000000266
346.388000000000266
346.514000000000266
346.643000000000266
346.772000000000266
346.904000000000266
347.036000000000267
347.164000000000267
347.292000000000267
347.423000000000267
347.554000000000267
347.678000000000267
347.804000000000267
347.933000000000267
348.061000000000267
348.193000000000268
348.325000000000268
348.450000000000268
348.581000000000268
348.709000000000268
348.838000000000268
348.971000000000268
349.120000000000268
349.244000000000269
349.374000000000269
349.499000000000269
349.632000000000269
349.768000000000269
349.901000000000269
350.043000000000269
350.177000000000269
350.32400000000027
350.45700000000027
350.59100000000027
350.72700000000027
350.86700000000027
350.93500000000027
351.00500000000027
351.07600000000027
351.14400000000027
351.27800000000027
351.40600000000027
352.086000000000271
352.216000000000271
353.607000000000272
355.859000000000274
355.996000000000275
356.141000000000275
357.178000000000276
358.114000000000276
358.502000000000277
358.624000000000277
358.753000000000277
358.888000000000277
359.021000000000277
359.161000000000277
359.311000000000277
359.457000000000278
359.593000000000278
359.722000000000278
360.214000000000278
360.337000000000278
360.463000000000278
360.597000000000279
360.716000000000279
360.838000000000279
360.964000000000279
361.091000000000279
361.216000000000279
361.346000000000279
361.479000000000279
361.60300000000028
361.74900000000028
361.87100000000028
361.99700000000028
362.12500000000028
362.25700000000028
362.38600000000028
362.51600000000028
362.64800000000028
362.777000000000281
362.913000000000281
363.044000000000281
363.178000000000281
363.329000000000281
363.455000000000281
363.584000000000281
363.720000000000281
363.851000000000282
363.986000000000282
364.120000000000282
364.258000000000282
364.393000000000282
364.530000000000282
364.663000000000282
364.816000000000282
364.948000000000282
365.076000000000283
365.208000000000283
365.346000000000283
365.483000000000283
365.617000000000283
365.753000000000283
365.901000000000283
366.050000000000283
366.199000000000284
366.331000000000284
366.469000000000284
366.610000000000284
366.752000000000284
366.883000000000284
367.020000000000284
367.164000000000284
367.302000000000285
367.443000000000285
367.605000000000285
367.741000000000285
367.878000000000285
368.021000000000285
368.154000000000285
368.294000000000285
368.712000000000286
368.837000000000286
368.980000000000286
369.118000000000286
369.259000000000286
369.404000000000286
369.544000000000287
369.700000000000287
369.870000000000287
370.023000000000287
370.162000000000287
370.295000000000287
370.430000000000287
370.818000000000288
370.971000000000288
371.114000000000288
371.272000000000288
371.413000000000288
371.552000000000288
371.693000000000288
371.838000000000289
371.972000000000289
457.604000000000365
457.719000000000365
457.855000000000365
458.003000000000365
458.134000000000365
458.263000000000365
458.392000000000366
458.523000000000366
458.648000000000366
458.783000000000366
458.913000000000366
459.050000000000366
459.180000000000366
459.326000000000366
459.452000000000366
459.577000000000366
459.712000000000367
459.840000000000367
459.972000000000367
460.101000000000367
460.223000000000367
460.350000000000367
460.475000000000367
460.604000000000367
460.752000000000368
460.882000000000368
460.946000000000368
461.014000000000368
461.144000000000368
461.274000000000368
461.402000000000368
461.529000000000368
461.654000000000368
461.802000000000368
461.946000000000369
462.091000000000369
462.223000000000369
462.350000000000369
462.477000000000369
462.601000000000369
462.729000000000369
462.861000000000369
463.01200000000037
463.15300000000037
463.29000000000037
463.44200000000037
463.51600000000037
463.58400000000037
463.71800000000037
463.86800000000037
464.01800000000037
464.175000000000371
464.298000000000371
464.425000000000371
464.551000000000371
464.678000000000371
464.815000000000371
464.966000000000371
465.043000000000371
465.111000000000371
465.259000000000372
465.334000000000372
465.411000000000372
465.542000000000372
465.670000000000372
465.802000000000372
465.938000000000372
466.073000000000372
466.207000000000372
466.355000000000373
466.509000000000373
466.673000000000373
466.818000000000373
466.961000000000373
467.102000000000373
467.227000000000373
467.363000000000373
467.897000000000374
468.034000000000374
468.187000000000374
468.327000000000374
468.471000000000374
468.620000000000375
468.775000000000375
468.942000000000375
469.089000000000375
469.235000000000375
469.392000000000375
469.529000000000375
469.661000000000376
469.793000000000376
469.923000000000376
470.075000000000376
470.210000000000376
470.340000000000376
470.477000000000376
470.618000000000376
471.150000000000377
471.286000000000377
471.429000000000377
471.586000000000377
471.730000000000377
471.863000000000377
472.001000000000378
472.083000000000378
472.150000000000378
472.320000000000378
472.479000000000378
472.634000000000378
472.788000000000378
472.935000000000378
473.076000000000378
473.207000000000379
473.337000000000379
473.486000000000379
473.633000000000379
473.782000000000379
473.942000000000379
474.083000000000379
474.22900000000038
474.31800000000038
474.39700000000038
474.53800000000038
474.67200000000038
474.81100000000038
474.95300000000038
475.12800000000038
475.27700000000038
475.443000000000381
475.594000000000381
475.752000000000381
475.906000000000381
476.034000000000381
476.338000000000381
476.466000000000382
476.593000000000382
476.725000000000382
476.859000000000382
477.005000000000382
477.136000000000382
477.524000000000382
477.664000000000383
477.802000000000383
477.940000000000383
478.105000000000383
478.243000000000383
478.392000000000383
478.532000000000383
478.666000000000384
478.808000000000384
478.962000000000384
479.091000000000384
479.219000000000384
479.353000000000384
479.487000000000384
479.616000000000384
479.746000000000384
479.881000000000385
480.011000000000385
480.158000000000385
480.292000000000385
480.426000000000385
480.565000000000385
480.710000000000385
480.849000000000385
480.988000000000386
481.122000000000386
481.251000000000386
481.395000000000386
481.531000000000386
481.667000000000386
481.826000000000386
481.954000000000386
482.092000000000387
482.231000000000387
482.376000000000387
482.512000000000387
482.659000000000387
482.814000000000387
482.943000000000387
483.074000000000387
483.210000000000388
483.351000000000388
483.490000000000388
483.623000000000388
483.759000000000388
483.903000000000388
484.320000000000389
484.445000000000389
484.585000000000389
484.729000000000389
484.882000000000389
485.008000000000389
485.138000000000389
485.281000000000389
485.42100000000039
485.56600000000039
485.70500000000039
485.88500000000039
486.03600000000039
486.17500000000039
486.31100000000039
486.46100000000039
486.618000000000391
486.769000000000391
486.930000000000391
487.076000000000391
487.218000000000391
487.373000000000391
487.502000000000391
487.632000000000391
487.767000000000392
487.895000000000392
488.030000000000392
488.167000000000392
488.301000000000392
488.454000000000392
488.592000000000392
488.723000000000392
488.865000000000393
489.009000000000393
489.150000000000393
489.295000000000393
489.437000000000393
489.596000000000393
489.731000000000393
489.864000000000393
490.000000000000394
490.144000000000394
490.288000000000394
490.424000000000394
490.576000000000394
490.655000000000394
490.727000000000394
490.873000000000394
491.015000000000394
491.161000000000395
491.307000000000395
491.452000000000395
491.579000000000395
491.716000000000395
491.865000000000395
492.021000000000395
492.162000000000395
492.317000000000396
492.468000000000396
492.640000000000396
492.775000000000396
492.910000000000396
493.065000000000396
493.204000000000396
493.343000000000397
493.490000000000397
493.633000000000397
493.772000000000397
493.925000000000397
494.069000000000397
494.221000000000397
494.367000000000397
494.524000000000398
494.681000000000398
494.829000000000398
494.970000000000398
495.123000000000398
495.259000000000398
495.395000000000398
495.529000000000398
495.664000000000399
495.799000000000399
495.946000000000399
496.090000000000399
496.225000000000399
496.359000000000399
496.496000000000399
496.632000000000399
496.7700000000004
496.9110000000004
497.0480000000004
497.2000000000004
497.3480000000004
497.4880000000004
497.6300000000004
497.7660000000004
497.904000000000401
498.056000000000401
498.195000000000401
498.330000000000401
498.465000000000401
498.609000000000401
498.750000000000401
498.888000000000401
499.035000000000402
499.177000000000402
499.333000000000402
499.494000000000402
499.648000000000402
499.788000000000402
499.943000000000402
500.079000000000402
500.209000000000403
500.347000000000403
500.493000000000403
500.654000000000403
500.798000000000403
500.943000000000403
501.092000000000403
501.263000000000404
501.343000000000404
501.422000000000404
501.590000000000404
501.674000000000404
501.757000000000404
501.930000000000404
502.081000000000404
502.222000000000404
502.364000000000405
502.507000000000405
502.649000000000405
502.791000000000405
503.066000000000405
503.208000000000405
503.346000000000405
503.419000000000405
503.483000000000406
503.628000000000406
503.768000000000406
503.934000000000406
504.082000000000406
504.232000000000406
504.401000000000406
504.560000000000406
504.731000000000407
504.900000000000407
505.047000000000407
505.191000000000407
505.335000000000407
505.459000000000407
505.595000000000407
506.148000000000408
506.285000000000408
506.425000000000408
506.587000000000408
506.732000000000408
506.874000000000409
507.015000000000409
507.187000000000409
507.322000000000409
507.461000000000409
507.867000000000409
508.00300000000041
508.16000000000041
508.31400000000041
508.49700000000041
508.65600000000041
508.80800000000041
508.94200000000041
509.07600000000041
509.211000000000411
509.347000000000411
509.483000000000411
509.643000000000411
509.777000000000411
509.911000000000411
510.048000000000411
510.185000000000411
510.317000000000412
510.461000000000412
521.244000000000421
521.361000000000421
521.486000000000421
521.624000000000422
521.762000000000422
521.899000000000422
522.036000000000422
522.172000000000422
522.306000000000422
522.445000000000422
522.582000000000422
522.721000000000423
523.139000000000423
523.277000000000423
523.423000000000423
523.569000000000423
523.718000000000423
523.853000000000424
523.988000000000424
524.117000000000424
524.259000000000424
524.398000000000424
524.533000000000424
524.664000000000424
524.802000000000424
524.932000000000425
525.081000000000425
525.210000000000425
525.346000000000425
525.474000000000425
525.612000000000425
525.744000000000425
526.124000000000426
526.274000000000426
526.438000000000426
526.519000000000426
526.595000000000426
526.753000000000426
526.895000000000426
527.030000000000426
527.091000000000426
527.166000000000427
527.297000000000427
527.430000000000427
527.563000000000427
527.716000000000427
527.860000000000427
528.017000000000427
528.161000000000427
528.301000000000428
528.439000000000428
528.577000000000428
528.721000000000428
528.869000000000428
529.022000000000428
529.156000000000428
529.306000000000428
529.448000000000429
529.599000000000429
529.737000000000429
529.871000000000429
530.003000000000429
530.57500000000043
530.69900000000043
530.85500000000043
530.99500000000043
531.12900000000043
531.28100000000043
531.36400000000043
531.43600000000043
531.51100000000043
531.58800000000043
531.733000000000431
531.798000000000431
531.873000000000431
532.007000000000431
533.808000000000432
533.941000000000433
534.090000000000433
534.225000000000433
534.300000000000433
534.398000000000433
534.547000000000433
534.657000000000433
534.733000000000433
534.812000000000433
534.883000000000433
535.008000000000433
535.156000000000434
535.229000000000434
535.323000000000434
535.468000000000434
535.601000000000434
535.741000000000434
535.890000000000434
536.019000000000434
536.155000000000435
536.287000000000435
536.945000000000435
537.082000000000435
537.230000000000436
537.390000000000436
537.518000000000436
539.983000000000438
540.130000000000438
540.257000000000438
540.387000000000438
540.520000000000438
540.653000000000439
540.796000000000439
540.939000000000439
548.447000000000445
548.564000000000446
548.694000000000446
548.827000000000446
548.954000000000446
549.086000000000446
549.227000000000446
549.550000000000446
549.674000000000447
549.820000000000447
549.965000000000447
550.100000000000447
550.237000000000447
550.379000000000447
550.512000000000447
550.656000000000447
550.791000000000448
551.879000000000448
552.006000000000449
552.154000000000449
552.301000000000449
552.452000000000449
639.255000000000526
639.369000000000526
639.490000000000526
639.619000000000526
639.740000000000526
639.872000000000527
639.992000000000527
640.118000000000527
640.243000000000527
640.980000000000528
641.111000000000528
641.247000000000528
641.377000000000528
641.513000000000528
641.646000000000528
641.773000000000528
641.893000000000528
1605.80000000000138
1605.93100000000138
1606.07500000000138
1607.32500000000139
1607.44900000000139
1607.56500000000139
2570.31599999994425
2570.43899999994424
2570.8309999999442
2570.96899999994418
2571.22899999994415
2571.35199999994414
2571.47899999994412
2571.60099999994411
2571.7259999999441
2571.84899999994408
2571.97599999994407
2572.10999999994405
2572.23999999994404
2572.37599999994403
2572.51999999994401
2572.632999999944
2572.76499999994398
2572.89199999994397
2573.01499999994396
2573.14299999994394
2573.26399999994393
2574.18399999994383
2574.31599999994381
2574.4519999999438
2574.57699999994378
2574.84799999994375
2574.97599999994374
2575.12799999994372
2575.25799999994371
2576.65999999994355
2576.79799999994354
2577.76199999994343
2577.91199999994342
2578.0699999999434
2578.19999999994338
2578.44599999994336
2578.58199999994334
2578.74299999994332
2578.87699999994331
2579.01499999994329
2579.15899999994328
2581.21899999994305
2581.35799999994304
2581.51299999994302
2581.63499999994301
2581.75099999994299
2581.89599999994298
2582.04499999994296
2582.18299999994295
2582.31299999994293
2584.88799999994265
2585.01699999994263
2585.15799999994262
2585.3109999999426
2585.48599999994258
2585.60999999994257
2585.75599999994255
2585.91099999994253
2586.03599999994252
2586.16499999994251
2588.45799999994225
2588.58899999994224
2588.75599999994222
2588.9099999999422
2589.02799999994219
2589.17899999994218
2589.32299999994216
2589.45199999994214
2589.61099999994213
2589.74899999994211
2600.7919999999409
2600.90999999994088
2601.03799999994087
2601.18799999994085
2601.30299999994084
2601.44199999994082
2603.12499999994064
2603.25799999994062
2603.41499999994061
2603.56599999994059
2603.73199999994057
2603.88299999994056
2604.04199999994054
2604.45399999994049
2604.62399999994047
2604.77699999994046
2604.92899999994044
2605.10699999994042
2605.23999999994041
2605.40699999994039
2606.88299999994023
2607.00799999994021
2607.16699999994019
2607.29099999994018
2607.43499999994016
2607.56099999994015
2607.69799999994014
2607.82599999994012
2607.96099999994011
2608.09299999994009
2608.26299999994007
2608.41599999994006
2608.56799999994004
2610.56399999993982
2610.7199999999398
2610.86999999993979
2611.02899999993977
2611.16999999993975
2611.30699999993974
2611.44199999993972
2611.57099999993971
2613.07899999993954
2613.22799999993953
2613.39399999993951
2613.53599999993949
2613.67799999993948
2613.80499999993946
2613.95399999993945
2615.3019999999393
2615.43399999993928
2615.60099999993926
2615.73799999993925
2615.87599999993923
2617.49299999993906
2617.64299999993904
2617.80799999993902
2617.95199999993901
2618.08699999993899
2618.25099999993897
2618.40099999993896
2618.55999999993894
2618.69299999993892
2620.16699999993876
2620.31199999993875
2620.47299999993873
2620.61999999993871
2620.7469999999387
2620.89499999993868
2621.03599999993867
2622.34999999993852
2622.5039999999385
2622.66599999993849
2622.80299999993847
2622.96299999993845
2623.12199999993844
2623.25599999993842
2624.87199999993824
2625.01299999993823
2625.17299999993821
2625.3159999999382
2625.45899999993818
2627.46999999993796
2627.60999999993794
2627.77299999993792
2627.93299999993791
-4
74.6310000000000246
74.7690000000000248
74.8990000000000249
75.036000000000025
75.1750000000000251
75.3120000000000252
75.4490000000000254
75.5830000000000255
75.7230000000000256
75.8560000000000257
75.9970000000000258
76.140000000000026
76.2720000000000261
76.4050000000000262
76.5500000000000263
76.6860000000000265
76.8340000000000266
76.9680000000000267
77.1050000000000268
77.243000000000027
77.3900000000000271
77.5220000000000272
77.6710000000000273
77.8310000000000275
77.9590000000000276
78.1080000000000277
78.2400000000000278
78.379000000000028
78.5210000000000281
78.6530000000000282
78.7970000000000283
78.9320000000000285
79.0740000000000286
79.2140000000000287
79.3550000000000288
79.500000000000029
79.6630000000000291
79.7850000000000292
79.9240000000000293
80.0590000000000295
80.2060000000000296
80.3470000000000297
80.4800000000000298
80.63400000000003
80.7630000000000301
80.9150000000000302
81.0490000000000303
81.1900000000000305
81.3330000000000306
81.4940000000000307
81.6400000000000309
81.781000000000031
81.9250000000000311
82.0790000000000313
82.2200000000000314
82.3770000000000315
82.5170000000000316
82.6550000000000318
82.8430000000000319
82.972000000000032
83.0960000000000322
83.2670000000000323
83.4010000000000324
83.5480000000000326
83.6970000000000327
83.8330000000000328
83.9830000000000329
84.1330000000000331
84.2860000000000332
84.4230000000000333
84.5710000000000335
84.7140000000000336
84.8550000000000337
84.9960000000000338
85.152000000000034
85.2810000000000341
85.4290000000000342
85.5900000000000344
85.7580000000000345
85.8890000000000346
86.0410000000000348
86.1690000000000349
86.313000000000035
86.4500000000000351
86.6100000000000353
86.7510000000000354
86.8860000000000355
87.0390000000000357
87.1920000000000358
87.3170000000000359
87.462000000000036
87.6200000000000362
90.5820000000000388
90.7200000000000389
90.8630000000000391
91.0070000000000392
91.1510000000000393
91.2930000000000394
91.4410000000000396
91.5830000000000397
91.7260000000000398
91.86400000000004
92.0150000000000401
92.1510000000000402
92.3050000000000403
92.4550000000000405
92.5990000000000406
92.7460000000000407
92.8970000000000409
93.042000000000041
93.1880000000000411
93.3230000000000412
93.4740000000000414
93.6270000000000415
93.7860000000000416
93.9260000000000418
94.0770000000000419
94.216000000000042
94.3630000000000422
94.5050000000000423
94.6500000000000424
94.7980000000000426
94.9400000000000427
95.0900000000000428
95.2390000000000429
95.3950000000000431
95.5420000000000432
95.6890000000000433
95.8760000000000435
96.0050000000000436
96.1800000000000438
96.2840000000000439
96.488000000000044
96.6130000000000442
96.7650000000000443
96.9070000000000444
97.0500000000000446
97.2120000000000447
97.3260000000000448
97.4810000000000449
97.6260000000000451
97.7660000000000452
97.9120000000000453
98.0640000000000455
98.2140000000000456
98.3890000000000457
98.5220000000000459
98.680000000000046
98.8520000000000462
98.9600000000000462
99.1170000000000464
99.2610000000000465
99.4690000000000467
99.5860000000000468
99.6960000000000469
99.850000000000047
100.0100000000000472
100.2090000000000474
100.3740000000000475
100.5300000000000476
100.6990000000000478
100.8370000000000479
100.945000000000048
100.973000000000048
101.1280000000000482
101.2770000000000483
101.4460000000000485
101.6020000000000486
101.7490000000000487
101.8970000000000489
102.010000000000049
102.1810000000000491
102.3220000000000492
102.5100000000000494
102.6460000000000495
102.7920000000000496
102.9470000000000498
103.1180000000000499
103.23400000000005
103.4220000000000502
103.5320000000000503
103.6960000000000504
103.8410000000000506
103.9870000000000507
104.1390000000000508
104.293000000000051
104.4300000000000511
104.5950000000000512
104.7410000000000514
104.8900000000000515
105.0650000000000517
105.1830000000000518
105.3340000000000519
105.4990000000000521
105.6300000000000522
105.7720000000000523
105.9340000000000524
106.0750000000000526
106.2130000000000527
106.3570000000000528
106.512000000000053
106.6730000000000531
106.8210000000000532
106.9770000000000534
107.1180000000000535
107.2690000000000536
107.4230000000000538
107.5700000000000539
107.708000000000054
107.8690000000000542
108.0350000000000543
108.2130000000000545
108.3900000000000546
108.4980000000000547
108.6140000000000548
108.773000000000055
108.9970000000000552
109.1390000000000553
109.2700000000000554
109.4330000000000556
109.5760000000000557
109.7710000000000558
110.0630000000000561
110.2110000000000562
110.3620000000000564
110.6890000000000567
110.8260000000000568
110.9440000000000569
111.092000000000057
111.2630000000000572
111.4320000000000573
111.5510000000000574
111.7020000000000576
111.9110000000000578
112.0470000000000579
112.204000000000058
112.5060000000000583
112.6460000000000584
112.7700000000000585
112.8190000000000586
112.9300000000000586
113.1030000000000588
113.1790000000000589
113.278000000000059
113.338000000000059
113.4390000000000591
113.6150000000000593
113.6900000000000593
113.7890000000000594
113.8720000000000595
113.9680000000000596
114.0760000000000597
114.1550000000000597
114.1990000000000598
114.6240000000000602
114.7060000000000602
114.9360000000000604
115.1130000000000606
115.2510000000000607
115.3970000000000608
115.528000000000061
115.6700000000000611
115.8120000000000612
115.9450000000000613
116.0860000000000614
116.9220000000000622
117.0670000000000623
117.2430000000000625
117.3850000000000626
117.5160000000000627
117.6540000000000628
117.776000000000063
117.9340000000000631
118.1000000000000632
118.2250000000000634
118.4080000000000635
118.5600000000000636
118.5780000000000637
118.6990000000000638
118.8360000000000639
118.966000000000064
119.1290000000000642
119.3020000000000643
119.4700000000000645
119.6270000000000646
119.7720000000000647
119.9210000000000649
120.053000000000065
120.2090000000000651
120.3470000000000652
120.4770000000000654
120.6250000000000655
120.7750000000000656
120.9150000000000657
124.8790000000000693
125.0130000000000694
125.1540000000000695
125.3050000000000696
125.4520000000000698
125.6020000000000699
125.74600000000007
125.8870000000000702
126.0380000000000703
126.1940000000000704
126.3460000000000706
126.3890000000000706
126.5420000000000708
126.7030000000000709
126.7280000000000709
126.861000000000071
127.0200000000000712
127.1750000000000713
127.3340000000000714
127.5050000000000716
127.5340000000000716
127.6850000000000718
127.8410000000000719
128.016000000000072
128.054000000000072
128.182000000000072
128.339000000000072
128.501000000000072
128.548000000000073
128.704000000000073
128.865000000000073
129.021000000000073
129.166000000000073
129.182000000000073
129.320000000000073
129.487000000000073
129.525000000000073
129.666000000000074
129.830000000000074
129.982000000000074
132.787000000000076
132.924000000000076
133.065000000000077
133.215000000000077
133.365000000000077
133.508000000000077
133.664000000000077
133.723000000000077
133.862000000000077
134.018000000000077
134.173000000000078
134.221000000000078
134.357000000000078
134.508000000000078
134.660000000000078
134.810000000000078
134.837000000000078
134.975000000000078
135.138000000000078
135.194000000000078
135.326000000000079
135.550000000000079
135.664000000000079
135.822000000000079
135.970000000000079
136.123000000000079
136.274000000000079
136.42700000000008
136.57100000000008
136.71300000000008
136.86900000000008
137.01700000000008
137.16000000000008
137.30800000000008
137.46200000000008
137.649000000000081
137.813000000000081
137.951000000000081
138.068000000000081
138.251000000000081
138.423000000000081
138.575000000000081
138.728000000000082
138.864000000000082
139.009000000000082
139.149000000000082
139.336000000000082
139.513000000000082
139.669000000000082
139.806000000000083
139.911000000000083
140.163000000000083
140.323000000000083
140.414000000000083
140.466000000000083
140.664000000000083
140.831000000000083
141.139000000000084
141.260000000000084
141.397000000000084
141.542000000000084
141.721000000000084
141.869000000000084
142.010000000000084
142.152000000000085
142.350000000000085
142.506000000000085
142.649000000000085
142.782000000000085
142.861000000000085
151.032000000000092
151.159000000000093
151.294000000000093
151.437000000000093
151.587000000000093
151.729000000000093
151.871000000000093
152.019000000000093
152.168000000000094
152.311000000000094
185.745000000000123
185.860000000000123
185.983000000000124
186.115000000000124
186.247000000000124
186.382000000000124
186.524000000000124
186.651000000000124
186.785000000000124
186.915000000000124
187.052000000000124
187.188000000000125
187.321000000000125
187.448000000000125
187.587000000000125
187.732000000000125
187.863000000000125
187.998000000000125
188.140000000000125
188.272000000000126
188.420000000000126
188.542000000000126
188.664000000000126
188.825000000000126
188.963000000000126
189.075000000000126
189.113000000000126
189.253000000000126
189.384000000000127
189.494000000000127
189.638000000000127
189.779000000000127
189.903000000000127
190.045000000000127
190.164000000000127
190.312000000000127
190.443000000000128
190.588000000000128
190.729000000000128
190.866000000000128
191.000000000000128
191.138000000000128
191.264000000000128
191.385000000000128
191.530000000000128
191.664000000000129
191.819000000000129
191.964000000000129
192.100000000000129
192.235000000000129
192.363000000000129
192.526000000000129
192.644000000000129
192.78300000000013
192.92000000000013
193.04000000000013
193.18100000000013
193.33400000000013
193.47900000000013
193.62100000000013
193.75900000000013
193.899000000000131
194.035000000000131
194.162000000000131
194.301000000000131
194.449000000000131
194.602000000000131
194.746000000000131
194.882000000000131
195.005000000000132
195.139000000000132
195.279000000000132
195.424000000000132
195.551000000000132
195.693000000000132
195.844000000000132
195.995000000000132
196.134000000000133
196.266000000000133
196.402000000000133
196.553000000000133
196.688000000000133
196.865000000000133
197.031000000000133
197.180000000000133
197.319000000000134
197.451000000000134
197.614000000000134
197.759000000000134
197.898000000000134
198.043000000000134
198.160000000000134
198.304000000000134
198.446000000000135
198.589000000000135
198.736000000000135
198.890000000000135
199.033000000000135
199.182000000000135
199.329000000000135
199.465000000000136
199.610000000000136
199.758000000000136
199.906000000000136
200.053000000000136
200.188000000000136
200.354000000000136
200.512000000000136
200.662000000000137
200.793000000000137
200.922000000000137
201.069000000000137
201.213000000000137
201.354000000000137
201.498000000000137
201.638000000000137
201.775000000000138
201.895000000000138
202.039000000000138
202.195000000000138
202.352000000000138
202.511000000000138
202.632000000000138
202.778000000000138
202.976000000000139
203.062000000000139
203.245000000000139
203.389000000000139
203.556000000000139
203.703000000000139
203.856000000000139
203.98100000000014
204.15000000000014
204.30500000000014
204.43200000000014
204.44700000000014
204.58900000000014
204.62000000000014
204.77700000000014
204.92200000000014
205.04800000000014
205.211000000000141
205.359000000000141
205.545000000000141
205.705000000000141
205.835000000000141
205.941000000000141
206.079000000000141
206.227000000000142
206.373000000000142
206.521000000000142
206.678000000000142
206.838000000000142
206.857000000000142
207.017000000000142
207.164000000000142
207.282000000000142
207.455000000000143
207.593000000000143
207.726000000000143
207.872000000000143
208.009000000000143
208.159000000000143
208.297000000000143
208.449000000000143
208.599000000000144
208.737000000000144
208.882000000000144
209.030000000000144
209.177000000000144
209.324000000000144
209.458000000000144
209.877000000000145
210.019000000000145
210.175000000000145
210.331000000000145
210.485000000000145
210.632000000000145
210.781000000000146
210.929000000000146
211.069000000000146
211.227000000000146
211.282000000000146
211.429000000000146
211.547000000000146
211.616000000000146
211.724000000000146
211.749000000000146
211.900000000000147
212.049000000000147
212.202000000000147
212.321000000000147
212.380000000000147
212.533000000000147
212.645000000000147
212.784000000000147
212.930000000000147
213.071000000000148
213.210000000000148
213.349000000000148
213.485000000000148
213.646000000000148
213.778000000000148
213.939000000000148
214.070000000000148
214.212000000000149
214.355000000000149
214.506000000000149
214.676000000000149
214.831000000000149
214.953000000000149
215.014000000000149
215.145000000000149
215.29500000000015
215.43900000000015
215.54100000000015
215.66300000000015
215.79800000000015
215.95300000000015
216.10600000000015
216.15100000000015
216.32500000000015
216.418000000000151
216.512000000000151
216.580000000000151
216.617000000000151
216.751000000000151
216.916000000000151
217.037000000000151
217.096000000000151
217.249000000000151
217.402000000000151
217.700000000000152
217.814000000000152
217.972000000000152
218.122000000000152
218.272000000000152
218.413000000000152
218.559000000000152
218.695000000000153
219.240000000000153
219.389000000000153
219.537000000000153
219.695000000000153
219.855000000000154
219.892000000000154
220.017000000000154
220.089000000000154
220.185000000000154
220.271000000000154
220.353000000000154
220.445000000000154
220.618000000000154
220.748000000000154
220.849000000000154
220.901000000000155
221.054000000000155
221.177000000000155
221.229000000000155
221.415000000000155
221.510000000000155
221.664000000000155
221.886000000000155
221.994000000000156
222.167000000000156
222.321000000000156
222.443000000000156
222.484000000000156
222.597000000000156
222.646000000000156
222.750000000000156
222.814000000000156
222.967000000000156
223.108000000000157
223.303000000000157
223.544000000000157
223.630000000000157
223.712000000000157
223.736000000000157
223.877000000000157
224.006000000000157
226.50900000000016
226.64100000000016
226.77900000000016
226.91900000000016
227.06100000000016
227.19800000000016
227.34200000000016
227.48900000000016
227.641000000000161
227.792000000000161
227.935000000000161
228.096000000000161
228.248000000000161
228.416000000000161
228.549000000000161
228.708000000000162
228.729000000000162
228.861000000000162
229.008000000000162
229.156000000000162
229.298000000000162
229.451000000000162
229.606000000000162
229.754000000000162
229.909000000000163
230.085000000000163
230.249000000000163
230.440000000000163
230.582000000000163
230.730000000000163
230.863000000000163
231.006000000000164
231.148000000000164
231.286000000000164
231.422000000000164
231.573000000000164
231.713000000000164
231.854000000000164
232.007000000000164
232.152000000000165
232.309000000000165
232.452000000000165
232.600000000000165
232.735000000000165
232.873000000000165
233.275000000000166
233.422000000000166
233.570000000000166
233.708000000000166
233.892000000000166
234.013000000000166
234.094000000000166
234.233000000000166
234.401000000000167
234.563000000000167
234.715000000000167
234.857000000000167
234.979000000000167
235.132000000000167
235.306000000000167
235.465000000000167
235.605000000000168
235.757000000000168
235.892000000000168
236.049000000000168
236.205000000000168
236.375000000000168
236.491000000000168
236.730000000000169
236.862000000000169
236.992000000000169
237.074000000000169
237.099000000000169
237.268000000000169
237.425000000000169
237.488000000000169
237.556000000000169
237.576000000000169
237.652000000000169
237.83500000000017
237.91500000000017
238.05500000000017
238.17800000000017
238.22500000000017
238.34300000000017
238.56200000000017
238.70300000000017
238.80500000000017
238.960000000000171
239.067000000000171
239.176000000000171
239.520000000000171
239.640000000000171
239.776000000000171
239.911000000000171
240.041000000000172
240.177000000000172
240.306000000000172
240.451000000000172
240.586000000000172
240.727000000000172
240.864000000000172
241.011000000000172
241.161000000000173
241.319000000000173
241.458000000000173
241.648000000000173
241.802000000000173
241.963000000000173
242.071000000000173
242.186000000000173
242.339000000000174
242.484000000000174
242.626000000000174
242.766000000000174
242.908000000000174
243.087000000000174
243.693000000000175
243.816000000000175
243.979000000000175
244.120000000000175
244.275000000000175
244.577000000000176
244.717000000000176
244.834000000000176
244.971000000000176
245.712000000000177
245.858000000000177
246.003000000000177
246.154000000000177
246.194000000000177
246.324000000000177
246.407000000000177
246.512000000000177
246.681000000000177
246.836000000000178
246.970000000000178
247.093000000000178
247.285000000000178
247.407000000000178
247.612000000000178
247.792000000000178
247.920000000000179
248.090000000000179
248.217000000000179
248.336000000000179
248.490000000000179
248.644000000000179
248.692000000000179
248.844000000000179
248.959000000000179
249.17900000000018
249.29200000000018
249.45200000000018
249.61600000000018
249.78700000000018
249.88200000000018
250.09100000000018
250.258000000000181
250.368000000000181
250.724000000000181
250.921000000000181
251.087000000000181
251.211000000000181
251.367000000000182
251.521000000000182
251.657000000000182
251.808000000000182
251.969000000000182
252.276000000000182
252.384000000000183
252.450000000000183
252.575000000000183
252.616000000000183
252.838000000000183
252.985000000000183
253.096000000000183
253.230000000000183
253.344000000000183
253.472000000000183
253.758000000000184
254.135000000000184
254.267000000000184
254.561000000000184
254.695000000000185
254.824000000000185
254.906000000000185
254.984000000000185
255.037000000000185
255.187000000000185
255.657000000000185
255.679000000000185
255.807000000000186
255.954000000000186
256.241000000000186
256.329000000000186
256.459000000000186
256.606000000000186
256.734000000000186
256.877000000000186
257.027000000000187
257.181000000000187
257.335000000000187
257.787000000000187
257.898000000000187
258.045000000000188
258.183000000000188
258.358000000000188
258.538000000000188
258.677000000000188
258.849000000000188
258.986000000000188
259.103000000000188
259.239000000000189
259.396000000000189
259.486000000000189
259.737000000000189
259.904000000000189
259.924000000000189
259.971000000000189
260.29300000000019
260.58400000000019
260.61900000000019
260.70200000000019
260.89500000000019
261.04400000000019
261.10300000000019
261.28500000000019
261.36700000000019
261.527000000000191
261.644000000000191
261.810000000000191
265.766000000000194
265.903000000000194
266.065000000000195
266.191000000000195
266.398000000000195
266.499000000000195
266.686000000000195
266.830000000000195
266.943000000000195
267.097000000000196
267.230000000000196
267.362000000000196
267.513000000000196
267.679000000000196
267.815000000000196
267.849000000000196
267.980000000000196
268.132000000000196
268.266000000000197
268.447000000000197
268.570000000000197
268.727000000000197
268.870000000000197
269.015000000000197
269.123000000000197
269.258000000000197
269.416000000000198
269.563000000000198
269.724000000000198
269.846000000000198
269.990000000000198
270.135000000000198
270.276000000000198
270.414000000000199
270.540000000000199
270.687000000000199
270.836000000000199
270.999000000000199
271.129000000000199
271.264000000000199
271.426000000000199
271.5970000000002
271.7310000000002
271.8870000000002
271.9880000000002
272.1460000000002
272.2810000000002
272.828000000000201
272.973000000000201
273.127000000000201
273.195000000000201
273.294000000000201
273.443000000000201
273.589000000000201
273.750000000000201
273.900000000000202
274.042000000000202
274.189000000000202
274.361000000000202
274.530000000000202
274.641000000000202
274.715000000000202
274.808000000000202
274.942000000000203
275.090000000000203
275.240000000000203
275.388000000000203
275.972000000000203
276.149000000000204
276.307000000000204
276.461000000000204
276.612000000000204
276.740000000000204
276.884000000000204
277.034000000000204
277.181000000000205
277.329000000000205
277.361000000000205
277.520000000000205
277.642000000000205
277.702000000000205
277.836000000000205
277.956000000000205
278.132000000000205
278.297000000000206
278.453000000000206
278.610000000000206
278.731000000000206
278.865000000000206
279.275000000000206
279.443000000000207
279.944000000000207
280.199000000000207
280.299000000000207
280.327000000000207
280.496000000000207
280.618000000000208
280.775000000000208
280.852000000000208
280.961000000000208
281.067000000000208
281.224000000000208
281.357000000000208
281.488000000000208
281.651000000000208
281.798000000000209
281.945000000000209
282.097000000000209
282.245000000000209
282.396000000000209
282.551000000000209
282.708000000000209
282.84600000000021
283.02200000000021
283.19800000000021
283.34100000000021
283.49600000000021
283.63100000000021
283.75900000000021
283.86700000000021
284.003000000000211
284.132000000000211
284.281000000000211
284.439000000000211
284.614000000000211
284.648000000000211
284.769000000000211
284.982000000000211
285.087000000000212
285.223000000000212
285.386000000000212
285.454000000000212
285.606000000000212
285.714000000000212
285.924000000000212
286.054000000000212
286.200000000000213
286.255000000000213
286.388000000000213
286.527000000000213
286.654000000000213
286.818000000000213
286.940000000000213
287.091000000000213
287.243000000000213
287.256000000000213
287.389000000000214
287.517000000000214
288.279000000000214
288.431000000000214
288.578000000000215
288.722000000000215
288.871000000000215
289.021000000000215
289.171000000000215
289.329000000000215
289.518000000000215
289.554000000000216
289.679000000000216
289.801000000000216
299.298000000000224
299.431000000000224
299.572000000000224
299.705000000000225
299.841000000000225
304.029000000000228
304.164000000000228
304.293000000000229
304.429000000000229
304.569000000000229
304.706000000000229
304.847000000000229
304.988000000000229
305.131000000000229
305.273000000000229
305.41300000000023
305.56500000000023
305.69200000000023
346.077000000000266
346.199000000000266
346.323000000000266
346.448000000000266
346.580000000000266
346.703000000000266
346.832000000000266
346.962000000000266
347.102000000000267
347.218000000000267
347.348000000000267
347.480000000000267
347.605000000000267
347.732000000000267
347.858000000000267
347.988000000000267
348.114000000000268
348.249000000000268
348.381000000000268
348.505000000000268
348.634000000000268
348.763000000000268
348.895000000000268
349.029000000000268
349.169000000000268
349.300000000000269
349.428000000000269
349.560000000000269
349.692000000000269
349.828000000000269
349.965000000000269
350.100000000000269
350.233000000000269
350.38000000000027
350.51800000000027
350.65000000000027
350.79200000000027
350.92500000000027
350.94700000000027
351.06400000000027
351.08500000000027
351.20000000000027
351.32800000000027
351.44600000000027
352.141000000000271
352.268000000000271
353.641000000000272
355.891000000000274
356.042000000000275
356.189000000000275
357.208000000000276
358.122000000000276
358.552000000000277
358.677000000000277
358.812000000000277
358.947000000000277
359.083000000000277
359.231000000000277
359.386000000000278
359.527000000000278
359.654000000000278
359.772000000000278
360.259000000000278
360.392000000000278
360.514000000000279
360.650000000000279
360.770000000000279
360.895000000000279
361.022000000000279
361.146000000000279
361.269000000000279
361.410000000000279
361.538000000000279
361.65700000000028
361.80200000000028
361.93200000000028
362.05200000000028
362.18400000000028
362.31700000000028
362.44400000000028
362.58000000000028
362.71200000000028
362.844000000000281
362.978000000000281
363.109000000000281
363.240000000000281
363.384000000000281
363.517000000000281
363.641000000000281
363.773000000000281
363.910000000000282
364.052000000000282
364.189000000000282
364.330000000000282
364.452000000000282
364.590000000000282
364.721000000000282
364.865000000000282
364.997000000000283
365.123000000000283
365.265000000000283
365.406000000000283
365.539000000000283
365.674000000000283
365.822000000000283
365.979000000000283
366.111000000000284
366.259000000000284
366.386000000000284
366.531000000000284
366.672000000000284
366.802000000000284
366.935000000000284
367.083000000000284
367.221000000000284
367.358000000000285
367.505000000000285
367.664000000000285
367.804000000000285
367.933000000000285
368.073000000000285
368.203000000000285
368.323000000000285
368.760000000000286
368.902000000000286
369.039000000000286
369.179000000000286
369.322000000000286
369.460000000000286
369.614000000000287
369.774000000000287
369.946000000000287
370.087000000000287
370.219000000000287
370.346000000000287
370.476000000000287
370.890000000000288
371.033000000000288
371.180000000000288
371.334000000000288
371.474000000000288
371.613000000000288
371.755000000000289
371.890000000000289
372.025000000000289
457.644000000000365
457.774000000000365
457.908000000000365
458.050000000000365
458.189000000000365
458.322000000000365
458.448000000000366
458.574000000000366
458.705000000000366
458.830000000000366
458.969000000000366
459.104000000000366
459.237000000000366
459.377000000000366
459.501000000000366
459.635000000000367
459.788000000000367
459.899000000000367
460.034000000000367
460.153000000000367
460.285000000000367
460.419000000000367
460.537000000000367
460.673000000000367
460.809000000000368
460.944000000000368
460.955000000000368
461.086000000000368
461.220000000000368
461.352000000000368
461.462000000000368
461.601000000000368
461.727000000000368
461.858000000000369
462.003000000000369
462.150000000000369
462.289000000000369
462.426000000000369
462.530000000000369
462.654000000000369
462.783000000000369
462.92800000000037
463.07700000000037
463.21800000000037
463.36600000000037
463.49800000000037
463.52300000000037
463.63700000000037
463.77400000000037
463.92800000000037
464.07900000000037
464.225000000000371
464.346000000000371
464.470000000000371
464.596000000000371
464.731000000000371
464.883000000000371
465.038000000000371
465.049000000000371
465.196000000000372
465.325000000000372
465.340000000000372
465.470000000000372
465.601000000000372
465.727000000000372
465.861000000000372
465.999000000000372
466.136000000000372
466.277000000000372
466.438000000000373
466.590000000000373
466.747000000000373
466.887000000000373
467.030000000000373
467.157000000000373
467.273000000000373
467.400000000000373
467.951000000000374
468.102000000000374
468.243000000000374
468.382000000000374
468.538000000000374
468.693000000000375
468.850000000000375
469.010000000000375
469.157000000000375
469.297000000000375
469.451000000000375
469.584000000000375
469.717000000000376
469.842000000000376
469.977000000000376
470.134000000000376
470.284000000000376
470.401000000000376
470.539000000000376
470.672000000000376
471.210000000000377
471.358000000000377
471.510000000000377
471.653000000000377
471.791000000000377
471.927000000000377
472.071000000000378
472.093000000000378
472.221000000000378
472.384000000000378
472.546000000000378
472.703000000000378
472.854000000000378
472.994000000000378
473.125000000000379
473.255000000000379
473.403000000000379
473.553000000000379
473.716000000000379
473.845000000000379
474.004000000000379
474.145000000000379
474.29700000000038
474.33200000000038
474.45900000000038
474.59700000000038
474.73400000000038
474.86900000000038
475.02100000000038
475.19600000000038
475.359000000000381
475.516000000000381
475.673000000000381
475.830000000000381
475.962000000000381
476.085000000000381
476.386000000000381
476.523000000000382
476.655000000000382
476.792000000000382
476.925000000000382
477.062000000000382
477.180000000000382
477.584000000000383
477.726000000000383
477.864000000000383
478.021000000000383
478.172000000000383
478.311000000000383
478.455000000000383
478.590000000000383
478.734000000000384
478.874000000000384
479.017000000000384
479.153000000000384
479.288000000000384
479.417000000000384
479.553000000000384
479.684000000000384
479.818000000000385
479.940000000000385
480.065000000000385
480.222000000000385
480.364000000000385
480.489000000000385
480.632000000000385
480.776000000000385
480.914000000000386
481.046000000000386
481.177000000000386
481.312000000000386
481.457000000000386
481.596000000000386
481.733000000000386
481.892000000000386
482.023000000000386
482.155000000000387
482.297000000000387
482.436000000000387
482.579000000000387
482.725000000000387
482.867000000000387
482.999000000000387
483.137000000000387
483.277000000000388
483.412000000000388
483.549000000000388
483.687000000000388
483.826000000000388
483.952000000000388
484.363000000000389
484.506000000000389
484.646000000000389
484.788000000000389
484.934000000000389
485.069000000000389
485.206000000000389
485.347000000000389
485.48600000000039
485.62800000000039
485.77900000000039
485.95600000000039
486.10300000000039
486.23800000000039
486.37600000000039
486.53800000000039
486.690000000000391
486.849000000000391
487.001000000000391
487.146000000000391
487.285000000000391
487.430000000000391
487.561000000000391
487.706000000000392
487.832000000000392
487.944000000000392
488.083000000000392
488.225000000000392
488.368000000000392
488.520000000000392
488.660000000000392
488.798000000000392
488.935000000000393
489.076000000000393
489.222000000000393
489.362000000000393
489.504000000000393
489.656000000000393
489.793000000000393
489.925000000000393
490.068000000000394
490.214000000000394
490.356000000000394
490.503000000000394
490.647000000000394
490.661000000000394
490.801000000000394
490.946000000000394
491.085000000000394
491.229000000000395
491.365000000000395
491.501000000000395
491.635000000000395
491.785000000000395
491.943000000000395
492.090000000000395
492.240000000000396
492.384000000000396
492.535000000000396
492.695000000000396
492.831000000000396
492.975000000000396
493.126000000000396
493.264000000000396
493.407000000000397
493.551000000000397
493.692000000000397
493.832000000000397
494.002000000000397
494.156000000000397
494.295000000000397
494.443000000000398
494.602000000000398
494.748000000000398
494.892000000000398
495.041000000000398
495.192000000000398
495.333000000000398
495.464000000000398
495.585000000000398
495.712000000000399
495.852000000000399
496.017000000000399
496.163000000000399
496.295000000000399
496.424000000000399
496.559000000000399
496.6930000000004
496.8310000000004
496.9720000000004
497.1140000000004
497.2710000000004
497.4250000000004
497.5560000000004
497.6940000000004
497.8260000000004
497.965000000000401
498.119000000000401
498.263000000000401
498.393000000000401
498.527000000000401
498.676000000000401
498.829000000000401
498.960000000000402
499.109000000000402
499.248000000000402
499.407000000000402
499.572000000000402
499.709000000000402
499.872000000000402
499.995000000000402
500.126000000000403
500.263000000000403
500.410000000000403
500.550000000000403
500.714000000000403
500.862000000000403
501.014000000000403
501.165000000000403
501.337000000000404
501.349000000000404
501.491000000000404
501.673000000000404
501.680000000000404
501.837000000000404
502.003000000000404
502.152000000000404
502.299000000000404
502.434000000000405
502.574000000000405
502.704000000000405
502.818000000000405
503.127000000000405
503.269000000000405
503.415000000000405
503.426000000000405
503.560000000000406
503.701000000000406
503.845000000000406
504.004000000000406
504.150000000000406
504.303000000000406
504.472000000000406
504.641000000000407
504.808000000000407
504.971000000000407
505.115000000000407
505.257000000000407
505.396000000000407
505.512000000000407
505.631000000000407
506.200000000000408
506.345000000000408
506.489000000000408
506.651000000000408
506.793000000000408
506.929000000000409
507.081000000000409
507.242000000000409
507.377000000000409
507.499000000000409
507.922000000000409
508.06300000000041
508.23100000000041
508.40400000000041
508.57600000000041
508.72000000000041
508.87000000000041
509.00200000000041
509.137000000000411
509.269000000000411
509.404000000000411
509.541000000000411
509.697000000000411
509.828000000000411
509.969000000000411
510.109000000000411
510.250000000000412
510.371000000000412
510.512000000000412
521.286000000000421
521.413000000000421
521.541000000000422
521.688000000000422
521.826000000000422
521.964000000000422
522.095000000000422
522.229000000000422
522.369000000000422
522.503000000000422
522.635000000000422
522.753000000000423
523.196000000000423
523.336000000000423
523.483000000000423
523.633000000000423
523.773000000000424
523.909000000000424
524.039000000000424
524.176000000000424
524.318000000000424
524.454000000000424
524.590000000000424
524.724000000000424
524.854000000000424
524.990000000000425
525.129000000000425
525.261000000000425
525.394000000000425
525.528000000000425
525.658000000000425
525.803000000000425
526.186000000000426
526.340000000000426
526.508000000000426
526.525000000000426
526.693000000000426
526.817000000000426
526.974000000000426
527.086000000000426
527.101000000000426
527.221000000000427
527.347000000000427
527.479000000000427
527.630000000000427
527.797000000000427
527.949000000000427
528.075000000000427
528.218000000000427
528.358000000000428
528.493000000000428
528.632000000000428
528.783000000000428
528.931000000000428
529.075000000000428
529.213000000000428
529.367000000000428
529.504000000000429
529.659000000000429
529.799000000000429
529.928000000000429
530.054000000000429
530.61700000000043
530.76800000000043
530.91700000000043
531.05100000000043
531.19400000000043
531.34500000000043
531.37200000000043
531.50100000000043
531.52300000000043
531.654000000000431
531.795000000000431
531.808000000000431
531.928000000000431
532.058000000000431
533.862000000000432
533.993000000000433
534.134000000000433
534.290000000000433
534.331000000000433
534.462000000000433
534.627000000000433
534.677000000000433
534.802000000000433
534.821000000000433
534.933000000000433
535.070000000000434
535.223000000000434
535.259000000000434
535.386000000000434
535.525000000000434
535.662000000000434
535.800000000000434
535.944000000000434
536.075000000000434
536.207000000000435
536.339000000000435
536.997000000000435
537.137000000000435
537.289000000000436
537.439000000000436
537.565000000000436
540.024000000000438
540.164000000000438
540.305000000000438
540.442000000000438
540.579000000000438
540.720000000000439
540.860000000000439
540.990000000000439
548.489000000000445
548.614000000000446
548.744000000000446
548.870000000000446
549.004000000000446
549.147000000000446
549.287000000000446
549.595000000000446
549.727000000000447
549.881000000000447
550.019000000000447
550.155000000000447
550.301000000000447
550.435000000000447
550.570000000000447
550.713000000000447
550.841000000000448
551.923000000000449
552.068000000000449
552.209000000000449
552.353000000000449
552.486000000000449
639.304000000000526
639.414000000000526
639.543000000000526
639.668000000000526
639.795000000000527
639.918000000000527
640.038000000000527
640.162000000000527
640.283000000000527
641.021000000000528
641.158000000000528
641.291000000000528
641.427000000000528
641.560000000000528
641.691000000000528
641.810000000000528
641.926000000000528
1605.82300000000138
1605.96800000000138
1606.11300000000138
1607.34400000000139
1607.46800000000139
1607.59100000000139
2570.34099999994425
2570.47399999994424
2570.86799999994419
2571.00399999994418
2571.25499999994415
2571.38399999994413
2571.51499999994412
2571.63999999994411
2571.76299999994409
2571.88799999994408
2572.01899999994406
2572.14399999994405
2572.28199999994404
2572.39199999994402
2572.53899999994401
2572.67299999994399
2572.80099999994398
2572.92499999994396
2573.04599999994395
2573.17899999994394
2573.29399999994392
2574.21399999994382
2574.35599999994381
2574.48799999994379
2574.61199999994378
2574.87599999994375
2575.01899999994373
2575.16899999994372
2575.2929999999437
2576.69699999994355
2576.84299999994353
2577.79799999994343
2577.95399999994341
2578.0959999999434
2578.21399999994338
2578.47399999994335
2578.63899999994334
2578.77799999994332
2578.91399999994331
2579.05799999994329
2579.18799999994328
2581.25899999994305
2581.40999999994303
2581.53299999994302
2581.649999999943
2581.80199999994299
2581.94999999994297
2582.08999999994296
2582.22099999994294
2582.34699999994293
2584.91499999994264
2585.05299999994263
2585.20399999994261
2585.37599999994259
2585.51799999994258
2585.65299999994256
2585.80199999994255
2585.94799999994253
2586.07199999994252
2586.1869999999425
2588.49199999994225
2588.63799999994223
2588.80499999994222
2588.9379999999422
2589.08099999994219
2589.21699999994217
2589.34799999994216
2589.51499999994214
2589.65699999994212
2589.78199999994211
2600.81499999994089
2600.94499999994088
2601.08399999994086
2601.21899999994085
2601.34999999994083
2601.48599999994082
2603.14799999994064
2603.30999999994062
2603.4619999999406
2603.63099999994058
2603.78399999994057
2603.94399999994055
2604.09599999994053
2604.50899999994049
2604.67599999994047
2604.83299999994045
2605.00499999994043
2605.14699999994042
2605.3019999999404
2605.45099999994038
2606.91399999994022
2607.06299999994021
2607.19299999994019
2607.33099999994018
2607.46699999994016
2607.59899999994015
2607.73499999994013
2607.86499999994012
2607.9939999999401
2608.15599999994008
2608.31899999994007
2608.47199999994005
2608.60699999994004
2610.61699999993981
2610.7749999999398
2610.93199999993978
2611.07699999993976
2611.21199999993975
2611.34599999993973
2611.47599999993972
2611.6079999999397
2613.13699999993954
2613.29299999993952
2613.4349999999395
2613.57899999993949
2613.70899999993947
2613.84799999993946
2613.97999999993944
2615.34399999993929
2615.50599999993928
2615.64299999993926
2615.78199999993925
2615.92299999993923
2617.54899999993905
2617.70499999993903
2617.84999999993902
2617.989999999939
2618.15099999993898
2618.29499999993897
2618.45699999993895
2618.59399999993894
2618.72399999993892
2620.21899999993876
2620.37499999993874
2620.52299999993872
2620.64699999993871
2620.77899999993869
2620.93699999993868
2621.07099999993866
2622.40399999993852
2622.5549999999385
2622.70099999993848
2622.86299999993847
2623.02199999993845
2623.15999999993843
2623.28899999993842
2624.91999999993824
2625.07499999993822
2625.20499999993821
2625.36099999993819
2625.50399999993817
2627.50199999993795
2627.66499999993794
2627.82499999993792
2627.9839999999379
0
0
0
0
0
0
0
0
0
0
0
0
0
3600.00099999983085
0
0
0
0
0
0
