10
14
18
10
14
18
IPP2.11
test3
0
3
7
49
02
8
49
59
22
4
.3
1
2130
2130
1
304
304
1
1
1
1
1
1
1
1
1
1
1
1
1
1
1
1
1
1
1
1
2129
-1
33.7679999999999883
33.8979999999999885
34.0179999999999886
34.1379999999999887
34.2629999999999888
34.4079999999999889
34.555999999999989
34.6779999999999892
34.8159999999999893
34.9679999999999894
35.0969999999999895
35.2529999999999897
35.65499999999999
80.70700000000003
80.8270000000000301
80.9440000000000302
81.0090000000000303
81.2210000000000305
81.3400000000000306
81.4640000000000307
81.6100000000000308
81.753000000000031
81.8690000000000311
82.0170000000000312
82.1660000000000313
82.2990000000000314
82.4550000000000316
82.6010000000000317
82.7600000000000319
82.896000000000032
82.980000000000032
83.0610000000000321
83.1520000000000322
83.1860000000000322
83.2890000000000323
83.4880000000000325
83.6550000000000326
83.8060000000000328
83.9500000000000329
84.102000000000033
84.1700000000000331
84.2560000000000332
84.3240000000000332
84.3790000000000333
84.4140000000000333
84.5800000000000335
84.7130000000000336
84.7930000000000337
84.8660000000000337
133.353000000000077
133.475000000000077
133.609000000000077
174.950000000000114
175.597000000000114
175.747000000000114
176.010000000000115
176.154000000000115
176.295000000000115
176.446000000000115
176.586000000000115
176.987000000000116
177.226000000000116
177.465000000000116
178.412000000000117
211.960000000000147
212.247000000000147
253.820000000000184
254.565000000000184
254.835000000000185
260.100000000000189
260.54100000000019
261.07600000000019
261.554000000000191
261.684000000000191
261.776000000000191
261.802000000000191
262.871000000000192
262.994000000000192
263.038000000000192
263.250000000000192
263.282000000000192
264.653000000000193
264.779000000000194
266.664000000000195
267.485000000000196
267.892000000000196
268.000000000000196
268.104000000000196
268.162000000000197
268.248000000000197
268.310000000000197
268.473000000000197
268.744000000000197
268.864000000000197
268.920000000000197
269.001000000000197
269.077000000000197
269.426000000000198
269.726000000000198
269.911000000000198
270.847000000000199
270.999000000000199
271.7650000000002
272.0630000000002
272.1970000000002
272.5010000000002
272.901000000000201
273.134000000000201
273.207000000000201
273.776000000000202
275.026000000000203
275.956000000000203
276.425000000000204
276.542000000000204
276.627000000000204
277.153000000000204
277.475000000000205
278.178000000000205
278.839000000000206
279.251000000000206
279.401000000000206
281.771000000000209
281.947000000000209
282.129000000000209
282.315000000000209
282.495000000000209
283.63000000000021
283.80800000000021
284.435000000000211
284.597000000000211
285.051000000000212
285.193000000000212
291.588000000000217
291.809000000000218
291.953000000000218
292.009000000000218
300.763000000000225
301.310000000000226
301.450000000000226
301.606000000000226
301.786000000000226
301.946000000000227
302.105000000000227
302.258000000000227
302.412000000000227
302.919000000000227
303.022000000000227
303.162000000000228
303.317000000000228
303.381000000000228
407.44700000000032
408.066000000000321
678.813000000000561
678.995000000000561
679.215000000000562
679.318000000000562
679.433000000000562
679.549000000000562
679.676000000000562
679.810000000000562
679.928000000000562
680.077000000000562
680.195000000000562
680.340000000000563
680.454000000000563
680.627000000000563
680.730000000000563
680.870000000000563
681.009000000000563
681.142000000000563
681.298000000000563
681.428000000000564
681.578000000000564
681.707000000000564
681.860000000000564
682.009000000000564
682.163000000000564
682.284000000000564
682.437000000000564
682.565000000000565
682.725000000000565
682.808000000000565
682.875000000000565
682.955000000000565
683.027000000000565
683.180000000000565
683.356000000000565
683.434000000000565
683.499000000000565
683.651000000000566
683.801000000000566
683.952000000000566
684.041000000000566
684.104000000000566
684.197000000000566
684.261000000000566
684.500000000000566
684.591000000000566
684.652000000000566
684.704000000000566
684.934000000000567
685.073000000000567
686.767000000000568
686.889000000000568
687.440000000000569
688.53800000000057
688.61600000000057
689.651000000000571
689.926000000000571
690.760000000000572
694.013000000000575
694.128000000000575
696.192000000000577
698.731000000000579
707.241000000000586
707.303000000000587
707.352000000000587
710.89700000000059
714.255000000000593
714.434000000000593
723.584000000000601
744.84500000000062
744.96500000000062
745.10100000000062
745.24300000000062
745.39200000000062
745.52400000000062
745.54800000000062
745.782000000000621
745.919000000000621
746.083000000000621
746.242000000000621
746.308000000000621
746.388000000000621
746.458000000000621
746.553000000000621
746.633000000000621
746.771000000000622
746.865000000000622
747.010000000000622
747.174000000000622
747.250000000000622
747.390000000000622
747.498000000000622
747.560000000000622
747.656000000000622
747.726000000000622
747.818000000000622
747.884000000000623
747.975000000000623
748.046000000000623
748.144000000000623
748.205000000000623
748.304000000000623
748.655000000000623
748.734000000000623
748.792000000000623
748.879000000000623
748.955000000000624
749.048000000000624
749.106000000000624
749.202000000000624
749.264000000000624
749.364000000000624
749.529000000000624
749.696000000000624
749.753000000000624
749.847000000000624
750.007000000000624
750.335000000000625
750.489000000000625
750.639000000000625
751.025000000000625
752.068000000000626
752.700000000000627
752.792000000000627
752.936000000000627
753.081000000000627
753.141000000000627
754.610000000000628
754.674000000000629
754.892000000000629
755.037000000000629
755.246000000000629
755.335000000000629
755.87000000000063
756.00300000000063
756.27500000000063
756.29600000000063
756.45600000000063
756.58700000000063
758.627000000000632
758.840000000000632
759.920000000000633
759.980000000000633
760.127000000000633
760.583000000000634
761.148000000000634
761.969000000000635
762.499000000000636
762.647000000000636
762.806000000000636
762.958000000000636
763.027000000000636
763.125000000000636
763.278000000000636
763.582000000000636
764.208000000000637
768.540000000000641
768.614000000000641
768.883000000000641
769.635000000000642
769.787000000000642
800.428000000000669
800.610000000000669
800.86800000000067
801.12600000000067
801.19400000000067
801.20400000000067
840.618000000000705
840.730000000000705
840.797000000000705
841.315000000000706
841.372000000000706
841.510000000000706
841.646000000000706
841.792000000000706
841.929000000000706
842.034000000000706
842.177000000000706
842.316000000000706
842.469000000000707
842.586000000000707
842.739000000000707
842.873000000000707
843.039000000000707
843.191000000000707
843.317000000000707
843.460000000000707
843.612000000000708
843.746000000000708
843.892000000000708
844.026000000000708
844.167000000000708
844.307000000000708
844.465000000000708
844.642000000000709
844.770000000000709
844.914000000000709
845.057000000000709
845.149000000000709
845.218000000000709
845.349000000000709
845.507000000000709
845.654000000000709
845.80100000000071
845.94500000000071
846.07900000000071
846.23700000000071
846.37700000000071
846.54000000000071
846.68400000000071
846.83500000000071
846.964000000000711
847.116000000000711
847.259000000000711
847.413000000000711
847.495000000000711
847.555000000000711
847.702000000000711
847.776000000000711
847.842000000000711
847.993000000000712
848.115000000000712
848.145000000000712
848.272000000000712
848.364000000000712
848.402000000000712
848.433000000000712
848.505000000000712
848.568000000000712
848.716000000000712
848.862000000000712
849.008000000000712
849.170000000000712
849.290000000000713
849.432000000000713
849.522000000000713
849.558000000000713
849.669000000000713
849.708000000000713
849.733000000000713
850.023000000000713
850.177000000000713
850.320000000000714
850.475000000000714
850.609000000000714
850.691000000000714
850.761000000000714
850.899000000000714
850.985000000000714
851.131000000000714
851.196000000000714
851.349000000000714
851.440000000000715
851.799000000000715
851.937000000000715
852.160000000000715
852.240000000000715
852.368000000000715
852.493000000000716
852.570000000000716
852.712000000000716
852.880000000000716
853.080000000000716
853.166000000000716
853.319000000000716
853.381000000000716
853.519000000000716
853.617000000000716
853.693000000000717
853.849000000000717
853.969000000000717
854.109000000000717
854.257000000000717
854.353000000000717
854.423000000000717
854.508000000000717
854.993000000000718
855.065000000000718
855.147000000000718
855.307000000000718
855.461000000000718
855.533000000000718
855.603000000000718
855.672000000000718
855.781000000000718
855.803000000000718
855.956000000000719
856.043000000000719
856.108000000000719
856.199000000000719
856.265000000000719
856.352000000000719
856.419000000000719
856.503000000000719
856.596000000000719
856.728000000000719
856.817000000000719
856.964000000000719
857.00700000000072
857.11800000000072
857.27300000000072
857.41600000000072
857.57600000000072
857.72900000000072
857.89700000000072
858.06000000000072
858.292000000000721
858.428000000000721
858.569000000000721
858.720000000000721
858.850000000000721
858.937000000000721
859.002000000000721
859.089000000000721
859.147000000000721
859.232000000000722
859.308000000000722
859.399000000000722
859.570000000000722
859.623000000000722
859.699000000000722
859.774000000000722
859.865000000000722
859.941000000000722
860.237000000000722
860.366000000000722
860.452000000000722
861.132000000000723
861.214000000000723
861.273000000000723
861.359000000000723
861.511000000000724
861.731000000000724
861.823000000000724
862.127000000000724
862.192000000000724
862.296000000000724
862.371000000000724
862.474000000000724
862.637000000000724
862.943000000000725
863.254000000000725
863.408000000000725
863.556000000000725
863.709000000000725
863.861000000000726
864.009000000000726
864.158000000000726
864.218000000000726
864.314000000000726
865.197000000000727
865.330000000000727
865.416000000000727
865.474000000000727
865.565000000000727
865.718000000000727
865.778000000000727
865.881000000000727
865.935000000000727
866.029000000000728
866.182000000000728
866.245000000000728
866.336000000000728
866.486000000000728
866.637000000000728
866.716000000000728
866.770000000000728
866.833000000000728
866.933000000000728
866.990000000000728
867.087000000000728
867.254000000000729
871.339000000000732
871.430000000000732
871.560000000000732
871.855000000000733
872.001000000000733
875.355000000000736
875.384000000000736
875.510000000000736
875.581000000000736
875.686000000000736
875.737000000000736
876.371000000000737
876.448000000000737
876.504000000000737
876.597000000000737
876.646000000000737
876.811000000000737
876.949000000000737
877.057000000000737
877.090000000000737
877.116000000000737
877.227000000000737
877.260000000000737
877.289000000000738
877.387000000000738
888.562000000000748
1124.87700000000096
1124.98700000000096
1125.11000000000096
1125.24900000000096
1125.38500000000096
1125.51800000000096
1125.66200000000096
1125.80500000000096
1125.95200000000096
1126.08700000000096
1126.22800000000096
1126.38000000000096
1126.50100000000096
1126.65500000000096
1126.80300000000096
1126.92200000000096
1127.07500000000096
1127.22400000000096
1127.36600000000096
1127.49400000000096
1127.64300000000096
1127.77200000000096
1127.93000000000096
1128.08100000000096
1128.21100000000096
1128.37000000000096
1128.49800000000096
1128.64700000000096
1128.79200000000096
1128.94900000000096
1129.07600000000096
1129.20200000000096
1129.36300000000096
1129.51600000000096
1129.66600000000096
1129.81600000000096
1130.43500000000096
1130.57500000000096
1130.66200000000096
1130.72000000000096
1130.87400000000096
1131.01500000000096
1131.10300000000096
1131.16400000000096
1131.39000000000096
1131.52800000000096
1131.61800000000096
1131.67700000000096
1131.83200000000096
1131.91400000000096
1131.97500000000096
1132.11500000000096
1132.27300000000096
1132.45500000000096
1132.61200000000096
1132.73100000000096
1132.89700000000096
1132.97000000000096
1133.03500000000096
1133.12000000000096
1133.18500000000096
1133.31700000000096
1133.48400000000096
1133.63500000000097
1133.79800000000097
1133.94600000000097
1134.03900000000097
1134.09700000000097
1134.24100000000097
1134.39700000000097
1134.48100000000097
1134.54700000000097
1134.69400000000097
1134.85800000000097
1134.95900000000097
1134.98900000000097
1135.02300000000097
1135.11900000000097
1135.18600000000097
1135.27100000000097
1135.33500000000097
1135.41100000000097
1135.48100000000097
1135.56200000000097
1135.63800000000097
1135.77700000000097
1135.96000000000097
1136.10200000000097
1136.25600000000097
1136.38400000000097
1136.41100000000097
1136.65100000000097
1136.68400000000097
1137.26100000000097
1137.61200000000097
1137.77400000000097
1137.91800000000097
1138.15900000000097
1139.37500000000097
1139.41100000000097
1139.43700000000097
1139.53000000000097
1139.55300000000097
1140.11400000000097
1140.34300000000097
1140.49600000000097
1140.95400000000097
1141.73700000000097
1142.03300000000097
1142.74100000000097
1143.87600000000097
1144.03400000000097
1144.12400000000097
1153.25100000000098
1153.32400000000098
1153.98100000000098
1154.09100000000098
1154.11300000000098
1154.23900000000098
1154.39900000000098
1154.41300000000098
1154.50700000000098
1154.65100000000098
1154.71000000000098
1154.80300000000098
1154.95100000000098
1154.99500000000098
1155.02600000000098
1155.11000000000098
1155.17500000000098
1155.31600000000098
1155.45900000000098
1155.60600000000098
1155.69800000000098
1155.86400000000098
1156.02000000000099
1156.23400000000099
1156.32100000000099
1156.55400000000099
1156.65300000000099
1156.71200000000099
1156.80400000000099
1156.97400000000099
1157.03100000000099
1157.17600000000099
1157.20100000000099
1157.29800000000099
1157.45800000000099
1157.64700000000099
1157.80300000000099
1157.95600000000099
1158.10800000000099
1158.28100000000099
1158.43200000000099
1158.58900000000099
1158.72700000000099
1158.88100000000099
1159.34100000000099
1159.49400000000099
1159.53900000000099
1159.56100000000099
1159.70600000000099
1159.78900000000099
1159.94900000000099
1160.02100000000099
1160.11000000000099
1160.17300000000099
1160.26500000000099
1160.43700000000099
1160.60000000000099
1160.75900000000099
1160.91800000000099
1161.22400000000099
1161.37000000000099
1161.52900000000099
1161.73700000000099
1161.96900000000099
1162.02900000000099
1162.12200000000099
1162.43600000000099
1162.58400000000099
1162.62300000000099
1162.64500000000099
1163.09600000000099
1163.23300000000099
1163.35800000000099
1163.39400000000099
1163.54500000000099
1165.57800000000099
1165.64200000000099
1165.70000000000099
1165.77600000000099
1165.84300000000099
1165.98300000000099
1166.12600000000099
1166.36300000000099
1166.42900000000099
1166.52000000000099
1166.55600000000099
1166.58000000000099
1166.72900000000099
1166.82800000000099
1166.85600000000099
1166.88200000000099
1166.97300000000099
1167.03500000000099
1167.12900000000099
1167.272000000001
1167.433000000001
1167.490000000001
1167.581000000001
1167.646000000001
1167.736000000001
1167.800000000001
1167.890000000001
1168.139000000001
1168.291000000001
1168.441000000001
1168.587000000001
1168.731000000001
1168.851000000001
1168.878000000001
1168.973000000001
1168.994000000001
1169.023000000001
1169.112000000001
1169.262000000001
1169.342000000001
1169.595000000001
1169.639000000001
1169.780000000001
1171.006000000001
1171.309000000001
1171.401000000001
1171.458000000001
1171.546000000001
1171.611000000001
1171.702000000001
1171.725000000001
1171.760000000001
1171.857000000001
1171.923000000001
1172.019000000001
1172.073000000001
1172.166000000001
1172.229000000001
1172.322000000001
1172.504000000001
1172.573000000001
1172.698000000001
1172.723000000001
1172.800000000001
1172.867000000001
1173.029000000001
1173.115000000001
1173.122000000001
1173.178000000001
1173.263000000001
1173.318000000001
1173.465000000001
1173.618000000001
1173.772000000001
1174.095000000001
1174.186000000001
1174.333000000001
1174.494000000001
1174.974000000001
1175.067000000001
1175.246000000001
1175.279000000001
1175.367000000001
1175.426000000001
1175.521000000001
1175.704000000001
1175.733000000001
1175.835000000001
1175.853000000001
1175.883000000001
1175.976000000001
1176.190000000001
1176.273000000001
1176.335000000001
1176.440000000001
1176.796000000001
1177.101000000001
1177.243000000001
1177.386000000001
1177.538000000001
1177.685000000001
1178.088000000001
1178.295000000001
1178.460000000001
1179.78700000000101
1179.80600000000101
1179.97200000000101
1195.24700000000102
1195.36400000000102
1195.43700000000102
1195.47600000000102
1195.63200000000102
1195.99200000000102
1196.02300000000102
1196.04800000000102
1196.13400000000102
1196.17300000000102
1196.19200000000102
1196.42300000000102
1196.46600000000102
1196.48500000000102
1196.99500000000102
1197.02600000000102
1197.06100000000102
1197.14100000000102
1197.21000000000102
1197.30000000000102
1197.35600000000102
1197.50500000000102
1197.58600000000102
1197.64900000000102
1197.73500000000102
1197.76700000000102
1197.79500000000102
1197.88800000000102
1197.94900000000102
1198.03700000000102
1198.09300000000102
1198.18300000000102
1198.25100000000102
1198.38300000000102
1198.46600000000102
1198.55100000000102
1198.66500000000102
1198.74500000000102
1198.78500000000102
1198.80900000000102
1198.91900000000102
1198.93800000000102
1199.08200000000102
1199.22100000000102
1199.35800000000102
1199.46600000000102
1199.49600000000102
1199.62800000000102
1199.72200000000102
1199.78600000000102
1199.86700000000102
1199.92500000000102
1200.00800000000102
1200.04200000000102
1200.07000000000102
1200.14800000000102
1200.21800000000102
1200.30400000000102
1200.36500000000102
1200.47900000000102
1200.50500000000102
1200.74300000000102
1200.83100000000102
1200.95700000000102
1201.10200000000103
1201.17400000000103
1201.23200000000103
1201.37800000000103
1201.52700000000103
1201.60700000000103
1201.67100000000103
1201.81500000000103
1201.90400000000103
1202.05400000000103
1202.13600000000103
1202.25800000000103
1202.35300000000103
1202.41900000000103
1202.49000000000103
1202.53700000000103
1202.55400000000103
1202.67400000000103
1202.70100000000103
1202.78500000000103
1202.84700000000103
1202.92200000000103
1202.98700000000103
1203.07100000000103
1203.13400000000103
1203.22200000000103
1203.28300000000103
1203.36500000000103
1203.42900000000103
1203.57900000000103
1203.66700000000103
1203.70300000000103
1203.73600000000103
1203.81200000000103
1203.90100000000103
1203.97400000000103
1204.04000000000103
1204.18200000000103
1204.26700000000103
1204.33500000000103
1204.42300000000103
1204.48900000000103
1204.57000000000103
1204.61700000000103
1204.63600000000103
1204.72000000000103
1204.78500000000103
1204.88000000000103
1204.94300000000103
1205.02800000000103
1205.09600000000103
1205.24500000000103
1205.33200000000103
1205.40000000000103
1205.57100000000103
1205.71400000000103
1205.78900000000103
1205.93900000000103
1206.15900000000103
1206.79100000000103
1206.99700000000103
1207.05800000000103
1207.14000000000103
1207.28200000000103
1207.33900000000103
1207.43100000000103
1207.49600000000103
1207.58100000000103
1207.64200000000103
1207.72500000000103
1207.87800000000103
1208.08400000000103
1208.16800000000103
1208.31500000000103
1208.37100000000103
1208.46100000000103
1208.52000000000103
1208.66300000000103
1208.74300000000103
1208.81600000000103
1208.95000000000103
1209.09900000000103
1209.18000000000103
1209.23700000000103
1209.37700000000103
1209.52300000000103
1209.66500000000103
1209.74800000000103
1209.80800000000103
1209.91400000000103
1209.98000000000103
1210.07600000000103
1210.15400000000103
1210.23000000000103
1210.29700000000103
1210.36400000000103
1210.43400000000103
1210.56600000000103
1210.65800000000103
1210.80800000000103
1210.87100000000103
1210.95900000000103
1211.01900000000103
1211.10100000000103
1211.12900000000103
1211.15900000000103
1211.23400000000103
1211.29300000000103
1211.38800000000103
1211.45000000000103
1211.53800000000103
1211.60100000000103
1211.68700000000103
1211.74500000000103
1211.83000000000103
1211.99100000000103
1212.14800000000103
1212.29200000000104
1212.44200000000104
1212.58300000000104
1212.64400000000104
1212.72700000000104
1212.79100000000104
1212.87600000000104
1212.94300000000104
1213.02400000000104
1213.09000000000104
1213.18500000000104
1213.24900000000104
1213.34100000000104
1213.41000000000104
1213.49900000000104
1213.56400000000104
1213.64600000000104
1213.74300000000104
1213.82000000000104
1213.89000000000104
1215.10100000000104
1215.22700000000104
1215.30900000000104
1215.44400000000104
1215.50900000000104
1215.59100000000104
1215.65200000000104
1215.73700000000104
1215.79900000000104
1215.89600000000104
1215.95800000000104
1216.05000000000104
1216.19700000000104
1216.35200000000104
1216.50600000000104
1216.97400000000104
1217.12300000000104
1217.42000000000104
1217.56800000000104
1217.72300000000104
1217.87500000000104
1217.96500000000104
1218.04600000000104
1218.10700000000104
1218.19300000000104
1218.55700000000104
1218.64400000000104
1218.70800000000104
1218.79800000000104
1218.83200000000104
1218.86300000000104
1218.95700000000104
1219.01900000000104
1219.11000000000104
1219.17300000000104
1219.26100000000104
1219.32700000000104
1219.46000000000104
1219.48700000000104
1219.57400000000104
1219.66700000000104
1219.88500000000104
1219.95000000000104
1220.18500000000104
1220.25400000000104
1220.33600000000104
1220.40200000000104
1220.48600000000104
1220.54800000000104
1220.63300000000104
1220.67700000000104
1220.70100000000104
1220.84400000000104
1220.93300000000104
1221.07700000000104
1221.22300000000104
1221.29300000000104
1221.38600000000104
1221.46600000000104
1221.75700000000104
1221.83900000000104
1221.89600000000104
1221.98000000000104
1222.12400000000104
1222.42600000000104
1222.49100000000104
1222.58000000000104
1222.72400000000104
1223.09800000000104
1223.17000000000104
1223.23600000000104
1223.31200000000104
1223.36300000000104
1223.38100000000104
1223.46500000000104
1223.53800000000104
1223.63300000000104
1223.77500000000105
1223.83800000000105
1224.06800000000105
1224.21800000000105
1224.36600000000105
1224.52800000000105
1224.59700000000105
1224.68200000000105
1224.74900000000105
1224.84500000000105
1225.01900000000105
1225.08700000000105
1225.18100000000105
1225.34000000000105
1226.25700000000105
1226.33800000000105
1226.48000000000105
1226.55200000000105
1226.63100000000105
1226.69300000000105
1226.78700000000105
1226.99700000000105
1227.08100000000105
1227.14400000000105
1227.23600000000105
1227.30700000000105
1227.44700000000105
1227.54100000000105
1227.60200000000105
1227.69200000000105
1227.75800000000105
1227.83700000000105
1227.90600000000105
1227.99100000000105
1228.06100000000105
1228.21300000000105
1228.29000000000105
1228.35600000000105
1228.43900000000105
1228.52300000000105
1228.65100000000105
1228.80500000000105
1228.95700000000105
1229.04200000000105
1229.11100000000105
1229.24400000000105
1229.33200000000105
1229.67300000000105
1229.75500000000105
1229.81700000000105
1229.89600000000105
1229.96600000000105
1230.05300000000105
1230.13200000000105
1230.21700000000105
1230.28000000000105
1230.36700000000105
1230.42800000000105
1230.56900000000105
1230.72500000000105
1230.81000000000105
1230.87600000000105
1230.96200000000105
1231.02800000000105
1231.10900000000105
1231.17400000000105
1231.25900000000105
1231.41000000000105
1231.55400000000105
1231.62000000000105
1231.71900000000105
1231.74000000000105
1231.78000000000105
1231.87000000000105
1232.38700000000105
1232.69200000000105
1232.77200000000105
1232.82000000000105
1232.90400000000105
1232.96500000000105
1233.05600000000105
1233.12200000000105
1233.26300000000105
1233.35500000000105
1233.41600000000105
1233.50300000000105
1233.56900000000105
1233.66600000000105
1233.71600000000105
1233.87400000000105
1234.01000000000105
1234.04100000000105
1234.20700000000105
1234.37200000000105
1234.52800000000105
1234.67700000000105
1234.83400000000106
1234.99100000000106
1235.10000000000106
1235.15500000000106
1235.25300000000106
1235.31200000000106
1235.41500000000106
1235.46800000000106
1235.62500000000106
1235.72400000000106
1235.78200000000106
1235.88900000000106
1235.91100000000106
1235.94100000000106
1236.03300000000106
1236.11100000000106
1236.20600000000106
1236.26100000000106
1236.42500000000106
1236.57500000000106
1236.67300000000106
1236.73200000000106
1236.81400000000106
1236.87200000000106
1236.96100000000106
1237.02400000000106
1237.12600000000106
1237.17200000000106
1237.25300000000106
1237.31900000000106
1237.40400000000106
1237.46900000000106
1237.55400000000106
1237.61800000000106
1237.71200000000106
1237.79300000000106
1237.93900000000106
1238.08400000000106
1238.23400000000106
1238.38700000000106
1238.52900000000106
1238.63100000000106
1238.68500000000106
1238.84500000000106
1239.00300000000106
1239.15000000000106
1239.23200000000106
1239.30200000000106
1239.39000000000106
1239.44800000000106
1239.53200000000106
1239.60400000000106
1239.70000000000106
1239.75300000000106
1239.84300000000106
1239.90400000000106
1240.11900000000106
1240.19400000000106
1269.41400000000109
1269.53900000000109
1269.67300000000109
1269.81800000000109
1269.96100000000109
1270.10300000000109
1270.25200000000109
1270.39700000000109
1270.53700000000109
1270.68400000000109
1270.82500000000109
1270.98700000000109
1271.10200000000109
1271.25500000000109
1271.39500000000109
1271.53400000000109
1272.65100000000109
1272.76300000000109
1272.92200000000109
1273.10900000000109
1291.94500000000111
1292.06500000000111
1292.13300000000111
1292.19500000000111
1292.32900000000111
1292.45600000000111
1292.59200000000111
1292.73600000000111
1292.87400000000111
1293.01800000000111
1293.15900000000111
1293.28900000000111
1293.43100000000111
1293.56000000000111
1293.71100000000111
1293.84700000000111
1293.98800000000111
1294.14100000000111
1294.29300000000111
1294.41200000000111
1294.56300000000111
1294.70400000000111
1294.84300000000111
1294.98400000000111
1295.12200000000111
1295.25400000000111
1295.41500000000111
1295.54800000000111
1295.70000000000111
1295.84100000000111
1296.01200000000111
1296.15500000000111
1296.29600000000111
1296.45700000000111
1296.60900000000111
1296.73200000000111
1296.88100000000111
1297.02100000000111
1297.16500000000111
1297.31900000000111
1297.60000000000111
1297.74500000000111
1297.89100000000111
1298.06000000000111
1298.19500000000111
1298.34500000000111
1298.51000000000111
1298.63200000000111
1298.77000000000111
1299.17000000000111
1299.31900000000111
1299.63000000000111
1312.84800000000112
1312.96100000000112
1313.07700000000112
1313.21300000000112
1313.34800000000112
1313.48400000000112
1313.61700000000112
1313.75700000000113
1313.89700000000113
1314.02500000000113
1314.17200000000113
1314.30200000000113
1314.43800000000113
1314.57100000000113
1314.72400000000113
1314.85800000000113
1314.95800000000113
1315.04100000000113
1315.15700000000113
1315.31500000000113
1315.43200000000113
1315.53600000000113
1315.59600000000113
1315.71800000000113
1315.87900000000113
1316.00100000000113
1316.15400000000113
1316.28700000000113
1316.41300000000113
1316.50400000000113
1316.58000000000113
1316.70600000000113
1316.86600000000113
1316.98500000000113
1317.07500000000113
1317.13700000000113
1317.20700000000113
1317.26700000000113
1317.40300000000113
1317.56800000000113
1317.71000000000113
1317.84900000000113
1317.94700000000113
1318.01300000000113
1318.08600000000113
1318.14900000000113
1318.24100000000113
1318.32300000000113
1318.38500000000113
1318.44900000000113
1318.52900000000113
1318.59600000000113
1318.73500000000113
1318.90200000000113
1319.04700000000113
1319.18500000000113
1319.32100000000113
1319.47400000000113
1319.62100000000113
1319.70700000000113
1319.77400000000113
1319.89800000000113
1320.04000000000113
1320.18800000000113
1320.32300000000113
1320.48500000000113
1330.04900000000114
1330.16600000000114
1330.29700000000114
1330.44200000000114
1330.58100000000114
1330.71600000000114
1330.86900000000114
1331.01900000000114
1333.68900000000114
1333.82200000000114
1333.95800000000114
1334.09400000000114
1334.23700000000114
1334.38000000000114
1334.52100000000114
1334.67400000000114
1334.81800000000114
1334.96600000000114
1335.10600000000114
1335.25300000000114
1335.39400000000114
1335.54700000000114
1335.69100000000114
1335.83400000000114
1335.98300000000114
1336.11800000000114
1336.27800000000115
1336.43600000000115
1336.58100000000115
1336.71700000000115
1336.86600000000115
1338.18000000000115
1338.30600000000115
1338.42800000000115
1338.57700000000115
1338.70900000000115
1338.85900000000115
1338.99800000000115
1339.14500000000115
1339.29000000000115
1339.44200000000115
1339.59000000000115
1339.74000000000115
1339.89400000000115
1340.03700000000115
1340.18100000000115
1340.35900000000115
1340.51500000000115
1340.65000000000115
1340.80100000000115
1340.94800000000115
1341.09300000000115
1341.24300000000115
1341.39100000000115
1341.53800000000115
1341.67800000000115
1341.81700000000115
1341.97500000000115
1342.12200000000115
1424.02900000000122
1424.14000000000122
1424.26000000000122
1424.38700000000122
1424.52600000000122
1424.64800000000122
1424.78700000000122
1424.92000000000122
1425.05500000000122
1425.18900000000122
1425.32500000000122
1425.45400000000122
1425.58400000000122
1425.73800000000122
1425.86600000000122
1425.98500000000122
1426.13300000000122
1426.25600000000123
1426.41300000000123
1426.53300000000123
1426.66900000000123
1426.81200000000123
1426.93500000000123
1427.08600000000123
1427.20900000000123
1427.34800000000123
1427.50000000000123
1427.62100000000123
1427.76000000000123
1427.89100000000123
1428.02800000000123
1428.17500000000123
1428.31000000000123
1428.44500000000123
1428.57900000000123
1428.73300000000123
1428.85600000000123
1428.99700000000123
1429.15200000000123
1429.29800000000123
1429.42900000000123
1429.58700000000123
1429.71300000000123
1429.86800000000123
1430.00000000000123
1430.14500000000123
1430.29100000000123
1430.41700000000123
1430.56600000000123
1430.70200000000123
1430.86000000000123
1430.98000000000123
1431.11800000000123
1431.26600000000123
1431.40100000000123
1431.55800000000123
1431.68000000000123
1431.83200000000123
1431.97600000000123
1432.11100000000123
1432.24900000000123
1432.39700000000123
1432.55300000000123
1432.69200000000123
1432.83100000000123
1432.97100000000123
1433.12200000000123
1433.25100000000123
1433.38600000000123
1433.53600000000123
1433.67900000000123
1433.81900000000123
1433.96800000000123
1434.10700000000123
1434.28900000000123
1434.42300000000123
1434.56500000000123
1434.70600000000123
1434.85200000000123
1434.98300000000123
1435.13900000000123
1435.27300000000123
1435.43100000000123
1435.57200000000123
1435.70700000000123
1435.84400000000123
1435.98700000000123
1436.16500000000123
1446.23200000000124
1446.35000000000124
1446.48300000000124
1446.62100000000124
1446.75200000000124
1446.89200000000124
1447.03900000000124
1447.18500000000124
1447.32100000000124
1447.47200000000124
1447.61900000000124
1447.76100000000124
1447.91400000000124
1448.05400000000124
1448.21000000000124
1448.35000000000124
1448.51700000000124
1448.58300000000124
1448.65400000000124
1448.80700000000125
1448.94200000000125
1449.10600000000125
1449.24700000000125
1449.40500000000125
1449.54100000000125
1449.68500000000125
1449.82400000000125
1449.96800000000125
1450.11000000000125
1450.26300000000125
1450.42400000000125
1450.57000000000125
1450.71800000000125
1450.85500000000125
1451.00800000000125
1451.15700000000125
1451.29200000000125
1451.44200000000125
1451.60100000000125
1451.74900000000125
1451.89100000000125
1452.04700000000125
1452.19600000000125
1452.35200000000125
1452.49900000000125
1452.65900000000125
1452.78500000000125
1452.93700000000125
1453.09000000000125
1453.24300000000125
1453.38300000000125
1453.52000000000125
1453.67000000000125
1453.80300000000125
1453.96000000000125
1454.12000000000125
1454.24600000000125
1454.38500000000125
1454.53300000000125
1454.69100000000125
1454.82200000000125
1454.96400000000125
1455.10700000000125
1455.26000000000125
1455.40300000000125
1455.53800000000125
1455.69100000000125
1455.84200000000125
1455.90900000000125
1455.99400000000125
1456.13500000000125
1456.27700000000125
1456.42000000000125
1456.57400000000125
1456.64800000000125
1456.72300000000125
1456.86100000000125
1457.02600000000125
1457.16900000000125
1457.31400000000125
1457.61100000000125
1457.72300000000125
1457.88900000000125
1458.00800000000125
1458.04500000000125
1458.18900000000125
1458.32400000000125
1458.46900000000125
1458.61100000000125
1458.76400000000125
1458.90000000000125
1459.04200000000125
1459.19100000000125
1459.33200000000125
1459.48000000000125
1459.62900000000125
1459.71100000000125
1459.78500000000125
1459.93500000000126
1460.10600000000126
1460.25900000000126
1460.40700000000126
1460.43200000000126
1460.57600000000126
1460.72700000000126
1460.86900000000126
1461.03000000000126
1461.17900000000126
1461.33600000000126
1461.48200000000126
1461.62600000000126
1461.77700000000126
1462.19400000000126
1462.34600000000126
1462.48900000000126
1462.64000000000126
1462.79200000000126
1462.96700000000126
1463.11500000000126
1463.26000000000126
1463.41900000000126
1463.56100000000126
1463.72100000000126
1463.87000000000126
1464.02400000000126
1464.31500000000126
1464.46300000000126
1464.58200000000126
1464.59700000000126
1464.77700000000126
1464.91300000000126
1465.06900000000126
1465.21600000000126
1465.37500000000126
1465.53100000000126
1465.68300000000126
1465.83300000000126
1465.99000000000126
1466.14300000000126
1466.29800000000126
1466.43500000000126
1466.58400000000126
1466.66600000000126
1466.74200000000126
1466.90400000000126
1467.06900000000126
1467.22100000000126
1467.36900000000126
1467.52700000000126
1467.68900000000126
1467.85100000000126
1467.93000000000126
1468.00800000000126
1468.16900000000126
1468.29600000000126
1468.44100000000126
1468.59300000000126
1468.73800000000126
1468.85400000000126
1468.89000000000126
1469.04200000000126
1469.19300000000126
1469.34800000000126
1469.49500000000126
1469.64400000000126
1469.80500000000126
1469.94000000000126
1470.08600000000126
1470.23600000000126
1470.37900000000126
1470.53300000000126
1470.68700000000126
1471.43100000000127
1471.59600000000127
1471.79800000000127
1471.96600000000127
1472.13300000000127
1472.32700000000127
1472.90800000000127
1474.27400000000127
1474.40000000000127
1474.53000000000127
1474.63800000000127
1474.68000000000127
1474.74000000000127
1474.81200000000127
1474.95400000000127
1475.10600000000127
1475.24400000000127
1475.37000000000127
1475.39800000000127
1475.54400000000127
1475.68000000000127
1475.83600000000127
1475.99800000000127
1476.15300000000127
1476.30200000000127
1476.45000000000127
1476.61900000000127
1476.76200000000127
1476.90900000000127
1477.05400000000127
1477.19900000000127
1477.35000000000127
1477.49100000000127
1477.66000000000127
1477.82700000000127
1477.92700000000127
1477.97900000000127
1478.12200000000127
1478.28000000000127
1478.43500000000127
1478.53100000000127
1478.72600000000127
1478.84000000000127
1479.17300000000127
1479.23800000000127
1479.30900000000127
1479.45500000000127
1479.60100000000127
1479.76000000000127
1479.87300000000127
1480.05000000000127
1480.20500000000127
1480.35000000000127
1480.49300000000127
1480.51600000000127
1480.66200000000127
1480.77200000000127
1480.79300000000127
1480.90200000000127
1481.24500000000127
1481.39000000000127
1481.52500000000127
1481.56400000000127
1481.71000000000127
1481.86500000000127
1482.15800000000127
1482.44600000000128
1482.59500000000128
1482.74900000000128
1482.86300000000128
1483.01300000000128
1483.02500000000128
1483.32600000000128
1483.60900000000128
1483.75200000000128
1483.77100000000128
1483.89300000000128
1484.07500000000128
1484.22400000000128
1484.37100000000128
1484.52700000000128
1484.68200000000128
1484.84100000000128
1484.97100000000128
1484.99500000000128
1485.08400000000128
1485.12900000000128
1485.15300000000128
1485.34000000000128
1485.62200000000128
1485.73200000000128
1485.90900000000128
1485.99800000000128
1486.07100000000128
1486.21400000000128
1486.50800000000128
1486.64300000000128
1486.78700000000128
1486.93800000000128
1487.09500000000128
1487.84900000000128
1593.83500000000137
1593.94300000000137
1594.06100000000137
1594.19200000000137
1594.31900000000137
1594.45700000000137
1594.60000000000137
1594.73000000000137
1594.86800000000137
1594.99800000000137
1595.12900000000138
1595.26700000000138
1595.41900000000138
1595.54800000000138
1595.68700000000138
1595.82700000000138
1595.97400000000138
1596.12400000000138
1596.25300000000138
1596.39300000000138
1596.53800000000138
1596.66900000000138
1596.81300000000138
1596.96100000000138
1597.09500000000138
1597.25100000000138
1597.38100000000138
1597.54400000000138
1597.68100000000138
1597.84700000000138
1597.96600000000138
1598.11000000000138
1598.27300000000138
1598.42700000000138
1598.55700000000138
1598.70600000000138
1598.83500000000138
1599.00000000000138
1599.12800000000138
1599.26100000000138
1599.39600000000138
1599.52800000000138
1599.69100000000138
1599.80500000000138
1599.94700000000138
1600.08100000000138
1600.23100000000138
1600.36300000000138
1600.51400000000138
1600.65900000000138
1600.79100000000138
1600.95700000000138
1601.09900000000138
1601.22100000000138
1601.36000000000138
1601.50200000000138
1601.66600000000138
1601.80100000000138
1601.92500000000138
1602.09200000000138
1602.22800000000138
1602.39100000000138
1602.44300000000138
1602.51800000000138
1602.66400000000138
1602.79000000000138
1602.94400000000138
1603.09000000000138
1603.20700000000138
1603.35000000000138
1603.49000000000138
1603.65600000000138
1603.78500000000138
1603.93600000000138
1604.06300000000138
1604.20000000000138
1604.35400000000138
1604.47900000000138
1604.63000000000138
1604.78000000000138
1604.89800000000138
1605.05900000000138
1605.18800000000138
1605.33100000000138
1605.46500000000138
1605.60100000000138
1605.77200000000138
1605.89600000000138
1606.04600000000138
1606.16900000000138
1606.34300000000138
1606.49100000000139
1606.62100000000139
1606.78100000000139
1606.90900000000139
1607.06900000000139
1607.20100000000139
1607.35300000000139
1607.48500000000139
1607.64000000000139
1607.77600000000139
1607.93600000000139
1608.08200000000139
1608.24400000000139
1608.38500000000139
1608.53900000000139
1608.67500000000139
1608.83500000000139
1608.97200000000139
1609.12800000000139
1609.27400000000139
1609.42500000000139
1609.56600000000139
1609.71800000000139
1609.87600000000139
1610.01800000000139
1610.57700000000139
1610.72000000000139
1610.86600000000139
1611.02800000000139
1611.17500000000139
1611.32700000000139
1611.50200000000139
1611.65600000000139
1611.79400000000139
1611.94300000000139
1612.02100000000139
1612.08500000000139
1612.25300000000139
1612.38700000000139
1612.53700000000139
1612.69000000000139
1612.82700000000139
1612.99700000000139
1613.12300000000139
1613.27500000000139
1613.41300000000139
1613.59500000000139
1613.74200000000139
1613.89100000000139
1614.02000000000139
1614.17100000000139
1614.31400000000139
1614.46300000000139
1614.57700000000139
1614.73200000000139
1614.87700000000139
1615.02300000000139
1615.15600000000139
1615.30100000000139
1615.45600000000139
1615.60300000000139
1615.73800000000139
1615.88900000000139
1616.04500000000139
1616.19900000000139
1616.32600000000139
1616.48400000000139
1616.64000000000139
1616.79200000000139
1616.94300000000139
1617.09200000000139
1617.26400000000139
1617.41800000000139
1617.5570000000014
1617.6850000000014
1617.8300000000014
1617.9790000000014
1618.1210000000014
1618.2740000000014
1618.4270000000014
1618.5890000000014
1618.7290000000014
1618.8770000000014
1619.0270000000014
1620.0290000000014
1620.1500000000014
1620.2810000000014
1620.4380000000014
1620.5830000000014
1620.7140000000014
1620.8700000000014
1621.0250000000014
1621.1660000000014
1621.3200000000014
1621.4700000000014
1621.6170000000014
1621.7650000000014
1621.9020000000014
1622.0470000000014
1622.2040000000014
1622.3540000000014
1622.4950000000014
1662.22400000000143
1662.34100000000143
1662.46800000000143
1662.60100000000144
1662.73900000000144
1662.87900000000144
1663.02100000000144
1663.17100000000144
1663.29000000000144
1663.44400000000144
1663.57500000000144
1663.71600000000144
1663.87300000000144
1664.01100000000144
1664.15400000000144
1664.28900000000144
1664.44900000000144
1664.58500000000144
1664.70900000000144
1664.85900000000144
1665.01000000000144
1665.15400000000144
1665.30700000000144
1665.45200000000144
1665.60500000000144
1665.74800000000144
1665.90300000000144
1666.06000000000144
1666.21100000000144
1666.36700000000144
1666.49400000000144
1666.65700000000144
1666.79900000000144
1666.94700000000144
1667.08200000000144
1667.22800000000144
1667.38900000000144
1667.52700000000144
1667.69000000000144
1667.81600000000144
1667.97800000000144
1668.10900000000144
1668.28100000000144
1668.44400000000144
1668.57000000000144
1668.69300000000144
1668.84900000000144
1668.98600000000144
1669.12600000000144
1669.27400000000144
1669.40500000000144
1669.55600000000144
1669.72600000000144
1669.86100000000144
1670.02400000000144
1670.17500000000144
1670.33000000000144
1670.46400000000144
1670.62900000000144
1670.76100000000144
1670.92100000000144
1671.05700000000144
1671.21500000000144
1671.36700000000144
1671.51500000000144
1671.64300000000144
1671.81400000000144
1671.94900000000144
1672.11600000000144
1672.26900000000144
1672.42300000000144
1672.55900000000144
1673.35300000000144
1673.48400000000144
1673.62400000000144
1673.77800000000144
1673.91000000000144
1674.07900000000145
1674.69900000000145
1674.70900000000145
1674.86000000000145
1674.99400000000145
1675.17600000000145
1675.34400000000145
1833.79300000000159
1833.91000000000159
1834.03600000000159
1834.16200000000159
1834.29200000000159
1834.53600000000159
1834.67900000000159
1834.78600000000159
1834.92600000000159
1835.06500000000159
1835.20300000000159
1835.34000000000159
1835.47400000000159
2062.79900000000015
2294.49499999997463
2304.33599999997355
2306.84499999997327
-2
33.8629999999999884
33.9779999999999885
34.0749999999999886
34.1929999999999887
34.3299999999999888
34.485999999999989
34.6169999999999891
34.7339999999999892
34.8809999999999893
35.0239999999999895
35.1649999999999896
35.3219999999999897
35.68799999999999
80.7550000000000301
80.8690000000000302
80.9990000000000303
81.2200000000000305
81.2630000000000305
81.3870000000000306
81.5290000000000308
81.6650000000000309
81.787000000000031
81.9350000000000311
82.0790000000000313
82.2210000000000314
82.3740000000000315
82.5320000000000317
82.6720000000000318
82.8080000000000319
82.975000000000032
83.0560000000000321
83.1080000000000322
83.1730000000000322
83.2670000000000323
83.4230000000000324
83.5720000000000326
83.7510000000000327
83.8790000000000329
84.032000000000033
84.1670000000000331
84.1870000000000331
84.3230000000000332
84.3580000000000333
84.3840000000000333
84.4920000000000334
84.6540000000000335
84.7830000000000337
84.7990000000000337
84.9350000000000338
133.450000000000077
133.529000000000077
133.643000000000077
174.983000000000114
175.664000000000114
175.772000000000114
176.036000000000115
176.219000000000115
176.369000000000115
176.530000000000115
176.823000000000115
177.047000000000116
177.462000000000116
177.618000000000116
178.450000000000117
212.054000000000147
212.375000000000147
253.873000000000184
254.712000000000185
254.938000000000185
260.160000000000189
260.59200000000019
261.411000000000191
261.607000000000191
261.751000000000191
261.792000000000191
262.833000000000192
262.912000000000192
263.025000000000192
263.163000000000192
263.275000000000192
264.637000000000193
264.774000000000194
266.663000000000195
267.483000000000196
267.510000000000196
267.943000000000196
268.093000000000196
268.145000000000196
268.242000000000197
268.302000000000197
268.471000000000197
268.640000000000197
268.773000000000197
268.918000000000197
268.979000000000197
269.053000000000197
269.415000000000198
269.724000000000198
269.888000000000198
270.064000000000198
270.988000000000199
271.7310000000002
272.0360000000002
272.1280000000002
272.4920000000002
272.889000000000201
273.111000000000201
273.204000000000201
273.747000000000201
275.015000000000203
275.744000000000203
276.337000000000204
276.456000000000204
276.623000000000204
277.138000000000204
277.459000000000205
278.177000000000205
278.290000000000206
278.881000000000206
279.341000000000206
279.495000000000207
281.842000000000209
282.036000000000209
282.237000000000209
282.408000000000209
282.603000000000209
283.70100000000021
283.85500000000021
284.493000000000211
284.683000000000211
285.104000000000212
285.824000000000212
291.650000000000217
291.865000000000218
292.007000000000218
292.615000000000218
301.157000000000226
301.365000000000226
301.583000000000226
301.736000000000226
301.879000000000226
302.051000000000227
302.230000000000227
302.402000000000227
302.550000000000227
302.993000000000227
303.097000000000228
303.221000000000228
303.363000000000228
303.943000000000228
407.55400000000032
408.345000000000321
678.873000000000561
679.054000000000561
679.261000000000562
679.358000000000562
679.476000000000562
679.606000000000562
679.739000000000562
679.862000000000562
680.006000000000562
680.130000000000562
680.278000000000563
680.394000000000563
680.537000000000563
680.671000000000563
680.793000000000563
680.941000000000563
681.068000000000563
681.218000000000563
681.355000000000564
681.499000000000564
681.636000000000564
681.783000000000564
681.922000000000564
682.083000000000564
682.213000000000564
682.358000000000564
682.490000000000564
682.649000000000565
682.800000000000565
682.829000000000565
682.952000000000565
682.986000000000565
683.102000000000565
683.257000000000565
683.425000000000565
683.451000000000565
683.576000000000565
683.725000000000566
683.878000000000566
684.031000000000566
684.050000000000566
684.190000000000566
684.211000000000566
684.496000000000566
684.531000000000566
684.631000000000566
684.663000000000566
684.931000000000567
685.071000000000567
686.292000000000568
686.827000000000568
687.426000000000569
688.52500000000057
688.55400000000057
689.629000000000571
689.674000000000571
690.690000000000572
693.759000000000574
694.047000000000575
696.044000000000576
697.751000000000578
707.161000000000586
707.262000000000586
707.344000000000587
710.75900000000059
713.070000000000592
714.296000000000593
717.036000000000595
738.038000000000614
744.89300000000062
745.02800000000062
745.17600000000062
745.32000000000062
745.47700000000062
745.53000000000062
745.780000000000621
745.918000000000621
746.078000000000621
746.232000000000621
746.296000000000621
746.382000000000621
746.445000000000621
746.546000000000621
746.607000000000621
746.761000000000622
746.857000000000622
747.008000000000622
747.167000000000622
747.224000000000622
747.308000000000622
747.484000000000622
747.544000000000622
747.649000000000622
747.700000000000622
747.812000000000622
747.867000000000623
747.970000000000623
748.033000000000623
748.131000000000623
748.195000000000623
748.294000000000623
748.337000000000623
748.719000000000623
748.746000000000623
748.869000000000623
748.899000000000624
749.033000000000624
749.061000000000624
749.190000000000624
749.257000000000624
749.358000000000624
749.518000000000624
749.689000000000624
749.749000000000624
749.845000000000624
750.006000000000624
750.328000000000625
750.485000000000625
750.638000000000625
751.021000000000625
752.066000000000626
752.387000000000627
752.783000000000627
752.934000000000627
753.078000000000627
753.132000000000627
754.606000000000628
754.670000000000629
754.890000000000629
755.035000000000629
755.239000000000629
755.333000000000629
755.85200000000063
755.94300000000063
756.25100000000063
756.29000000000063
756.45000000000063
756.56300000000063
758.350000000000632
758.835000000000632
759.912000000000633
759.959000000000633
760.123000000000633
760.572000000000634
761.141000000000634
761.342000000000634
762.495000000000636
762.646000000000636
762.801000000000636
762.955000000000636
763.025000000000636
763.115000000000636
763.272000000000636
763.578000000000636
764.206000000000637
764.465000000000637
768.613000000000641
768.882000000000641
769.633000000000642
769.786000000000642
782.106000000000653
800.436000000000669
800.635000000000669
800.94200000000067
801.13200000000067
801.20200000000067
801.21000000000067
840.666000000000705
840.788000000000705
841.311000000000706
841.359000000000706
841.441000000000706
841.574000000000706
841.751000000000706
841.852000000000706
841.962000000000706
842.103000000000706
842.238000000000706
842.389000000000706
842.514000000000707
842.663000000000707
842.794000000000707
842.954000000000707
843.113000000000707
843.240000000000707
843.384000000000707
843.528000000000708
843.671000000000708
843.810000000000708
843.946000000000708
844.090000000000708
844.232000000000708
844.388000000000708
844.550000000000708
844.712000000000709
844.839000000000709
844.981000000000709
845.141000000000709
845.165000000000709
845.275000000000709
845.430000000000709
845.574000000000709
845.72200000000071
845.86600000000071
846.00400000000071
846.15800000000071
846.29900000000071
846.44600000000071
846.61700000000071
846.75300000000071
846.89300000000071
847.042000000000711
847.182000000000711
847.347000000000711
847.484000000000711
847.511000000000711
847.628000000000711
847.769000000000711
847.786000000000711
847.923000000000711
848.070000000000712
848.130000000000712
848.211000000000712
848.361000000000712
848.384000000000712
848.413000000000712
848.504000000000712
848.523000000000712
848.641000000000712
848.785000000000712
848.927000000000712
849.092000000000712
849.223000000000713
849.429000000000713
849.519000000000713
849.548000000000713
849.664000000000713
849.695000000000713
849.721000000000713
849.960000000000713
850.099000000000713
850.250000000000713
850.385000000000714
850.538000000000714
850.684000000000714
850.741000000000714
850.826000000000714
850.980000000000714
851.129000000000714
851.179000000000714
851.309000000000714
851.434000000000715
851.599000000000715
851.872000000000715
852.148000000000715
852.186000000000715
852.321000000000715
852.406000000000715
852.568000000000716
852.710000000000716
852.862000000000716
853.074000000000716
853.164000000000716
853.311000000000716
853.340000000000716
853.483000000000716
853.614000000000716
853.654000000000716
853.787000000000717
853.897000000000717
854.038000000000717
854.183000000000717
854.352000000000717
854.397000000000717
854.502000000000717
854.991000000000718
855.042000000000718
855.140000000000718
855.298000000000718
855.456000000000718
855.483000000000718
855.598000000000718
855.660000000000718
855.772000000000718
855.796000000000718
855.886000000000718
856.031000000000719
856.066000000000719
856.187000000000719
856.253000000000719
856.344000000000719
856.409000000000719
856.500000000000719
856.566000000000719
856.691000000000719
856.808000000000719
856.957000000000719
856.99500000000072
857.10800000000072
857.26600000000072
857.41200000000072
857.56700000000072
857.72200000000072
857.88900000000072
858.05200000000072
858.199000000000721
858.360000000000721
858.512000000000721
858.644000000000721
858.785000000000721
858.927000000000721
858.996000000000721
859.075000000000721
859.126000000000721
859.221000000000721
859.284000000000722
859.393000000000722
859.547000000000722
859.603000000000722
859.694000000000722
859.757000000000722
859.855000000000722
859.875000000000722
859.988000000000722
860.302000000000722
860.447000000000723
861.120000000000723
861.205000000000723
861.260000000000723
861.354000000000723
861.506000000000723
861.725000000000724
861.820000000000724
862.120000000000724
862.171000000000724
862.286000000000724
862.345000000000724
862.467000000000724
862.636000000000724
862.941000000000725
863.250000000000725
863.399000000000725
863.551000000000725
863.702000000000725
863.856000000000726
864.006000000000726
864.153000000000726
864.207000000000726
864.312000000000726
864.433000000000726
865.320000000000727
865.409000000000727
865.468000000000727
865.560000000000727
865.712000000000727
865.772000000000727
865.864000000000727
865.920000000000727
866.020000000000728
866.177000000000728
866.242000000000728
866.326000000000728
866.480000000000728
866.628000000000728
866.647000000000728
866.744000000000728
866.786000000000728
866.918000000000728
866.982000000000728
867.083000000000728
867.253000000000729
870.972000000000732
871.410000000000732
871.554000000000732
871.850000000000733
871.993000000000733
875.345000000000736
875.373000000000736
875.506000000000736
875.530000000000736
875.665000000000736
875.696000000000736
875.809000000000736
876.440000000000737
876.490000000000737
876.582000000000737
876.633000000000737
876.735000000000737
876.884000000000737
877.045000000000737
877.069000000000737
877.106000000000737
877.212000000000737
877.244000000000737
877.271000000000737
877.378000000000738
884.948000000000744
922.727000000000778
1124.91600000000096
1125.03600000000096
1125.17600000000096
1125.31200000000096
1125.44600000000096
1125.59000000000096
1125.73100000000096
1125.87300000000096
1126.01200000000096
1126.15400000000096
1126.30200000000096
1126.42500000000096
1126.56900000000096
1126.72400000000096
1126.84600000000096
1126.99800000000096
1127.14200000000096
1127.28500000000096
1127.41900000000096
1127.56300000000096
1127.69400000000096
1127.85200000000096
1128.00300000000096
1128.13800000000096
1128.27700000000096
1128.42200000000096
1128.57100000000096
1128.71400000000096
1128.87000000000096
1128.98900000000096
1129.11900000000096
1129.28800000000096
1129.44200000000096
1129.58500000000096
1129.72800000000096
1129.90000000000096
1130.50400000000096
1130.65100000000096
1130.67500000000096
1130.79500000000096
1130.94700000000096
1131.09200000000096
1131.11500000000096
1131.23700000000096
1131.46000000000096
1131.60500000000096
1131.62300000000096
1131.75500000000096
1131.90400000000096
1131.92100000000096
1132.04900000000096
1132.19700000000096
1132.35800000000096
1132.54100000000096
1132.65800000000096
1132.82200000000096
1132.96900000000096
1132.98100000000096
1133.11100000000096
1133.12900000000096
1133.23800000000096
1133.40400000000096
1133.55800000000096
1133.69700000000097
1133.87300000000097
1134.02300000000097
1134.04500000000097
1134.16600000000097
1134.32100000000097
1134.47400000000097
1134.49400000000097
1134.61900000000097
1134.78300000000097
1134.95100000000097
1134.97600000000097
1135.01300000000097
1135.10300000000097
1135.13300000000097
1135.26700000000097
1135.29300000000097
1135.40400000000097
1135.43100000000097
1135.55300000000097
1135.57300000000097
1135.69600000000097
1135.86000000000097
1136.03900000000097
1136.23400000000097
1136.37500000000097
1136.41000000000097
1136.64800000000097
1136.67700000000097
1137.25000000000097
1137.59500000000097
1137.73700000000097
1137.86500000000097
1138.15500000000097
1139.36400000000097
1139.39300000000097
1139.42500000000097
1139.51400000000097
1139.54200000000097
1140.11300000000097
1140.32300000000097
1140.49300000000097
1140.95100000000097
1141.72200000000097
1142.02800000000097
1142.73400000000097
1143.83900000000097
1144.02600000000097
1144.11900000000097
1153.24300000000098
1153.31000000000098
1153.38800000000098
1154.07600000000098
1154.11100000000098
1154.19300000000098
1154.34500000000098
1154.40500000000098
1154.49900000000098
1154.64400000000098
1154.70300000000098
1154.79600000000098
1154.94700000000098
1154.97900000000098
1155.00900000000098
1155.10100000000098
1155.15600000000098
1155.27000000000098
1155.44900000000098
1155.58000000000098
1155.69200000000098
1155.85600000000098
1156.01400000000098
1156.16400000000099
1156.31500000000099
1156.53300000000099
1156.64000000000099
1156.69200000000099
1156.79500000000099
1156.96500000000099
1157.02600000000099
1157.12300000000099
1157.18200000000099
1157.28900000000099
1157.45500000000099
1157.64200000000099
1157.79900000000099
1157.95300000000099
1158.10700000000099
1158.27100000000099
1158.43000000000099
1158.58000000000099
1158.72600000000099
1158.87900000000099
1159.33800000000099
1159.48800000000099
1159.51000000000099
1159.55500000000099
1159.65400000000099
1159.78100000000099
1159.94300000000099
1160.01900000000099
1160.10100000000099
1160.17100000000099
1160.25900000000099
1160.42900000000099
1160.59400000000099
1160.75300000000099
1160.91700000000099
1161.22000000000099
1161.36900000000099
1161.52500000000099
1161.66900000000099
1161.96500000000099
1162.01900000000099
1162.11200000000099
1162.42700000000099
1162.57900000000099
1162.60300000000099
1162.64400000000099
1163.06400000000099
1163.22800000000099
1163.34800000000099
1163.38000000000099
1163.52900000000099
1163.62600000000099
1165.63300000000099
1165.69100000000099
1165.77400000000099
1165.79600000000099
1165.97000000000099
1166.10100000000099
1166.35700000000099
1166.41700000000099
1166.50800000000099
1166.54100000000099
1166.56100000000099
1166.65200000000099
1166.80700000000099
1166.84400000000099
1166.86100000000099
1166.96600000000099
1167.02900000000099
1167.11200000000099
1167.265000000001
1167.417000000001
1167.486000000001
1167.573000000001
1167.642000000001
1167.727000000001
1167.792000000001
1167.884000000001
1168.124000000001
1168.213000000001
1168.379000000001
1168.581000000001
1168.723000000001
1168.832000000001
1168.860000000001
1168.968000000001
1168.978000000001
1169.013000000001
1169.104000000001
1169.253000000001
1169.291000000001
1169.561000000001
1169.622000000001
1169.737000000001
1170.986000000001
1171.082000000001
1171.392000000001
1171.454000000001
1171.543000000001
1171.600000000001
1171.685000000001
1171.715000000001
1171.730000000001
1171.845000000001
1171.894000000001
1172.013000000001
1172.042000000001
1172.151000000001
1172.207000000001
1172.314000000001
1172.481000000001
1172.566000000001
1172.697000000001
1172.715000000001
1172.799000000001
1172.857000000001
1173.005000000001
1173.103000000001
1173.118000000001
1173.145000000001
1173.242000000001
1173.283000000001
1173.396000000001
1173.582000000001
1173.755000000001
1173.862000000001
1174.176000000001
1174.325000000001
1174.484000000001
1174.654000000001
1175.056000000001
1175.202000000001
1175.265000000001
1175.357000000001
1175.414000000001
1175.505000000001
1175.659000000001
1175.724000000001
1175.814000000001
1175.844000000001
1175.876000000001
1175.968000000001
1176.119000000001
1176.269000000001
1176.322000000001
1176.420000000001
1176.743000000001
1177.011000000001
1177.215000000001
1177.370000000001
1177.520000000001
1177.625000000001
1178.079000000001
1178.216000000001
1178.384000000001
1178.547000000001
1179.79300000000101
1179.90300000000101
1181.95900000000101
1195.29600000000102
1195.42600000000102
1195.46700000000102
1195.56000000000102
1195.98300000000102
1196.00600000000102
1196.04000000000102
1196.12900000000102
1196.15700000000102
1196.19000000000102
1196.41400000000102
1196.43900000000102
1196.47600000000102
1196.99100000000102
1197.02000000000102
1197.05000000000102
1197.13600000000102
1197.16000000000102
1197.28700000000102
1197.33700000000102
1197.49900000000102
1197.58300000000102
1197.64200000000102
1197.73100000000102
1197.76000000000102
1197.78600000000102
1197.88000000000102
1197.91100000000102
1198.01800000000102
1198.04900000000102
1198.17700000000102
1198.24400000000102
1198.37900000000102
1198.46300000000102
1198.48500000000102
1198.63100000000102
1198.74100000000102
1198.76300000000102
1198.80600000000102
1198.90500000000102
1198.93200000000102
1199.03800000000102
1199.18400000000102
1199.32000000000102
1199.46100000000102
1199.48700000000102
1199.62000000000102
1199.71400000000102
1199.78100000000102
1199.85800000000102
1199.89000000000102
1200.00400000000102
1200.03700000000102
1200.06300000000102
1200.14400000000102
1200.21500000000102
1200.28900000000102
1200.32100000000102
1200.47100000000102
1200.49500000000102
1200.74100000000102
1200.76200000000102
1200.91900000000102
1201.03000000000102
1201.16600000000103
1201.18600000000103
1201.31300000000103
1201.45200000000103
1201.59600000000103
1201.61600000000103
1201.73900000000103
1201.90200000000103
1202.04900000000103
1202.11900000000103
1202.25200000000103
1202.34900000000103
1202.41400000000103
1202.48800000000103
1202.52600000000103
1202.54500000000103
1202.66200000000103
1202.68900000000103
1202.78100000000103
1202.80600000000103
1202.91500000000103
1202.94600000000103
1203.06200000000103
1203.08900000000103
1203.21000000000103
1203.23900000000103
1203.35800000000103
1203.38700000000103
1203.50700000000103
1203.66300000000103
1203.69800000000103
1203.72300000000103
1203.80900000000103
1203.83000000000103
1203.96800000000103
1203.98300000000103
1204.13400000000103
1204.25800000000103
1204.28800000000103
1204.41500000000103
1204.48100000000103
1204.56400000000103
1204.59100000000103
1204.62200000000103
1204.71000000000103
1204.77000000000103
1204.87000000000103
1204.93500000000103
1205.02700000000103
1205.09000000000103
1205.16900000000103
1205.32400000000103
1205.39200000000103
1205.55000000000103
1205.67300000000103
1205.78800000000103
1205.93800000000103
1206.11600000000103
1206.16400000000103
1206.99500000000103
1207.05000000000103
1207.13800000000103
1207.27900000000103
1207.33800000000103
1207.42800000000103
1207.48400000000103
1207.57600000000103
1207.63300000000103
1207.71900000000103
1207.87000000000103
1208.08000000000103
1208.16600000000103
1208.30500000000103
1208.34200000000103
1208.44900000000103
1208.51000000000103
1208.59500000000103
1208.73300000000103
1208.80000000000103
1208.88400000000103
1209.02700000000103
1209.17600000000103
1209.18900000000103
1209.33400000000103
1209.44800000000103
1209.59000000000103
1209.73700000000103
1209.76200000000103
1209.90200000000103
1209.92400000000103
1210.06500000000103
1210.08600000000103
1210.22900000000103
1210.27300000000103
1210.35800000000103
1210.42900000000103
1210.51700000000103
1210.65100000000103
1210.79600000000103
1210.82900000000103
1210.94200000000103
1210.96700000000103
1211.08500000000103
1211.12400000000103
1211.13700000000103
1211.22500000000103
1211.28800000000103
1211.37900000000103
1211.41700000000103
1211.52400000000103
1211.55600000000103
1211.67400000000103
1211.73800000000103
1211.82800000000103
1211.98900000000103
1212.14500000000103
1212.29000000000103
1212.43600000000104
1212.57700000000104
1212.62800000000104
1212.72000000000104
1212.75100000000104
1212.87100000000104
1212.93900000000104
1213.02100000000104
1213.07000000000104
1213.17500000000104
1213.24100000000104
1213.33500000000104
1213.40300000000104
1213.48400000000104
1213.55400000000104
1213.64400000000104
1213.68300000000104
1213.81200000000104
1213.85600000000104
1213.94500000000104
1215.21000000000104
1215.29700000000104
1215.44200000000104
1215.46900000000104
1215.58500000000104
1215.61200000000104
1215.73000000000104
1215.79000000000104
1215.89000000000104
1215.95300000000104
1216.04200000000104
1216.19000000000104
1216.35000000000104
1216.50300000000104
1216.97200000000104
1217.11700000000104
1217.41800000000104
1217.56600000000104
1217.72000000000104
1217.87000000000104
1217.95400000000104
1218.04200000000104
1218.09800000000104
1218.18900000000104
1218.50800000000104
1218.63200000000104
1218.66800000000104
1218.79000000000104
1218.82900000000104
1218.84900000000104
1218.94700000000104
1219.00800000000104
1219.10000000000104
1219.16000000000104
1219.25100000000104
1219.31800000000104
1219.41100000000104
1219.47000000000104
1219.56700000000104
1219.62600000000104
1219.88300000000104
1219.94700000000104
1220.18000000000104
1220.21200000000104
1220.33100000000104
1220.35600000000104
1220.48300000000104
1220.50900000000104
1220.63100000000104
1220.66000000000104
1220.68800000000104
1220.84000000000104
1220.92700000000104
1221.07600000000104
1221.21800000000104
1221.23800000000104
1221.37700000000104
1221.45000000000104
1221.58000000000104
1221.83100000000104
1221.89400000000104
1221.97600000000104
1222.11900000000104
1222.42200000000104
1222.48400000000104
1222.57400000000104
1222.72300000000104
1223.09500000000104
1223.16900000000104
1223.23100000000104
1223.31000000000104
1223.35700000000104
1223.37200000000104
1223.46200000000104
1223.52600000000104
1223.61800000000104
1223.77400000000105
1223.83600000000105
1224.06400000000105
1224.21500000000105
1224.36400000000105
1224.52000000000105
1224.59300000000105
1224.68100000000105
1224.73500000000105
1224.84100000000105
1225.01200000000105
1225.08500000000105
1225.17300000000105
1225.33400000000105
1225.36700000000105
1226.33500000000105
1226.47400000000105
1226.50900000000105
1226.62300000000105
1226.68300000000105
1226.78100000000105
1226.96200000000105
1227.07600000000105
1227.10600000000105
1227.23100000000105
1227.28900000000105
1227.38500000000105
1227.52600000000105
1227.58600000000105
1227.68400000000105
1227.74900000000105
1227.83500000000105
1227.89400000000105
1227.98400000000105
1228.04400000000105
1228.13400000000105
1228.28100000000105
1228.31600000000105
1228.43200000000105
1228.46600000000105
1228.63500000000105
1228.72400000000105
1228.88100000000105
1229.03500000000105
1229.07400000000105
1229.19500000000105
1229.32600000000105
1229.37300000000105
1229.74800000000105
1229.80700000000105
1229.89200000000105
1229.91600000000105
1230.04700000000105
1230.09200000000105
1230.20800000000105
1230.26800000000105
1230.35600000000105
1230.41400000000105
1230.56700000000105
1230.65300000000105
1230.80000000000105
1230.83000000000105
1230.95200000000105
1231.01300000000105
1231.10300000000105
1231.16200000000105
1231.25200000000105
1231.40400000000105
1231.54900000000105
1231.60300000000105
1231.70300000000105
1231.73300000000105
1231.74700000000105
1231.86000000000105
1231.88900000000105
1232.41800000000105
1232.75500000000105
1232.81100000000105
1232.89800000000105
1232.92800000000105
1233.04900000000105
1233.07200000000105
1233.19600000000105
1233.34400000000105
1233.37000000000105
1233.49300000000105
1233.53900000000105
1233.64500000000105
1233.69300000000105
1233.80200000000105
1233.96100000000105
1234.03100000000105
1234.11900000000105
1234.28900000000105
1234.44500000000105
1234.60900000000105
1234.76800000000105
1234.91900000000106
1235.08000000000106
1235.14800000000106
1235.24000000000106
1235.29500000000106
1235.39300000000106
1235.43800000000106
1235.55000000000106
1235.70800000000106
1235.75700000000106
1235.86400000000106
1235.90300000000106
1235.93000000000106
1236.02600000000106
1236.05800000000106
1236.18900000000106
1236.24200000000106
1236.34800000000106
1236.50500000000106
1236.66100000000106
1236.71000000000106
1236.81100000000106
1236.82000000000106
1236.94600000000106
1236.96800000000106
1237.09800000000106
1237.14000000000106
1237.24500000000106
1237.30300000000106
1237.39300000000106
1237.44900000000106
1237.54700000000106
1237.59800000000106
1237.70000000000106
1237.75700000000106
1237.87500000000106
1238.01700000000106
1238.14600000000106
1238.29500000000106
1238.44900000000106
1238.60700000000106
1238.63900000000106
1238.84200000000106
1238.92500000000106
1239.07800000000106
1239.22700000000106
1239.24700000000106
1239.37700000000106
1239.42900000000106
1239.52600000000106
1239.58900000000106
1239.68200000000106
1239.72400000000106
1239.82700000000106
1239.86600000000106
1240.11700000000106
1240.19100000000106
1240.25200000000106
1269.45700000000109
1269.58900000000109
1269.74000000000109
1269.88600000000109
1270.02800000000109
1270.17600000000109
1270.31900000000109
1270.46100000000109
1270.60800000000109
1270.74700000000109
1270.88600000000109
1271.03000000000109
1271.17800000000109
1271.31300000000109
1271.45900000000109
1271.61000000000109
1272.71900000000109
1272.90300000000109
1273.07900000000109
1277.00200000000109
1291.99400000000111
1292.12000000000111
1292.15500000000111
1292.25100000000111
1292.38500000000111
1292.52300000000111
1292.66100000000111
1292.79700000000111
1292.93700000000111
1293.07500000000111
1293.21200000000111
1293.34900000000111
1293.48400000000111
1293.63200000000111
1293.76900000000111
1293.90800000000111
1294.05100000000111
1294.20800000000111
1294.33500000000111
1294.48300000000111
1294.62600000000111
1294.76600000000111
1294.90400000000111
1295.04200000000111
1295.17700000000111
1295.33200000000111
1295.47300000000111
1295.62100000000111
1295.76200000000111
1295.91600000000111
1296.07900000000111
1296.21700000000111
1296.37900000000111
1296.52800000000111
1296.65300000000111
1296.80600000000111
1296.94300000000111
1297.08500000000111
1297.23400000000111
1297.36500000000111
1297.66800000000111
1297.81600000000111
1297.95800000000111
1298.12500000000111
1298.27000000000111
1298.41800000000111
1298.53000000000111
1298.68400000000111
1298.81700000000111
1299.24200000000111
1299.60500000000111
1302.20300000000111
1312.89300000000112
1313.01300000000112
1313.14400000000112
1313.27900000000112
1313.41600000000112
1313.54900000000112
1313.68700000000113
1313.82700000000113
1313.96000000000113
1314.10000000000113
1314.23000000000113
1314.36200000000113
1314.49900000000113
1314.65000000000113
1314.78700000000113
1314.94500000000113
1314.97000000000113
1315.09900000000113
1315.24000000000113
1315.37800000000113
1315.51800000000113
1315.55500000000113
1315.64900000000113
1315.80600000000113
1315.93300000000113
1316.07800000000113
1316.21500000000113
1316.34700000000113
1316.49500000000113
1316.51400000000113
1316.64000000000113
1316.79200000000113
1316.91200000000113
1317.06600000000113
1317.10900000000113
1317.19900000000113
1317.21400000000113
1317.33000000000113
1317.49400000000113
1317.63500000000113
1317.78100000000113
1317.93900000000113
1317.96300000000113
1318.07500000000113
1318.09500000000113
1318.22800000000113
1318.25400000000113
1318.38100000000113
1318.40200000000113
1318.51600000000113
1318.53700000000113
1318.66000000000113
1318.82400000000113
1318.97000000000113
1319.10900000000113
1319.24500000000113
1319.39800000000113
1319.54200000000113
1319.70100000000113
1319.72800000000113
1319.82200000000113
1319.96800000000113
1320.11200000000113
1320.24800000000113
1320.40200000000113
1320.52800000000113
1330.09900000000114
1330.22100000000114
1330.36200000000114
1330.49900000000114
1330.63800000000114
1330.78700000000114
1330.93500000000114
1331.06000000000114
1333.74500000000114
1333.88300000000114
1334.02100000000114
1334.16500000000114
1334.30700000000114
1334.44700000000114
1334.59700000000114
1334.73900000000114
1334.88900000000114
1335.03000000000114
1335.17700000000114
1335.32100000000114
1335.47000000000114
1335.61400000000114
1335.75700000000114
1335.90300000000114
1336.04000000000114
1336.19800000000114
1336.34900000000115
1336.50700000000115
1336.63800000000115
1336.78300000000115
1336.91400000000115
1338.23700000000115
1338.35500000000115
1338.50500000000115
1338.63500000000115
1338.78500000000115
1338.92100000000115
1339.07000000000115
1339.21300000000115
1339.36400000000115
1339.51400000000115
1339.66400000000115
1339.81800000000115
1339.95900000000115
1340.10800000000115
1340.27200000000115
1340.43900000000115
1340.57900000000115
1340.72700000000115
1340.87100000000115
1341.01500000000115
1341.16700000000115
1341.31900000000115
1341.46200000000115
1341.60100000000115
1341.74200000000115
1341.89000000000115
1342.06200000000115
1342.18300000000115
1424.06800000000122
1424.18600000000122
1424.31600000000122
1424.45000000000122
1424.58000000000122
1424.71900000000122
1424.84600000000122
1424.98100000000122
1425.11400000000122
1425.24800000000122
1425.37800000000122
1425.50900000000122
1425.65100000000122
1425.79200000000122
1425.91300000000122
1426.05600000000122
1426.18200000000122
1426.33600000000123
1426.45800000000123
1426.59200000000123
1426.73500000000123
1426.86200000000123
1427.01000000000123
1427.13400000000123
1427.27000000000123
1427.40700000000123
1427.55100000000123
1427.68200000000123
1427.81400000000123
1427.94900000000123
1428.09500000000123
1428.23000000000123
1428.36300000000123
1428.49800000000123
1428.65000000000123
1428.77700000000123
1428.92100000000123
1429.06000000000123
1429.22200000000123
1429.35200000000123
1429.50700000000123
1429.63900000000123
1429.79000000000123
1429.92300000000123
1430.06900000000123
1430.21400000000123
1430.34200000000123
1430.48900000000123
1430.62700000000123
1430.76900000000123
1430.90900000000123
1431.04000000000123
1431.18700000000123
1431.32300000000123
1431.47500000000123
1431.60300000000123
1431.76000000000123
1431.90000000000123
1432.03300000000123
1432.17300000000123
1432.32100000000123
1432.45700000000123
1432.61700000000123
1432.75400000000123
1432.89100000000123
1433.04100000000123
1433.17300000000123
1433.30900000000123
1433.46100000000123
1433.60100000000123
1433.74300000000123
1433.88700000000123
1434.03000000000123
1434.18600000000123
1434.34200000000123
1434.48600000000123
1434.62700000000123
1434.77400000000123
1434.90300000000123
1435.06000000000123
1435.19800000000123
1435.35100000000123
1435.49400000000123
1435.63200000000123
1435.76700000000123
1435.90600000000123
1436.06600000000123
1436.22100000000123
1446.28400000000124
1446.41100000000124
1446.54500000000124
1446.68200000000124
1446.82200000000124
1446.96800000000124
1447.11200000000124
1447.25000000000124
1447.40100000000124
1447.54600000000124
1447.68300000000124
1447.83600000000124
1447.97800000000124
1448.12700000000124
1448.27100000000124
1448.41700000000124
1448.58100000000124
1448.59300000000124
1448.72700000000124
1448.86600000000125
1449.02000000000125
1449.16700000000125
1449.32900000000125
1449.46800000000125
1449.60900000000125
1449.74700000000125
1449.89100000000125
1450.03300000000125
1450.18600000000125
1450.34400000000125
1450.48600000000125
1450.64100000000125
1450.77900000000125
1450.93200000000125
1451.07800000000125
1451.21500000000125
1451.36500000000125
1451.52100000000125
1451.67600000000125
1451.81400000000125
1451.96600000000125
1452.11800000000125
1452.27400000000125
1452.43300000000125
1452.58300000000125
1452.73100000000125
1452.85700000000125
1453.02900000000125
1453.18200000000125
1453.34600000000125
1453.47800000000125
1453.59400000000125
1453.77100000000125
1453.88500000000125
1454.06200000000125
1454.22000000000125
1454.37600000000125
1454.48300000000125
1454.61600000000125
1454.78500000000125
1454.90100000000125
1455.06800000000125
1455.18500000000125
1455.33000000000125
1455.53000000000125
1455.64400000000125
1455.79100000000125
1455.90400000000125
1455.95400000000125
1456.07700000000125
1456.26500000000125
1456.40400000000125
1456.49600000000125
1456.64500000000125
1456.65500000000125
1456.80500000000125
1456.93700000000125
1457.09800000000125
1457.24600000000125
1457.54000000000125
1457.68100000000125
1457.82700000000125
1457.97200000000125
1458.02400000000125
1458.12500000000125
1458.27700000000125
1458.42400000000125
1458.56400000000125
1458.70400000000125
1458.83700000000125
1458.98800000000125
1459.13500000000125
1459.30600000000125
1459.45600000000125
1459.56800000000125
1459.70500000000125
1459.72000000000125
1459.92100000000125
1460.01400000000126
1460.18900000000126
1460.35300000000126
1460.42000000000126
1460.52600000000126
1460.65000000000126
1460.82600000000126
1461.00300000000126
1461.13700000000126
1461.32900000000126
1461.43200000000126
1461.57400000000126
1461.76600000000126
1461.86800000000126
1462.27200000000126
1462.41600000000126
1462.56600000000126
1462.71500000000126
1462.88900000000126
1463.03500000000126
1463.20600000000126
1463.33900000000126
1463.52300000000126
1463.64200000000126
1463.82200000000126
1463.96300000000126
1464.25300000000126
1464.39300000000126
1464.55300000000126
1464.59400000000126
1464.68600000000126
1464.87900000000126
1464.99000000000126
1465.15900000000126
1465.29300000000126
1465.45100000000126
1465.61700000000126
1465.77200000000126
1465.91000000000126
1466.06400000000126
1466.23800000000126
1466.37200000000126
1466.51800000000126
1466.66100000000126
1466.67500000000126
1466.82000000000126
1466.98800000000126
1467.15300000000126
1467.30100000000126
1467.45200000000126
1467.61000000000126
1467.76300000000126
1467.92800000000126
1467.95200000000126
1468.08100000000126
1468.19500000000126
1468.37200000000126
1468.51900000000126
1468.66700000000126
1468.81700000000126
1468.87200000000126
1468.97600000000126
1469.13200000000126
1469.28300000000126
1469.43000000000126
1469.58400000000126
1469.72500000000126
1469.88400000000126
1470.01700000000126
1470.18100000000126
1470.33100000000126
1470.45200000000126
1470.60500000000126
1470.75000000000126
1471.54400000000127
1471.72400000000127
1471.90900000000127
1472.11100000000127
1472.28900000000127
1472.67700000000127
1474.09100000000127
1474.32900000000127
1474.49100000000127
1474.60400000000127
1474.66900000000127
1474.73700000000127
1474.75100000000127
1474.88100000000127
1475.02800000000127
1475.18500000000127
1475.32200000000127
1475.39100000000127
1475.46700000000127
1475.60400000000127
1475.75600000000127
1475.92200000000127
1476.07700000000127
1476.22800000000127
1476.37800000000127
1476.53400000000127
1476.69000000000127
1476.84300000000127
1476.99200000000127
1477.14200000000127
1477.27700000000127
1477.41700000000127
1477.58100000000127
1477.74800000000127
1477.90600000000127
1477.95900000000127
1478.07600000000127
1478.20000000000127
1478.38000000000127
1478.51900000000127
1478.71900000000127
1478.80500000000127
1478.97800000000127
1479.23700000000127
1479.27600000000127
1479.38100000000127
1479.53400000000127
1479.69700000000127
1479.84000000000127
1480.04000000000127
1480.20200000000127
1480.33100000000127
1480.44400000000127
1480.51000000000127
1480.59300000000127
1480.75400000000127
1480.78700000000127
1480.87700000000127
1481.17000000000127
1481.36100000000127
1481.47500000000127
1481.54600000000127
1481.65200000000127
1481.81400000000127
1482.11100000000127
1482.44400000000128
1482.58700000000128
1482.70500000000128
1482.85100000000128
1482.94700000000128
1483.02100000000128
1483.24700000000128
1483.56600000000128
1483.69700000000128
1483.76000000000128
1483.85600000000128
1484.04800000000128
1484.16000000000128
1484.32900000000128
1484.50800000000128
1484.64800000000128
1484.79100000000128
1484.95100000000128
1484.98600000000128
1485.08100000000128
1485.09800000000128
1485.14800000000128
1485.23100000000128
1485.54200000000128
1485.69800000000128
1485.83400000000128
1485.99100000000128
1486.05200000000128
1486.15200000000128
1486.43100000000128
1486.59000000000128
1486.71400000000128
1486.88200000000128
1487.01300000000128
1487.14100000000128
1487.90600000000128
1593.88000000000137
1593.98800000000137
1594.11600000000137
1594.24900000000137
1594.38400000000137
1594.52300000000137
1594.65700000000137
1594.78600000000137
1594.91700000000137
1595.04900000000137
1595.19000000000138
1595.33800000000138
1595.46900000000138
1595.60600000000138
1595.74300000000138
1595.87700000000138
1596.04500000000138
1596.17600000000138
1596.31500000000138
1596.45700000000138
1596.59200000000138
1596.73500000000138
1596.88300000000138
1597.01900000000138
1597.17200000000138
1597.30400000000138
1597.46100000000138
1597.60100000000138
1597.74700000000138
1597.89300000000138
1598.03500000000138
1598.19600000000138
1598.35100000000138
1598.47800000000138
1598.62800000000138
1598.75500000000138
1598.92400000000138
1599.04800000000138
1599.18100000000138
1599.31900000000138
1599.45100000000138
1599.59000000000138
1599.73100000000138
1599.86900000000138
1600.00000000000138
1600.14800000000138
1600.28200000000138
1600.43400000000138
1600.58000000000138
1600.70800000000138
1600.87400000000138
1601.01800000000138
1601.13600000000138
1601.27900000000138
1601.42600000000138
1601.57300000000138
1601.72800000000138
1601.84400000000138
1602.01000000000138
1602.15400000000138
1602.31100000000138
1602.44200000000138
1602.45300000000138
1602.58700000000138
1602.71300000000138
1602.86400000000138
1602.99600000000138
1603.13700000000138
1603.27600000000138
1603.41500000000138
1603.57700000000138
1603.71400000000138
1603.86400000000138
1603.98900000000138
1604.13000000000138
1604.27700000000138
1604.40500000000138
1604.56000000000138
1604.69200000000138
1604.82400000000138
1604.98500000000138
1605.11200000000138
1605.25900000000138
1605.38400000000138
1605.51900000000138
1605.69100000000138
1605.83200000000138
1605.97200000000138
1606.09300000000138
1606.25500000000138
1606.42300000000139
1606.55900000000139
1606.70400000000139
1606.85800000000139
1606.99400000000139
1607.13100000000139
1607.27400000000139
1607.41100000000139
1607.56500000000139
1607.71500000000139
1607.85700000000139
1608.02400000000139
1608.16800000000139
1608.32400000000139
1608.46000000000139
1608.61100000000139
1608.75400000000139
1608.90800000000139
1609.05400000000139
1609.19400000000139
1609.34800000000139
1609.48700000000139
1609.64000000000139
1609.80100000000139
1609.94500000000139
1610.06200000000139
1610.65400000000139
1610.79600000000139
1610.94500000000139
1611.10300000000139
1611.24900000000139
1611.41600000000139
1611.57500000000139
1611.72300000000139
1611.86600000000139
1612.01600000000139
1612.03400000000139
1612.16900000000139
1612.31600000000139
1612.46000000000139
1612.61700000000139
1612.77200000000139
1612.90700000000139
1613.06000000000139
1613.19200000000139
1613.35000000000139
1613.51000000000139
1613.66500000000139
1613.81200000000139
1613.96200000000139
1614.09600000000139
1614.24300000000139
1614.38200000000139
1614.50300000000139
1614.65900000000139
1614.80600000000139
1614.94700000000139
1615.09000000000139
1615.23700000000139
1615.37400000000139
1615.52300000000139
1615.67000000000139
1615.80900000000139
1615.96400000000139
1616.11900000000139
1616.25300000000139
1616.40600000000139
1616.56200000000139
1616.71600000000139
1616.86300000000139
1617.01600000000139
1617.17300000000139
1617.34200000000139
1617.47200000000139
1617.5910000000014
1617.7590000000014
1617.9030000000014
1618.0460000000014
1618.1970000000014
1618.3500000000014
1618.5090000000014
1618.6590000000014
1618.8110000000014
1618.9530000000014
1619.0860000000014
1620.0820000000014
1620.2140000000014
1620.3580000000014
1620.5070000000014
1620.6430000000014
1620.7930000000014
1620.9440000000014
1621.0870000000014
1621.2330000000014
1621.3970000000014
1621.5430000000014
1621.6890000000014
1621.8200000000014
1621.9710000000014
1622.1260000000014
1622.2760000000014
1622.4110000000014
1622.5390000000014
1662.27400000000143
1662.39600000000143
1662.52600000000143
1662.66400000000144
1662.80700000000144
1662.94600000000144
1663.09000000000144
1663.21900000000144
1663.35900000000144
1663.49300000000144
1663.63600000000144
1663.77700000000144
1663.93200000000144
1664.07200000000144
1664.20600000000144
1664.36200000000144
1664.50100000000144
1664.62900000000144
1664.77800000000144
1664.93000000000144
1665.07500000000144
1665.22500000000144
1665.36600000000144
1665.52300000000144
1665.66600000000144
1665.81800000000144
1665.97500000000144
1666.11500000000144
1666.28500000000144
1666.41100000000144
1666.57400000000144
1666.72600000000144
1666.86500000000144
1667.00300000000144
1667.14500000000144
1667.30400000000144
1667.44600000000144
1667.60300000000144
1667.73500000000144
1667.89500000000144
1668.02500000000144
1668.17300000000144
1668.35500000000144
1668.48000000000144
1668.61200000000144
1668.77100000000144
1668.90500000000144
1669.04600000000144
1669.18800000000144
1669.32500000000144
1669.47300000000144
1669.64200000000144
1669.77300000000144
1669.93800000000144
1670.08300000000144
1670.25000000000144
1670.38400000000144
1670.54400000000144
1670.68100000000144
1670.84000000000144
1670.97900000000144
1671.13600000000144
1671.29100000000144
1671.43500000000144
1671.56200000000144
1671.73100000000144
1671.87300000000144
1672.03400000000144
1672.17400000000144
1672.34000000000144
1672.47500000000144
1672.57800000000144
1673.41300000000144
1673.55200000000144
1673.69900000000144
1673.83100000000144
1673.98300000000145
1674.10900000000145
1674.70500000000145
1674.72200000000145
1674.96500000000145
1675.11900000000145
1675.30700000000145
1678.95700000000145
1833.85300000000159
1833.95800000000159
1834.08100000000159
1834.21200000000159
1834.34900000000159
1834.59100000000159
1834.70700000000159
1834.84300000000159
1834.97800000000159
1835.12000000000159
1835.25400000000159
1835.38700000000159
1835.50400000000159
2062.83800000000014
2294.54099999997462
2306.79499999997328
2307.87399999997316
303
-3
0.001
0.092
0.39
0.561
0.683
0.827
0.97900000000000001
1.10200000000000001
1.24900000000000001
1.38200000000000002
1.53000000000000002
1.67500000000000002
1.82400000000000003
1.95300000000000003
2.11200000000000003
2.26000000000000003
2.41200000000000004
2.55000000000000004
2.68900000000000004
2.83200000000000005
2.97700000000000005
3.11100000000000005
3.25800000000000006
3.39500000000000006
3.54700000000000006
3.68300000000000006
3.82500000000000007
4.38200000000000008
4.52500000000000008
4.66300000000000008
4.80800000000000009
4.99000000000000009
5.10400000000000009
5.2740000000000001
5.4060000000000001
5.5680000000000001
5.69400000000000011
5.88200000000000011
5.99400000000000011
6.15800000000000012
6.30300000000000012
6.42400000000000012
6.59400000000000012
6.74800000000000013
6.89500000000000013
7.07400000000000013
7.21000000000000014
7.37300000000000014
7.52000000000000014
7.66400000000000015
7.82900000000000015
7.97500000000000015
8.13300000000000016
8.27400000000000016
8.46400000000000016
8.59400000000000017
8.75300000000000017
8.89600000000000017
9.04300000000000018
9.21200000000000018
9.35900000000000018
9.54100000000000019
9.67800000000000019
9.82000000000000019
14.9830000000000003
16.0720000000000003
16.2100000000000001
16.355
16.4979999999999999
16.6409999999999998
16.8149999999999996
16.9479999999999995
17.1029999999999994
17.2539999999999993
17.4009999999999991
17.566999999999999
17.7179999999999989
17.8789999999999987
18.0399999999999986
18.1949999999999985
18.3469999999999983
18.5209999999999982
18.6679999999999981
18.8179999999999979
39.2799999999999932
39.3969999999999933
39.5169999999999934
39.6579999999999936
39.7959999999999937
39.9459999999999938
40.096999999999994
40.2429999999999941
40.3799999999999942
40.5279999999999944
40.6809999999999945
40.8169999999999946
40.9639999999999947
41.1079999999999949
41.250999999999995
41.304999999999995
41.7869999999999955
41.9169999999999956
42.0499999999999957
95.5570000000000432
95.6530000000000433
95.7490000000000434
95.7980000000000434
96.1840000000000438
96.3510000000000439
96.6050000000000442
96.7740000000000443
96.9150000000000444
97.0640000000000446
97.1640000000000447
97.555000000000045
97.8070000000000452
190.807000000000128
191.293000000000128
191.566000000000128
191.724000000000129
192.82000000000013
193.11500000000013
193.46700000000013
193.56700000000013
194.369000000000131
194.701000000000131
358.358000000000277
359.046000000000277
1088.31700000000092
1088.88700000000093
1088.99200000000093
1089.03900000000093
1089.09600000000093
1089.22500000000093
1089.32900000000093
1089.69800000000093
1089.83500000000093
1089.95500000000093
1090.08100000000093
1090.19900000000093
1090.31200000000093
1090.41000000000093
1090.44000000000093
1090.53300000000093
1090.67600000000093
1090.76600000000093
1090.89800000000093
1091.34800000000093
1091.39900000000093
1091.46900000000093
1091.52300000000093
1091.60100000000093
1091.73700000000093
1091.87500000000093
1091.93000000000093
1091.99500000000093
1092.06700000000093
1092.13000000000093
1092.21500000000093
1092.26400000000093
1092.29000000000093
1092.37600000000093
1092.41400000000093
1092.62500000000093
1092.75600000000093
1092.82800000000093
1093.93900000000093
1093.99400000000093
1094.13900000000093
1094.25600000000093
1094.38400000000093
1094.47600000000093
1094.55500000000093
1094.58700000000093
1094.65100000000093
1094.73900000000093
1094.87000000000093
1094.89400000000093
1094.96800000000093
1095.02900000000093
1095.11800000000093
1095.18700000000093
1095.27100000000093
1095.32300000000093
1095.41900000000093
1095.49200000000093
1095.59400000000093
1095.67900000000093
1095.74600000000093
1095.82900000000093
1095.91300000000093
1096.05000000000093
1096.07900000000093
1096.41300000000093
1096.66400000000093
1096.73100000000093
1096.85400000000093
1097.33900000000093
1097.43500000000093
1097.51700000000093
1097.56300000000093
1097.64500000000093
1098.04400000000093
1098.31800000000093
1098.43900000000093
1098.55500000000093
1098.72500000000093
1098.89800000000093
1099.05600000000093
1099.19000000000093
1099.27200000000093
1099.34900000000093
1099.48900000000093
1099.62500000000093
1099.78500000000094
1099.90600000000094
1100.30000000000094
1100.35400000000094
1100.82000000000094
1100.94100000000094
1100.98600000000094
1102.63200000000094
1102.87300000000094
1102.99500000000094
1103.11700000000094
1103.20700000000094
1103.29700000000094
1103.40700000000094
1103.98200000000094
1104.09600000000094
1104.17000000000094
1104.23900000000094
1104.39500000000094
1104.53300000000094
1104.61400000000094
1104.68000000000094
1104.72000000000094
1104.80800000000094
1107.89100000000094
1108.02300000000094
1108.32600000000094
1362.97900000000117
1363.13500000000117
1363.19800000000117
1363.44900000000117
1363.52200000000117
1363.64700000000117
1363.99200000000117
1364.04100000000117
1364.43200000000117
1364.54700000000117
1364.67600000000117
1365.80500000000117
1366.00200000000117
1366.27600000000117
1367.16400000000117
1367.72500000000117
1367.86500000000117
1367.93900000000117
1368.21000000000117
1368.52700000000117
1368.60400000000117
1368.73200000000117
1368.88100000000117
1368.99800000000117
1369.31400000000117
1369.60100000000117
1370.24000000000118
1370.55700000000118
1370.90700000000118
1371.00700000000118
1580.45400000000136
1580.56100000000136
1580.67400000000136
1580.76500000000136
1580.90600000000136
1580.93800000000136
1581.06000000000136
1581.17400000000136
1582.30800000000136
1582.44200000000136
1582.52900000000136
1582.63800000000136
1582.79800000000136
1582.91600000000136
1583.22300000000136
1583.35400000000136
1583.88300000000136
1584.02200000000137
1584.16000000000137
1584.32100000000137
1584.72000000000137
1585.05600000000137
1585.17400000000137
1585.80900000000137
1585.96100000000137
1795.05100000000155
1795.15200000000155
1795.35800000000155
1795.68500000000155
1796.16400000000155
1796.28200000000155
1796.38400000000155
-4
0.008
0.139
0.505
0.598
0.738
0.88400000000000001
1.02200000000000001
1.16500000000000001
1.30000000000000001
1.44300000000000002
1.58200000000000002
1.72800000000000002
1.86700000000000003
2.01900000000000003
2.17400000000000003
2.32200000000000004
2.46100000000000004
2.59900000000000004
2.74100000000000004
2.88800000000000005
3.02500000000000005
3.16800000000000005
3.30500000000000006
3.44400000000000006
3.59500000000000006
3.73500000000000006
3.87600000000000007
4.43700000000000008
4.58000000000000008
4.72200000000000009
4.88200000000000009
5.02900000000000009
5.18000000000000009
5.3210000000000001
5.4770000000000001
5.6150000000000001
5.76800000000000011
5.91800000000000011
6.07000000000000011
6.21800000000000012
6.35300000000000012
6.51000000000000012
6.65900000000000013
6.81600000000000013
6.96700000000000013
7.12900000000000014
7.28500000000000014
7.44600000000000014
7.58600000000000014
7.73800000000000015
7.90700000000000015
8.04900000000000015
8.20900000000000016
8.35800000000000016
8.51900000000000016
8.67400000000000017
8.82000000000000017
8.96200000000000017
9.12300000000000018
9.27200000000000018
9.43500000000000018
9.60100000000000019
9.74600000000000019
9.90400000000000019
15.0120000000000003
16.1370000000000002
16.2740000000000001
16.417
16.5639999999999998
16.7229999999999997
16.8739999999999996
17.0269999999999994
17.1719999999999993
17.3249999999999992
17.4839999999999991
17.6379999999999989
17.7979999999999988
17.9539999999999987
18.1139999999999985
18.2679999999999984
18.4189999999999983
18.5859999999999981
18.734999999999998
18.8509999999999979
39.3249999999999933
39.4469999999999934
39.5819999999999935
39.7249999999999936
39.8739999999999938
40.0239999999999939
40.172999999999994
40.3039999999999942
40.4519999999999943
40.5969999999999944
40.7429999999999945
40.8889999999999947
41.0289999999999948
41.1659999999999949
41.271999999999995
41.3879999999999951
41.8409999999999955
41.9649999999999956
42.1119999999999958
95.6000000000000433
95.7260000000000434
95.7640000000000434
95.8610000000000435
96.2500000000000438
96.393000000000044
96.6320000000000442
96.8240000000000444
96.9520000000000445
97.1040000000000446
97.1990000000000447
97.603000000000045
97.8680000000000453
190.838000000000128
191.315000000000128
191.636000000000129
191.787000000000129
192.84000000000013
193.18800000000013
193.54900000000013
193.66400000000013
194.622000000000131
194.731000000000131
358.383000000000277
359.067000000000277
1088.34200000000092
1088.93100000000093
1089.03000000000093
1089.08300000000093
1089.17000000000093
1089.26600000000093
1089.40500000000093
1089.78300000000093
1089.89900000000093
1090.02600000000093
1090.14200000000093
1090.24100000000093
1090.39200000000093
1090.43100000000093
1090.51800000000093
1090.64500000000093
1090.76200000000093
1090.88300000000093
1091.01100000000093
1091.39600000000093
1091.43000000000093
1091.52100000000093
1091.55900000000093
1091.68000000000093
1091.82600000000093
1091.91900000000093
1091.94300000000093
1092.04300000000093
1092.07700000000093
1092.20300000000093
1092.24300000000093
1092.28000000000093
1092.37000000000093
1092.39000000000093
1092.60200000000093
1092.70500000000093
1092.81900000000093
1093.50500000000093
1093.98700000000093
1094.11400000000093
1094.24200000000093
1094.38000000000093
1094.43000000000093
1094.53400000000093
1094.56300000000093
1094.64700000000093
1094.70700000000093
1094.86800000000093
1094.87900000000093
1094.96200000000093
1094.99000000000093
1095.10500000000093
1095.13700000000093
1095.24100000000093
1095.27700000000093
1095.38800000000093
1095.43200000000093
1095.57800000000093
1095.60200000000093
1095.72300000000093
1095.78200000000093
1095.90200000000093
1096.03100000000093
1096.07600000000093
1096.36100000000093
1096.43300000000093
1096.69800000000093
1096.78800000000093
1096.91700000000093
1097.38800000000093
1097.49400000000093
1097.53500000000093
1097.62500000000093
1097.66200000000093
1098.17900000000093
1098.35300000000093
1098.47900000000093
1098.60400000000093
1098.77100000000093
1098.94000000000093
1099.11700000000093
1099.24800000000093
1099.28400000000093
1099.40200000000093
1099.54700000000093
1099.68400000000093
1099.84200000000094
1099.94200000000094
1100.31400000000094
1100.44100000000094
1100.86700000000094
1100.97500000000094
1101.64400000000094
1102.85600000000094
1102.94500000000094
1103.06800000000094
1103.13600000000094
1103.26500000000094
1103.39200000000094
1103.61800000000094
1104.03000000000094
1104.14800000000094
1104.18700000000094
1104.30500000000094
1104.45100000000094
1104.59700000000094
1104.64400000000094
1104.71800000000094
1104.74800000000094
1104.82700000000094
1107.90900000000094
1108.04600000000094
1108.36800000000094
1363.02100000000117
1363.15300000000117
1363.24400000000117
1363.46300000000117
1363.57600000000117
1363.78900000000117
1364.01100000000117
1364.16600000000117
1364.47600000000117
1364.59900000000117
1364.73000000000117
1365.89300000000117
1366.12500000000117
1366.33800000000117
1367.21200000000117
1367.80300000000117
1367.91800000000117
1367.94900000000117
1368.22900000000117
1368.55300000000117
1368.70300000000117
1368.79500000000117
1368.90100000000117
1369.05500000000117
1369.35400000000117
1369.91800000000118
1370.28500000000118
1370.61400000000118
1370.93200000000118
1371.05000000000118
1580.48900000000136
1580.56800000000136
1580.72500000000136
1580.88400000000136
1580.93500000000136
1580.95100000000136
1581.12400000000136
1581.28300000000136
1582.35100000000136
1582.46000000000136
1582.60200000000136
1582.69900000000136
1582.83600000000136
1582.95100000000136
1583.27500000000136
1583.37300000000136
1583.96400000000137
1584.10700000000137
1584.26600000000137
1584.42600000000137
1584.76600000000137
1585.12200000000137
1585.24900000000137
1585.88000000000137
1586.04000000000137
1795.07500000000155
1795.19700000000155
1795.41200000000155
1795.73000000000155
1796.21200000000155
1796.33000000000155
1796.58500000000155
0
0
0
0
0
0
0
0
0
0
0
0
0
3600.00099999983085
0
0
0
0
0
0
