10
10
18
10
10
18
IPP2.14
sacchDay2
0
2
7
50
43
8
57
52
22
4
.3
1
206
206
1
70
70
1
1
1
1
1
1
1
1
1
1
1
1
1
1
1
1
1
1
1
1
205
-1
58.2450000000000101
154.974000000000096
325.396000000000247
325.607000000000248
326.200000000000248
326.340000000000248
326.586000000000248
326.667000000000248
326.969000000000249
327.128000000000249
328.28800000000025
328.46300000000025
328.64200000000025
465.754000000000372
465.986000000000372
466.170000000000372
466.425000000000373
466.820000000000373
531.13900000000043
532.579000000000431
532.668000000000431
532.796000000000432
532.929000000000432
533.062000000000432
533.735000000000432
533.852000000000432
535.672000000000434
535.776000000000434
535.864000000000434
536.112000000000434
536.228000000000435
536.372000000000435
537.815000000000436
539.373000000000437
539.883000000000438
539.972000000000438
540.116000000000438
540.199000000000438
540.335000000000438
540.580000000000438
540.722000000000439
540.815000000000439
540.995000000000439
541.103000000000439
542.36900000000044
543.090000000000441
543.687000000000441
544.029000000000442
544.064000000000442
544.581000000000442
547.028000000000444
692.947000000000574
693.305000000000574
1200.80300000000102
1201.95100000000103
1202.55600000000103
1202.83800000000103
1202.97400000000103
1203.58400000000103
1203.86600000000103
1204.00700000000103
1204.19700000000103
1204.21500000000103
1204.62500000000103
1205.13500000000103
1205.26500000000103
1205.66400000000103
1206.33300000000103
1206.42000000000103
1288.5300000000011
1456.95400000000125
1458.31800000000125
1459.15100000000125
1460.54600000000126
1461.50200000000126
1462.31300000000126
1462.46500000000126
1462.89000000000126
1463.03000000000126
1463.33900000000126
1463.81600000000126
1463.95300000000126
1465.46400000000126
1465.86600000000126
1466.25600000000126
1467.37600000000126
1467.66100000000126
1468.50900000000126
1468.65700000000126
1468.91200000000126
1469.02400000000126
1469.62200000000126
1469.88400000000126
1470.03700000000126
1470.20600000000126
1470.35700000000126
1470.49200000000126
1470.75300000000126
1471.02100000000126
1473.04600000000127
1473.20500000000127
1473.61200000000127
1473.75800000000127
1473.92900000000127
1474.06300000000127
1474.21800000000127
1474.33500000000127
1474.46900000000127
1475.67500000000127
1475.83500000000127
1475.96400000000127
1476.91500000000127
1477.06700000000127
1477.34500000000127
1477.47500000000127
1477.75100000000127
1478.08300000000127
1478.20200000000127
1478.34000000000127
1478.60100000000127
1479.02700000000127
1479.35100000000127
1479.53200000000127
1479.70600000000127
1479.83400000000127
1481.85100000000127
1482.02900000000127
1482.17800000000127
1482.36800000000127
1482.49800000000128
1482.59500000000128
1485.37300000000128
1485.50400000000128
1485.65700000000128
1485.83900000000128
1485.96700000000128
1486.15200000000128
1486.29300000000128
1486.42600000000128
1486.74500000000128
1486.87400000000128
1487.05700000000128
1487.19900000000128
1487.36900000000128
1489.14900000000128
1489.30300000000128
1489.44800000000128
1489.61700000000128
1489.76000000000128
1489.92400000000128
1490.04900000000128
1490.17200000000128
1490.29800000000128
1490.42900000000128
1490.84800000000128
1491.70900000000128
1491.95400000000128
1492.37000000000128
1492.50300000000128
1492.67300000000128
1492.83300000000128
1492.99200000000128
1493.16400000000128
1493.28700000000128
1493.44800000000128
1493.60900000000128
1493.73600000000128
1493.85200000000128
1494.10200000000129
1498.00900000000129
1498.22100000000129
1498.49600000000129
1499.26100000000129
1500.27000000000129
1500.44400000000129
1500.60500000000129
1500.74700000000129
1500.87800000000129
1501.01300000000129
1501.15000000000129
1501.26700000000129
1501.39200000000129
1501.52700000000129
1501.69700000000129
1501.84400000000129
1503.25200000000129
1503.40100000000129
1503.56800000000129
1503.69300000000129
1503.85300000000129
1504.78900000000129
1504.9510000000013
1505.0890000000013
1505.7710000000013
1505.9220000000013
1506.0870000000013
1506.4570000000013
1506.9130000000013
1506.9710000000013
2077.34299999999855
2077.7779999999985
2077.89999999999848
2078.85899999999838
2079.02199999999836
2467.76099999995555
-2
58.2740000000000101
155.005000000000096
325.435000000000247
325.638000000000248
326.278000000000248
326.427000000000248
326.627000000000248
326.680000000000248
327.025000000000249
327.175000000000249
328.31000000000025
328.47400000000025
328.67000000000025
465.801000000000372
466.019000000000372
466.207000000000372
466.444000000000373
466.869000000000373
531.16600000000043
532.599000000000431
532.726000000000431
532.850000000000432
532.993000000000432
533.100000000000432
533.763000000000432
533.888000000000432
535.717000000000434
535.807000000000434
535.938000000000434
536.180000000000435
536.311000000000435
536.434000000000435
537.853000000000436
539.434000000000437
539.900000000000438
540.032000000000438
540.165000000000438
540.292000000000438
540.409000000000438
540.650000000000439
540.774000000000439
540.903000000000439
541.040000000000439
541.160000000000439
542.42700000000044
543.127000000000441
543.713000000000441
544.040000000000442
544.114000000000442
544.617000000000442
547.076000000000444
692.991000000000574
693.324000000000574
1200.87800000000102
1202.02100000000103
1202.60400000000103
1202.91600000000103
1203.07300000000103
1203.60800000000103
1203.97600000000103
1204.12700000000103
1204.20600000000103
1204.27300000000103
1204.73600000000103
1205.24600000000103
1205.66100000000103
1206.24600000000103
1206.36500000000103
1206.59400000000103
1288.5580000000011
1456.98800000000125
1458.34900000000125
1459.19900000000125
1460.58600000000126
1461.53700000000126
1462.34500000000126
1462.50700000000126
1462.91100000000126
1463.10300000000126
1463.39200000000126
1463.86800000000126
1463.98000000000126
1465.51300000000126
1465.91200000000126
1466.29000000000126
1467.43300000000126
1467.69100000000126
1468.55500000000126
1468.70200000000126
1468.92700000000126
1469.04700000000126
1469.66400000000126
1469.91500000000126
1470.09200000000126
1470.24900000000126
1470.39800000000126
1470.52500000000126
1470.79300000000126
1471.08500000000126
1473.10700000000127
1473.25300000000127
1473.66500000000127
1473.83900000000127
1473.97400000000127
1474.10400000000127
1474.23200000000127
1474.37800000000127
1474.50600000000127
1475.72600000000127
1475.86400000000127
1476.04300000000127
1476.96500000000127
1477.13300000000127
1477.38700000000127
1477.51200000000127
1477.79800000000127
1478.10200000000127
1478.24700000000127
1478.37900000000127
1478.64100000000127
1479.11000000000127
1479.43700000000127
1479.62000000000127
1479.74800000000127
1479.87700000000127
1481.91400000000127
1482.05900000000127
1482.26200000000127
1482.39300000000127
1482.58100000000128
1482.64000000000128
1485.39600000000128
1485.55700000000128
1485.72600000000128
1485.87000000000128
1486.05200000000128
1486.20200000000128
1486.31100000000128
1486.49300000000128
1486.77300000000128
1486.95900000000128
1487.10000000000128
1487.26600000000128
1487.41800000000128
1489.19900000000128
1489.35700000000128
1489.51000000000128
1489.64600000000128
1489.81800000000128
1489.95200000000128
1490.08700000000128
1490.21100000000128
1490.33700000000128
1490.45900000000128
1490.86400000000128
1491.74500000000128
1491.99800000000128
1492.39100000000128
1492.55900000000128
1492.72000000000128
1492.89400000000128
1493.06900000000128
1493.20100000000128
1493.34800000000128
1493.52000000000128
1493.64100000000128
1493.76400000000128
1493.88100000000129
1494.13100000000129
1498.02900000000129
1498.24300000000129
1498.55200000000129
1499.30100000000129
1500.34000000000129
1500.50200000000129
1500.65700000000129
1500.78700000000129
1500.92800000000129
1501.04900000000129
1501.17100000000129
1501.30000000000129
1501.43400000000129
1501.57800000000129
1501.74200000000129
1501.92900000000129
1503.30200000000129
1503.46300000000129
1503.59300000000129
1503.75600000000129
1503.87400000000129
1504.85200000000129
1504.9960000000013
1505.1170000000013
1505.8190000000013
1505.9870000000013
1506.1210000000013
1506.4760000000013
1506.9510000000013
1507.3990000000013
2077.37899999999854
2077.82699999999849
2077.95099999999848
2078.87599999999838
2079.04499999999836
2467.77699999995555
69
-3
49.3370000000000022
49.6220000000000024
49.9470000000000027
50.262000000000003
50.3890000000000031
50.7070000000000034
51.0580000000000037
51.417000000000004
51.6250000000000042
245.673000000000177
245.793000000000177
245.922000000000177
246.046000000000177
246.150000000000177
246.230000000000177
246.291000000000177
246.774000000000178
246.871000000000178
246.994000000000178
247.119000000000178
247.242000000000178
247.474000000000178
247.534000000000178
247.621000000000178
247.686000000000178
247.759000000000178
247.880000000000179
248.094000000000179
248.205000000000179
248.316000000000179
248.428000000000179
248.545000000000179
248.665000000000179
248.792000000000179
248.927000000000179
249.02500000000018
249.13100000000018
249.24400000000018
249.36200000000018
249.61900000000018
249.73200000000018
249.85900000000018
249.97600000000018
250.09700000000018
250.214000000000181
250.331000000000181
250.466000000000181
250.723000000000181
250.831000000000181
250.958000000000181
251.080000000000181
251.717000000000182
251.841000000000182
251.977000000000182
318.248000000000241
318.991000000000242
319.460000000000242
319.622000000000242
379.332000000000295
379.906000000000296
381.088000000000297
381.133000000000297
381.206000000000297
1162.15800000000099
1634.62200000000141
2030.18800000000176
2030.30500000000176
2030.69600000000176
2043.41000000000177
-4
49.3740000000000022
49.6770000000000025
49.9930000000000028
50.3410000000000031
50.4460000000000032
50.7860000000000035
51.1220000000000038
51.4680000000000041
51.6660000000000042
245.718000000000177
245.838000000000177
245.939000000000177
246.077000000000177
246.212000000000177
246.243000000000177
246.328000000000177
246.793000000000178
246.912000000000178
247.033000000000178
247.152000000000178
247.262000000000178
247.512000000000178
247.556000000000178
247.651000000000178
247.703000000000178
247.805000000000178
247.909000000000179
248.127000000000179
248.243000000000179
248.355000000000179
248.467000000000179
248.593000000000179
248.721000000000179
248.832000000000179
248.956000000000179
249.06400000000018
249.17100000000018
249.27900000000018
249.39400000000018
249.65400000000018
249.78000000000018
249.90000000000018
250.02200000000018
250.140000000000181
250.250000000000181
250.391000000000181
250.507000000000181
250.759000000000181
250.879000000000181
251.001000000000181
251.116000000000181
251.760000000000182
251.887000000000182
252.006000000000182
318.278000000000241
319.094000000000242
319.555000000000242
319.702000000000242
379.429000000000295
380.127000000000296
381.098000000000297
381.204000000000297
381.214000000000297
1162.18500000000099
1634.63700000000141
2030.21800000000176
2030.35600000000176
2030.71600000000176
2043.44900000000177
0
0
0
0
0
0
0
0
0
0
0
0
0
3600.00099999983085
0
0
0
0
0
0
