8
13
19
8
13
19
IPPneo1.13
sacch3
0
1
12
02
19
13
04
28
22
4
.3
1
820
820
1
761
761
1
1
1
1
1
1
1
1
1
1
1
1
1
1
1
1
1
1
1
1
819
-1
35.3339999999999897
35.4679999999999899
35.60999999999999
35.7469999999999901
35.8599999999999902
35.9979999999999903
36.1369999999999904
36.2679999999999906
36.4109999999999907
36.5429999999999908
36.6819999999999909
36.792999999999991
36.9399999999999912
37.0589999999999913
37.2019999999999914
37.3249999999999915
37.4589999999999916
37.5879999999999917
37.7259999999999919
37.859999999999992
37.9569999999999921
38.1119999999999922
38.2289999999999923
38.3759999999999924
38.5069999999999926
38.6399999999999927
38.7719999999999928
38.9179999999999929
39.060999999999993
39.2079999999999932
39.3329999999999933
39.4819999999999934
39.6149999999999935
39.7369999999999936
39.8749999999999938
40.0029999999999939
40.136999999999994
40.2689999999999941
40.4049999999999942
40.5449999999999944
40.6849999999999945
40.8259999999999946
40.9549999999999947
41.1059999999999949
41.246999999999995
41.3789999999999951
41.5149999999999952
41.6579999999999954
41.7999999999999955
41.9419999999999956
42.0839999999999957
42.2459999999999959
42.373999999999996
42.5379999999999961
42.6799999999999963
42.8259999999999964
45.4209999999999987
45.5029999999999988
45.6459999999999989
45.775999999999999
45.9149999999999991
46.0609999999999993
46.2059999999999994
46.3639999999999995
46.5059999999999997
46.6439999999999998
46.7929999999999999
46.943
47.0960000000000002
47.2490000000000003
47.3860000000000004
47.5360000000000006
47.6750000000000007
47.8130000000000008
47.9570000000000009
48.0930000000000011
48.2470000000000012
48.4030000000000013
48.5370000000000015
48.6670000000000016
48.8200000000000017
49.4680000000000023
49.5910000000000024
49.7490000000000025
49.8930000000000027
50.0270000000000028
50.1750000000000029
50.313000000000003
50.4650000000000032
59.6070000000000113
59.7350000000000114
59.8830000000000115
60.0320000000000117
60.1820000000000118
60.3330000000000119
60.4860000000000121
60.6420000000000122
60.7940000000000124
60.9350000000000125
61.1010000000000126
61.2420000000000127
61.6750000000000131
61.7740000000000132
61.9250000000000134
62.0670000000000135
62.2110000000000136
62.3580000000000137
62.5020000000000139
62.9170000000000142
63.0250000000000143
63.1840000000000145
63.3320000000000146
64.3420000000000155
64.4280000000000156
64.5830000000000157
64.7330000000000158
64.884000000000016
65.0600000000000161
65.2010000000000163
65.3610000000000164
65.5010000000000165
65.6560000000000167
65.8060000000000168
65.9590000000000169
66.1040000000000171
66.2500000000000172
66.3930000000000173
66.5340000000000174
66.6730000000000176
66.8370000000000177
66.9730000000000178
67.131000000000018
67.2930000000000181
67.4360000000000182
67.5760000000000184
67.7230000000000185
68.232000000000019
68.3720000000000191
68.5240000000000192
68.6710000000000193
68.8100000000000195
68.9550000000000196
69.1200000000000197
69.6550000000000202
69.7650000000000203
69.9190000000000204
70.0710000000000206
70.2170000000000207
70.3610000000000208
70.518000000000021
83.1260000000000322
83.2510000000000323
83.3850000000000324
83.5240000000000325
83.6780000000000327
83.8200000000000328
83.9650000000000329
84.1100000000000331
84.2620000000000332
84.4160000000000333
84.5770000000000335
84.7480000000000336
84.9170000000000338
85.0840000000000339
85.2320000000000341
85.3960000000000342
85.5590000000000344
85.7000000000000345
85.8600000000000346
86.0130000000000348
86.1710000000000349
86.308000000000035
86.4610000000000351
86.6140000000000353
86.7630000000000354
86.9160000000000356
87.0670000000000357
87.2090000000000358
87.3420000000000359
87.4920000000000361
87.6410000000000362
87.7840000000000363
87.9310000000000364
88.0680000000000366
88.2270000000000367
88.3500000000000368
88.514000000000037
88.6730000000000371
88.8030000000000372
89.5670000000000379
89.690000000000038
89.8220000000000381
89.9620000000000383
90.1050000000000384
90.2490000000000385
90.4040000000000386
90.5600000000000388
95.1590000000000429
95.284000000000043
95.4160000000000431
95.5450000000000432
95.6870000000000433
95.8490000000000435
95.9850000000000436
96.1340000000000437
96.2790000000000439
96.423000000000044
96.5660000000000441
96.7100000000000442
96.8570000000000444
96.9980000000000445
97.1380000000000446
97.2850000000000448
97.4320000000000449
97.568000000000045
97.7090000000000451
97.8480000000000453
98.1300000000000455
98.2480000000000456
98.4030000000000458
98.5380000000000459
98.677000000000046
98.8190000000000461
98.9610000000000462
99.0980000000000464
99.2470000000000465
99.3770000000000466
99.5270000000000468
99.6550000000000469
99.804000000000047
99.9530000000000471
100.1040000000000473
100.5370000000000476
100.6450000000000477
100.8060000000000479
101.3630000000000484
101.4660000000000485
101.6230000000000486
101.7720000000000487
102.3350000000000492
102.4790000000000494
102.6160000000000495
103.22100000000005
103.3260000000000501
103.4760000000000503
103.6270000000000504
143.105000000000085
143.218000000000086
143.340000000000086
143.465000000000086
143.598000000000086
143.735000000000086
143.871000000000086
144.020000000000086
144.552000000000087
144.865000000000087
145.012000000000087
145.166000000000087
145.475000000000088
145.701000000000088
145.836000000000088
145.979000000000088
146.131000000000088
146.286000000000088
146.464000000000088
146.704000000000089
146.846000000000089
147.044000000000089
148.34000000000009
149.409000000000091
149.804000000000091
149.918000000000092
150.071000000000092
150.199000000000092
150.423000000000092
215.130000000000149
239.184000000000171
239.739000000000171
240.108000000000172
335.797000000000257
335.918000000000257
336.073000000000257
336.199000000000257
336.342000000000257
336.490000000000257
336.635000000000257
336.787000000000257
336.929000000000258
337.084000000000258
337.242000000000258
337.409000000000258
337.669000000000258
337.829000000000258
337.985000000000259
338.134000000000259
340.17600000000026
340.492000000000261
340.607000000000261
340.740000000000261
340.852000000000261
340.997000000000261
341.483000000000262
341.755000000000262
341.842000000000262
342.007000000000262
343.079000000000263
374.578000000000291
443.676000000000352
443.783000000000352
490.512000000000394
490.633000000000394
490.763000000000394
490.905000000000394
491.059000000000394
491.206000000000395
491.366000000000395
491.528000000000395
491.676000000000395
491.840000000000395
492.448000000000396
492.589000000000396
492.739000000000396
492.898000000000396
493.060000000000396
493.224000000000396
493.596000000000397
493.740000000000397
493.872000000000397
494.034000000000397
494.196000000000397
494.361000000000397
494.536000000000398
494.706000000000398
494.877000000000398
495.050000000000398
495.234000000000398
498.776000000000401
498.925000000000401
499.061000000000402
499.227000000000402
499.395000000000402
499.560000000000402
499.734000000000402
499.903000000000402
500.078000000000402
500.993000000000403
502.451000000000405
502.743000000000405
502.862000000000405
503.054000000000405
503.229000000000405
503.418000000000405
503.694000000000406
503.857000000000406
504.437000000000406
504.615000000000407
504.896000000000407
505.432000000000407
661.320000000000546
661.688000000000546
661.816000000000546
661.955000000000546
662.101000000000546
662.397000000000547
662.528000000000547
662.687000000000547
662.880000000000547
663.033000000000547
663.128000000000547
665.162000000000549
665.306000000000549
665.440000000000549
665.59200000000055
665.75200000000055
665.94500000000055
666.07600000000055
666.24400000000055
667.069000000000551
667.222000000000551
667.384000000000551
667.557000000000551
667.733000000000551
667.908000000000552
668.084000000000552
668.276000000000552
672.147000000000555
673.002000000000556
673.173000000000556
673.327000000000556
673.474000000000556
673.625000000000557
673.798000000000557
728.372000000000605
729.702000000000606
730.036000000000607
730.123000000000607
730.312000000000607
730.430000000000607
730.577000000000607
753.447000000000628
753.574000000000628
753.711000000000628
753.860000000000628
754.025000000000628
807.175000000000675
807.332000000000675
807.457000000000676
807.595000000000676
807.735000000000676
807.903000000000676
834.019000000000699
835.3850000000007
835.6190000000007
835.739000000000701
835.887000000000701
836.043000000000701
836.191000000000701
836.383000000000701
838.289000000000703
838.777000000000703
838.805000000000703
838.990000000000704
839.146000000000704
839.307000000000704
856.597000000000719
856.807000000000719
857.20600000000072
857.45200000000072
857.57800000000072
857.71800000000072
857.87400000000072
858.03800000000072
915.175000000000771
915.387000000000771
915.510000000000771
915.642000000000772
915.820000000000772
915.960000000000772
1008.958000000000854
1009.077000000000854
1009.224000000000855
1009.356000000000855
1009.513000000000855
1064.5450000000009
1064.6580000000009
1064.8800000000009
1065.0310000000009
1065.1690000000009
1065.1790000000009
1065.3660000000009
1065.5380000000009
1065.7050000000009
1066.17400000000091
1066.86900000000091
1067.22900000000091
1067.32800000000091
1067.64700000000091
1067.75900000000091
1067.89100000000091
1068.03300000000091
1068.18800000000091
1068.36100000000091
1068.87900000000091
1068.98400000000091
1069.35600000000091
1069.49500000000091
1069.65700000000091
1069.83200000000091
1070.01500000000091
1081.51900000000092
1082.02800000000092
1082.15200000000092
1082.28200000000092
1082.44100000000092
1082.60700000000092
1082.78100000000092
1082.94300000000092
1083.10300000000092
1083.26800000000092
1083.43400000000092
1083.57700000000092
1083.76300000000092
1083.93300000000092
1084.11000000000092
1084.28800000000092
1084.68300000000092
1085.05300000000092
1085.17900000000092
1085.36600000000092
1085.51800000000092
1085.67900000000092
1085.84900000000092
1086.02600000000092
1086.19300000000092
1086.40500000000092
1086.96200000000092
1087.12300000000092
1087.29800000000092
1087.48400000000092
1087.66400000000092
1087.85300000000092
1088.04400000000092
1088.21100000000092
1088.39100000000092
1088.59300000000093
1088.81400000000093
1089.01200000000093
1089.79200000000093
1089.89600000000093
1089.99400000000093
1090.10500000000093
1090.23900000000093
1090.33600000000093
1090.42700000000093
1090.62400000000093
1090.76300000000093
1090.91700000000093
1091.01500000000093
1091.12600000000093
1091.60400000000093
1091.79900000000093
1091.90600000000093
1092.25700000000093
1092.36400000000093
1092.53000000000093
1092.67500000000093
1092.88100000000093
1093.04000000000093
1093.20300000000093
1093.37700000000093
1093.57100000000093
1093.74500000000093
1093.93800000000093
1098.33700000000093
1099.89700000000094
1100.12300000000094
1100.44200000000094
1100.44800000000094
1100.72300000000094
1100.81400000000094
1101.63400000000094
1102.20600000000094
1102.31700000000094
1103.19400000000094
1103.61200000000094
1103.62600000000094
1103.82200000000094
1104.42200000000094
1104.51400000000094
1104.74100000000094
1104.89200000000094
1105.05400000000094
1105.20500000000094
1105.38200000000094
1105.59100000000094
1105.77200000000094
1105.96600000000094
1106.14600000000094
1106.34000000000094
1106.51700000000094
1110.59400000000094
1110.71400000000094
1110.83700000000094
1110.90900000000094
1111.12600000000095
1111.37400000000095
1111.44400000000095
1111.59000000000095
1111.75800000000095
1111.91700000000095
1112.07600000000095
1112.26700000000095
1112.44400000000095
1112.62900000000095
1112.80400000000095
1112.97800000000095
1113.15700000000095
1113.33400000000095
1113.51100000000095
1113.69400000000095
1113.87600000000095
1114.24000000000095
1114.33100000000095
1114.48100000000095
1114.57900000000095
1114.89700000000095
1114.98800000000095
1115.08200000000095
1115.19000000000095
1116.52300000000095
1116.63400000000095
1116.79000000000095
1116.97100000000095
1117.13600000000095
1117.25200000000095
1117.51000000000095
1117.63900000000095
1118.13900000000095
1118.37700000000095
1118.66500000000095
1118.91500000000095
1118.99500000000095
1119.09400000000095
1119.19800000000095
1119.48200000000095
1120.25400000000095
1120.55700000000095
1121.02300000000095
1121.48500000000095
1121.57900000000095
1121.70800000000095
1121.97800000000095
1122.14700000000095
1122.31800000000096
1122.48800000000096
1135.71300000000097
1135.92500000000097
1136.06200000000097
1136.19400000000097
1136.40800000000097
1136.53500000000097
1136.68000000000097
1136.84100000000097
1137.00100000000097
1137.17000000000097
1214.59200000000104
1215.73200000000104
1215.89300000000104
1216.05000000000104
1361.41700000000117
1361.63500000000117
1361.76600000000117
1361.78100000000117
1361.90800000000117
1362.07000000000117
1362.29500000000117
1362.45800000000117
1362.61800000000117
1362.77900000000117
1457.39200000000125
1457.50200000000125
1476.97200000000127
1557.04600000000134
1557.17000000000134
1683.65100000000145
2166.01999999998878
2206.48099999998432
2208.14799999998414
2208.31299999998412
2208.5419999999841
2208.70399999998408
2208.88299999998406
2209.06899999998404
2209.27999999998401
2209.78799999998396
2209.93999999998394
2210.12899999998392
2210.3129999999839
2210.50899999998388
2210.71399999998386
2210.96699999998383
2211.1939999999838
2280.73399999997615
2285.89599999997558
2291.39999999997497
2295.49499999997452
2295.61399999997451
2295.80099999997449
2295.95199999997447
2296.12799999997445
2296.35799999997442
2296.5609999999744
2296.73299999997438
2296.89699999997437
2297.08399999997434
2297.26399999997432
2297.44099999997431
2297.62199999997429
2298.23799999997422
2298.3959999999742
2298.57499999997418
2298.76199999997416
2298.95699999997414
2299.13599999997412
2299.3229999999741
2299.51799999997408
2299.70699999997406
2299.89799999997403
2300.09399999997401
2300.28499999997399
2300.49599999997397
2300.69699999997395
2300.90799999997392
2301.0989999999739
2301.61199999997385
2301.79699999997383
2301.85099999997382
2302.16899999997378
2302.54799999997374
2302.86399999997371
2302.99799999997369
2303.32199999997366
2303.74799999997361
2303.79899999997361
2304.33799999997355
2304.51399999997353
2550.70099999994641
2551.19699999994636
2551.32399999994634
2551.47599999994633
2551.65699999994631
2551.83699999994629
2552.17499999994625
2552.31099999994624
2552.44799999994622
2584.27499999994272
2584.4049999999427
2584.72699999994267
2584.86599999994265
2616.24999999993919
2616.73399999993914
2616.85099999993913
2616.96399999993912
2617.24399999993908
2619.17599999993887
2623.30899999993842
2623.57199999993839
2623.79899999993836
2626.88099999993802
2627.062999999938
2627.18399999993799
2627.31599999993797
2627.44999999993796
2627.58199999993795
2627.59799999993794
2627.72999999993793
2627.90799999993791
2628.06799999993789
2628.23199999993787
2628.41199999993785
2628.57499999993784
2628.73799999993782
2628.9119999999378
2629.09699999993778
2629.28599999993776
2629.46799999993774
2629.65799999993772
2629.8489999999377
2630.56499999993762
2630.7309999999376
2630.90699999993758
2631.08199999993756
2631.26699999993754
2631.44599999993752
2631.6299999999375
2631.74799999993749
2631.88099999993747
2632.07799999993745
2632.26999999993743
2632.46599999993741
2632.64799999993739
2632.84399999993737
2633.07799999993734
2633.50699999993729
2633.70399999993727
2633.89899999993725
2634.08499999993723
2634.3339999999372
2634.58499999993717
2636.74499999993694
2637.17899999993689
2637.67299999993683
2638.55899999993674
2638.57399999993674
2658.16799999993458
2660.82799999993428
2660.93499999993427
2661.32699999993423
2661.43399999993422
2661.67399999993419
2661.91799999993416
2662.05499999993415
2662.26699999993413
2662.44099999993411
2662.59699999993409
2662.80599999993407
2662.98299999993405
2663.16899999993403
2663.35199999993401
2663.53999999993399
2800.02299999991895
2800.83299999991886
2800.95799999991885
2801.12299999991883
2801.28899999991881
2801.4489999999188
2801.60899999991878
2801.84199999991875
3009.45999999989589
3009.70899999989586
3010.16399999989581
3010.2779999998958
3010.38399999989579
3010.52999999989577
3010.55299999989577
3010.65299999989576
3010.81499999989574
3010.95799999989572
3011.1679999998957
3318.51599999986185
3318.76999999986182
3318.89699999986181
3319.07699999986179
3319.49099999986174
3377.36699999985537
3538.83899999983758
3538.92499999983758
3539.23499999983754
3539.37999999983753
-2
35.3699999999999898
35.5329999999999899
35.67699999999999
35.7909999999999901
35.9289999999999903
36.0659999999999904
36.1989999999999905
36.3399999999999906
36.4479999999999907
36.6049999999999909
36.725999999999991
36.8769999999999911
37.0009999999999912
37.1339999999999913
37.2679999999999915
37.3939999999999916
37.5199999999999917
37.6569999999999918
37.7769999999999919
37.885999999999992
38.0299999999999921
38.1709999999999923
38.3059999999999924
38.4459999999999925
38.5729999999999926
38.7129999999999927
38.8569999999999929
38.992999999999993
39.1329999999999931
39.2729999999999932
39.4159999999999934
39.5589999999999935
39.6759999999999936
39.8179999999999937
39.9579999999999938
40.0719999999999939
40.1979999999999941
40.3439999999999942
40.4819999999999943
40.6229999999999944
40.7539999999999946
40.8859999999999947
41.0249999999999948
41.1789999999999949
41.308999999999995
41.4429999999999952
41.5879999999999953
41.7319999999999954
41.8749999999999955
42.0149999999999957
42.1659999999999958
42.3009999999999959
42.4619999999999961
42.6199999999999962
42.7579999999999963
42.8959999999999964
45.4409999999999987
45.5799999999999988
45.714999999999999
45.8469999999999991
45.9919999999999992
46.1339999999999993
46.2799999999999995
46.4339999999999996
46.5729999999999997
46.7219999999999998
46.869
47.0230000000000001
47.1720000000000002
47.3120000000000004
47.4590000000000005
47.5990000000000006
47.7400000000000008
47.8810000000000009
48.018000000000001
48.1710000000000011
48.3130000000000013
48.4630000000000014
48.5940000000000015
48.7420000000000016
48.8820000000000018
49.5140000000000023
49.6640000000000025
49.8200000000000026
49.9550000000000027
50.0980000000000028
50.238000000000003
50.3850000000000031
50.5100000000000032
59.6630000000000113
59.8110000000000115
59.9640000000000116
60.1130000000000117
60.2680000000000119
60.417000000000012
60.5770000000000122
60.7220000000000123
60.8640000000000124
61.0070000000000125
61.1620000000000127
61.2810000000000128
61.7080000000000132
61.8550000000000133
61.9980000000000134
62.1390000000000135
62.2850000000000137
62.4210000000000138
62.5530000000000139
62.9560000000000143
63.1050000000000144
63.2600000000000145
63.4150000000000147
64.3700000000000155
64.5160000000000156
64.6680000000000158
64.8140000000000159
64.9760000000000161
65.1280000000000162
65.2880000000000163
65.4320000000000165
65.5840000000000166
65.7360000000000167
65.8880000000000169
66.035000000000017
66.1770000000000171
66.3210000000000173
66.4600000000000174
66.6020000000000175
66.7470000000000176
66.8980000000000178
67.0620000000000179
67.208000000000018
67.3650000000000182
67.4990000000000183
67.6450000000000184
67.7740000000000186
68.297000000000019
68.4500000000000192
68.5990000000000193
68.7390000000000194
68.8790000000000195
69.0150000000000196
69.1460000000000198
69.6880000000000202
69.8450000000000204
70.0000000000000205
70.1440000000000206
70.2860000000000208
70.4410000000000209
70.572000000000021
83.1920000000000322
83.3130000000000324
83.4530000000000325
83.5980000000000326
83.7460000000000327
83.8930000000000329
84.040000000000033
84.1880000000000331
84.3400000000000333
84.5050000000000334
84.6730000000000336
84.8400000000000337
85.0000000000000338
85.153000000000034
85.3150000000000341
85.4690000000000343
85.6190000000000344
85.7800000000000345
85.9340000000000347
86.0800000000000348
86.2290000000000349
86.3820000000000351
86.5360000000000352
86.6860000000000353
86.8360000000000355
86.9910000000000356
87.1320000000000357
87.2650000000000359
87.419000000000036
87.5680000000000361
87.7130000000000363
87.8630000000000364
87.9970000000000365
88.1420000000000366
88.2800000000000368
88.4330000000000369
88.592000000000037
88.7250000000000372
88.8520000000000373
89.620000000000038
89.7550000000000381
89.8960000000000382
90.0400000000000383
90.1830000000000384
90.3390000000000386
90.4790000000000387
90.6460000000000389
95.2260000000000429
95.355000000000043
95.4840000000000432
95.6240000000000433
95.7730000000000434
95.9270000000000436
96.0700000000000437
96.2160000000000438
96.3560000000000439
96.5020000000000441
96.6450000000000442
96.7910000000000443
96.9330000000000444
97.0710000000000446
97.2180000000000447
97.3700000000000448
97.5000000000000449
97.6410000000000451
97.7790000000000452
97.8990000000000453
98.1840000000000456
98.3240000000000457
98.4780000000000458
98.6120000000000459
98.7540000000000461
98.8940000000000462
99.0310000000000463
99.1780000000000464
99.3050000000000466
99.4530000000000467
99.5890000000000468
99.7370000000000469
99.8830000000000471
100.0350000000000472
100.1710000000000473
100.5740000000000477
100.7280000000000478
100.883000000000048
101.3970000000000484
101.5470000000000485
101.6990000000000487
101.8310000000000488
102.4120000000000493
102.5470000000000494
102.6890000000000496
103.2480000000000501
103.4010000000000502
103.5570000000000503
103.7020000000000505
143.160000000000086
143.275000000000086
143.403000000000086
143.535000000000086
143.670000000000086
143.801000000000086
143.948000000000086
144.096000000000086
144.575000000000087
144.930000000000087
145.072000000000087
145.196000000000087
145.509000000000088
145.762000000000088
145.921000000000088
146.080000000000088
146.235000000000088
146.370000000000088
146.582000000000089
146.796000000000089
146.924000000000089
147.119000000000089
148.41700000000009
149.464000000000091
149.837000000000091
149.962000000000092
150.130000000000092
150.256000000000092
150.470000000000092
215.184000000000149
239.217000000000171
239.766000000000171
240.149000000000172
335.846000000000257
335.975000000000257
336.130000000000257
336.271000000000257
336.433000000000257
336.571000000000257
336.711000000000257
336.895000000000258
337.010000000000258
337.159000000000258
337.362000000000258
337.496000000000258
337.769000000000258
337.927000000000258
338.054000000000259
338.247000000000259
340.243000000000261
340.539000000000261
340.637000000000261
340.785000000000261
340.920000000000261
341.079000000000261
341.548000000000262
341.791000000000262
341.920000000000262
342.055000000000262
343.172000000000263
374.629000000000291
443.722000000000352
443.838000000000353
490.573000000000394
490.690000000000394
490.833000000000394
490.988000000000394
491.143000000000395
491.292000000000395
491.448000000000395
491.596000000000395
491.762000000000395
491.914000000000395
492.514000000000396
492.656000000000396
492.813000000000396
492.980000000000396
493.139000000000396
493.305000000000396
493.622000000000397
493.794000000000397
493.952000000000397
494.127000000000397
494.283000000000397
494.449000000000397
494.626000000000398
494.793000000000398
494.965000000000398
495.141000000000398
495.317000000000398
498.848000000000401
498.994000000000402
499.167000000000402
499.346000000000402
499.478000000000402
499.693000000000402
499.854000000000402
500.017000000000402
500.180000000000403
501.059000000000403
502.488000000000405
502.796000000000405
502.936000000000405
503.141000000000405
503.260000000000405
503.456000000000406
503.778000000000406
503.918000000000406
504.549000000000406
504.659000000000407
504.988000000000407
505.479000000000407
661.341000000000546
661.734000000000546
661.887000000000546
662.024000000000546
662.181000000000546
662.453000000000547
662.606000000000547
662.767000000000547
662.955000000000547
663.117000000000547
663.152000000000547
665.226000000000549
665.365000000000549
665.513000000000549
665.67500000000055
665.86700000000055
665.98400000000055
666.15000000000055
666.32500000000055
667.153000000000551
667.302000000000551
667.483000000000551
667.672000000000551
667.824000000000551
668.010000000000552
668.184000000000552
668.320000000000552
672.178000000000555
673.061000000000556
673.246000000000556
673.404000000000556
673.609000000000557
673.764000000000557
673.920000000000557
728.405000000000605
729.721000000000606
730.056000000000607
730.147000000000607
730.373000000000607
730.504000000000607
730.658000000000607
753.515000000000628
753.663000000000628
753.806000000000628
753.975000000000628
754.133000000000628
807.193000000000675
807.391000000000675
807.535000000000676
807.712000000000676
807.864000000000676
808.000000000000676
834.045000000000699
835.4140000000007
835.6750000000007
835.817000000000701
835.972000000000701
836.145000000000701
836.316000000000701
836.453000000000701
838.371000000000703
838.788000000000703
838.866000000000703
839.075000000000704
839.228000000000704
839.606000000000704
856.614000000000719
856.850000000000719
857.25500000000072
857.52100000000072
857.66000000000072
857.83600000000072
857.98300000000072
858.16400000000072
915.190000000000771
915.449000000000771
915.581000000000772
915.730000000000772
915.881000000000772
916.062000000000772
1009.016000000000854
1009.144000000000855
1009.300000000000855
1009.450000000000855
1009.622000000000855
1064.5800000000009
1064.6870000000009
1064.9390000000009
1065.0860000000009
1065.1770000000009
1065.2470000000009
1065.4520000000009
1065.6190000000009
1065.8190000000009
1066.20300000000091
1066.95500000000091
1067.26600000000091
1067.38300000000091
1067.70900000000091
1067.81000000000091
1067.95500000000091
1068.09700000000091
1068.26500000000091
1068.43900000000091
1068.92000000000091
1069.03000000000091
1069.42000000000091
1069.56900000000091
1069.73400000000091
1069.94300000000091
1070.10500000000091
1081.54100000000092
1082.09300000000092
1082.21600000000092
1082.36300000000092
1082.51900000000092
1082.69800000000092
1082.86300000000092
1083.03500000000092
1083.18300000000092
1083.35000000000092
1083.50800000000092
1083.65800000000092
1083.86800000000092
1084.01900000000092
1084.20600000000092
1084.36200000000092
1084.74200000000092
1085.11600000000092
1085.25200000000092
1085.44500000000092
1085.62400000000092
1085.78800000000092
1085.93800000000092
1086.10600000000092
1086.30000000000092
1086.43900000000092
1087.03500000000092
1087.21100000000092
1087.40400000000092
1087.57700000000092
1087.77300000000092
1087.96300000000092
1088.12900000000092
1088.29900000000092
1088.50300000000092
1088.70700000000093
1088.92700000000093
1089.12000000000093
1089.82800000000093
1089.94000000000093
1090.03400000000093
1090.12900000000093
1090.26100000000093
1090.38100000000093
1090.47300000000093
1090.68100000000093
1090.83900000000093
1091.01400000000093
1091.04000000000093
1091.19200000000093
1091.64400000000093
1091.84400000000093
1091.93600000000093
1092.32000000000093
1092.42100000000093
1092.59600000000093
1092.75100000000093
1092.94600000000093
1093.13800000000093
1093.29900000000093
1093.49000000000093
1093.71400000000093
1093.86400000000093
1094.04900000000093
1098.35400000000093
1099.93100000000094
1100.39400000000094
1100.44700000000094
1100.65800000000094
1100.76200000000094
1100.87300000000094
1101.65500000000094
1102.25100000000094
1102.36500000000094
1103.23600000000094
1103.61900000000094
1103.76200000000094
1104.11200000000094
1104.44800000000094
1104.55500000000094
1104.81400000000094
1104.96800000000094
1105.11700000000094
1105.28900000000094
1105.46900000000094
1105.67300000000094
1105.85600000000094
1106.06200000000094
1106.24400000000094
1106.44600000000094
1106.62600000000094
1110.62500000000094
1110.74700000000094
1110.85100000000094
1110.95000000000094
1111.14300000000095
1111.38200000000095
1111.51600000000095
1111.67200000000095
1111.83900000000095
1112.00000000000095
1112.16500000000095
1112.36100000000095
1112.54300000000095
1112.71900000000095
1112.89700000000095
1113.07800000000095
1113.25500000000095
1113.43300000000095
1113.61100000000095
1113.78000000000095
1113.96500000000095
1114.26000000000095
1114.36400000000095
1114.51900000000095
1114.64900000000095
1114.92300000000095
1115.02500000000095
1115.12900000000095
1115.21000000000095
1116.55700000000095
1116.68300000000095
1116.81600000000095
1117.05400000000095
1117.17700000000095
1117.32500000000095
1117.54300000000095
1117.67700000000095
1118.19000000000095
1118.44800000000095
1118.71800000000095
1118.94700000000095
1119.05000000000095
1119.14000000000095
1119.25400000000095
1119.55600000000095
1120.27700000000095
1120.64100000000095
1121.06600000000095
1121.53600000000095
1121.66600000000095
1121.79500000000095
1122.07000000000095
1122.22400000000096
1122.40100000000096
1122.57100000000096
1135.74200000000097
1135.95300000000097
1136.13200000000097
1136.25700000000097
1136.45700000000097
1136.60800000000097
1136.77000000000097
1136.94600000000097
1137.12600000000097
1137.26500000000097
1214.63200000000104
1215.77900000000104
1215.95400000000104
1216.09400000000104
1361.44000000000117
1361.66300000000117
1361.77700000000117
1361.81900000000117
1361.97100000000117
1362.14000000000117
1362.35000000000117
1362.54200000000117
1362.71900000000117
1362.89100000000117
1457.41500000000125
1457.54100000000125
1477.01700000000127
1557.07100000000134
1557.21400000000134
1683.68000000000145
2166.03999999998878
2206.50999999998432
2208.21199999998413
2208.39899999998411
2208.60399999998409
2208.78399999998407
2208.97699999998405
2209.16599999998403
2209.33599999998401
2209.84899999998395
2210.04799999998393
2210.22599999998391
2210.44699999998389
2210.61699999998387
2210.85699999998384
2211.07499999998382
2211.28099999998379
2280.76099999997614
2285.94699999997557
2291.42499999997497
2295.52799999997452
2295.6899999999745
2295.87799999997448
2296.05799999997446
2296.25199999997444
2296.42799999997442
2296.64899999997439
2296.84599999997437
2297.03599999997435
2297.17299999997433
2297.36499999997431
2297.5339999999743
2297.70699999997428
2298.32999999997421
2298.50099999997419
2298.68299999997417
2298.85399999997415
2299.04299999997413
2299.22199999997411
2299.44799999997408
2299.62799999997406
2299.79799999997405
2299.98799999997402
2300.184999999974
2300.38099999997398
2300.60699999997396
2300.80199999997394
2300.99499999997391
2301.17899999997389
2301.71399999997383
2301.83399999997382
2301.86899999997382
2302.26199999997377
2302.56499999997374
2302.9149999999737
2303.07299999997368
2303.38799999997365
2303.75999999997361
2303.8559999999736
2304.37599999997354
2304.57199999997352
2550.71799999994641
2551.24199999994635
2551.38799999994634
2551.54399999994632
2551.7259999999463
2551.90399999994628
2552.21299999994625
2552.36399999994623
2552.50199999994621
2584.31499999994271
2584.47199999994269
2584.76099999994266
2584.92199999994264
2616.29699999993919
2616.76099999993914
2616.87899999993912
2617.01099999993911
2617.27699999993908
2619.24599999993886
2623.36599999993841
2623.60999999993838
2623.84299999993836
2626.90299999993802
2627.117999999938
2627.22299999993799
2627.33499999993797
2627.50399999993795
2627.59399999993794
2627.66099999993794
2627.84799999993792
2628.05199999993789
2628.22599999993787
2628.38899999993786
2628.53999999993784
2628.70599999993782
2628.81699999993781
2629.03899999993778
2629.23699999993776
2629.37499999993775
2629.55799999993773
2629.7789999999377
2629.97299999993768
2630.65799999993761
2630.80899999993759
2631.02199999993757
2631.19199999993755
2631.34799999993753
2631.52399999993751
2631.71499999993749
2631.77399999993748
2631.99099999993746
2632.18199999993744
2632.36499999993742
2632.5509999999374
2632.75099999993738
2632.93299999993736
2633.08899999993734
2633.61499999993728
2633.80899999993726
2634.00999999993724
2634.24099999993721
2634.47399999993719
2634.68999999993716
2636.82599999993693
2637.27899999993688
2637.75099999993683
2638.56399999993674
2638.58499999993673
2658.18699999993457
2660.86199999993428
2660.97199999993427
2661.35099999993423
2661.47899999993421
2661.71899999993419
2661.97499999993416
2662.12999999993414
2662.34599999993412
2662.5139999999341
2662.70299999993408
2662.87699999993406
2663.10199999993403
2663.29299999993401
2663.45899999993399
2663.63299999993398
2800.04899999991895
2800.89199999991886
2801.03599999991884
2801.19899999991882
2801.35899999991881
2801.55599999991878
2801.72099999991877
2801.90699999991875
3009.49599999989588
3009.75899999989585
3010.20599999989581
3010.32899999989579
3010.43699999989578
3010.54999999989577
3010.57999999989576
3010.72099999989575
3010.87799999989573
3011.05199999989571
3011.23799999989569
3318.54599999986185
3318.83199999986182
3318.9709999998618
3319.13599999986178
3319.53499999986174
3377.39599999985537
3538.85199999983758
3538.96699999983757
3539.26199999983754
3539.40699999983752
760
-3
156.295000000000097
156.426000000000097
156.562000000000097
156.694000000000098
156.829000000000098
156.969000000000098
157.111000000000098
157.231000000000098
157.374000000000098
157.510000000000098
157.642000000000098
157.768000000000098
157.900000000000099
158.027000000000099
158.167000000000099
158.296000000000099
158.423000000000099
158.559000000000099
158.692000000000099
158.837000000000099
158.9790000000001
159.1260000000001
159.2350000000001
159.3600000000001
159.4790000000001
159.6250000000001
159.7560000000001
159.8900000000001
160.0170000000001
160.133000000000101
160.256000000000101
160.392000000000101
160.525000000000101
160.645000000000101
160.783000000000101
161.281000000000102
161.413000000000102
161.525000000000102
161.666000000000102
161.798000000000102
161.945000000000102
162.088000000000102
162.225000000000102
162.388000000000103
162.534000000000103
162.662000000000103
162.801000000000103
162.915000000000103
163.038000000000103
163.188000000000103
163.331000000000103
163.473000000000104
163.623000000000104
163.764000000000104
163.904000000000104
164.828000000000105
164.973000000000105
165.104000000000105
165.249000000000105
165.389000000000105
165.539000000000105
165.686000000000106
165.822000000000106
165.969000000000106
166.111000000000106
166.269000000000106
166.417000000000106
166.568000000000106
166.732000000000106
166.859000000000107
166.997000000000107
167.129000000000107
167.274000000000107
167.383000000000107
167.531000000000107
167.677000000000107
167.819000000000107
167.936000000000108
168.075000000000108
168.235000000000108
168.371000000000108
168.531000000000108
168.664000000000108
168.819000000000108
168.947000000000108
169.088000000000109
169.235000000000109
169.395000000000109
169.534000000000109
169.680000000000109
169.826000000000109
172.232000000000111
172.371000000000111
172.501000000000112
172.638000000000112
172.785000000000112
172.942000000000112
173.086000000000112
173.222000000000112
173.385000000000112
173.537000000000112
173.686000000000113
173.826000000000113
173.974000000000113
174.133000000000113
174.636000000000113
174.771000000000114
174.916000000000114
175.040000000000114
175.198000000000114
175.341000000000114
175.505000000000114
175.665000000000114
175.802000000000114
175.959000000000115
176.089000000000115
176.253000000000115
176.415000000000115
176.922000000000115
177.070000000000116
177.207000000000116
177.360000000000116
177.528000000000116
177.684000000000116
177.810000000000116
178.495000000000117
178.610000000000117
178.763000000000117
178.905000000000117
179.062000000000117
179.217000000000118
179.372000000000118
179.541000000000118
180.207000000000118
180.347000000000119
180.500000000000119
180.646000000000119
180.811000000000119
180.980000000000119
181.150000000000119
181.311000000000119
181.96600000000012
182.11300000000012
182.26200000000012
182.42100000000012
182.577000000000121
183.618000000000121
183.705000000000122
183.853000000000122
184.009000000000122
185.134000000000123
185.266000000000123
185.407000000000123
185.557000000000123
193.59600000000013
193.72800000000013
193.867000000000131
194.248000000000131
266.481000000000195
266.606000000000195
267.214000000000196
267.345000000000196
267.501000000000196
352.771000000000272
352.943000000000272
353.082000000000272
353.215000000000272
353.356000000000272
353.502000000000272
353.644000000000272
353.783000000000273
353.927000000000273
354.631000000000273
354.759000000000273
354.902000000000274
355.045000000000274
355.196000000000274
355.360000000000274
355.501000000000274
355.652000000000274
355.808000000000274
355.956000000000274
356.115000000000275
356.283000000000275
356.441000000000275
356.596000000000275
356.743000000000275
356.898000000000275
357.068000000000275
357.221000000000276
357.381000000000276
357.536000000000276
357.710000000000276
357.864000000000276
358.047000000000276
358.237000000000277
358.403000000000277
358.581000000000277
358.750000000000277
358.912000000000277
359.074000000000277
359.245000000000277
359.410000000000278
359.553000000000278
359.752000000000278
359.932000000000278
360.092000000000278
360.249000000000278
361.324000000000279
361.466000000000279
361.62400000000028
361.78700000000028
361.96300000000028
362.13500000000028
362.30700000000028
362.49200000000028
362.67600000000028
362.857000000000281
363.036000000000281
363.204000000000281
363.383000000000281
363.570000000000281
363.755000000000281
363.947000000000282
364.171000000000282
364.345000000000282
364.544000000000282
364.733000000000282
364.910000000000282
365.861000000000283
366.193000000000284
366.343000000000284
366.512000000000284
366.668000000000284
366.830000000000284
367.011000000000284
415.634000000000328
415.777000000000328
416.194000000000328
416.335000000000328
416.479000000000328
416.632000000000328
416.793000000000329
416.958000000000329
417.111000000000329
417.268000000000329
417.422000000000329
417.589000000000329
417.754000000000329
417.91300000000033
418.08000000000033
418.24400000000033
418.44500000000033
419.551000000000331
421.532000000000333
421.974000000000333
424.879000000000336
426.356000000000337
426.534000000000337
426.669000000000337
426.836000000000337
468.262000000000374
468.409000000000374
597.043000000000489
597.164000000000489
597.295000000000489
597.438000000000489
597.581000000000489
700.11900000000058
700.31400000000058
700.46200000000058
700.600000000000581
700.745000000000581
700.896000000000581
701.052000000000581
701.215000000000581
701.373000000000581
701.550000000000581
701.713000000000582
701.858000000000582
702.267000000000582
702.411000000000582
702.578000000000582
702.751000000000582
702.919000000000583
703.095000000000583
703.276000000000583
703.462000000000583
703.649000000000583
703.828000000000583
704.021000000000584
704.400000000000584
704.724000000000584
704.913000000000584
705.072000000000585
705.242000000000585
705.408000000000585
705.605000000000585
706.467000000000586
706.551000000000586
707.010000000000586
707.154000000000586
708.404000000000588
708.824000000000588
708.923000000000588
709.172000000000588
709.317000000000588
709.496000000000588
712.135000000000591
712.568000000000591
713.536000000000592
763.214000000000636
763.350000000000636
763.502000000000636
763.658000000000637
763.807000000000637
763.970000000000637
764.130000000000637
764.321000000000637
764.525000000000637
768.992000000000641
865.254000000000727
865.406000000000727
865.543000000000727
865.683000000000727
865.837000000000727
866.324000000000728
866.432000000000728
866.521000000000728
866.796000000000728
866.948000000000728
874.481000000000735
876.318000000000737
876.359000000000737
880.755000000000741
880.840000000000741
880.968000000000741
881.039000000000741
881.172000000000741
881.458000000000741
881.509000000000741
882.318000000000742
882.397000000000742
882.506000000000742
882.771000000000742
883.457000000000743
883.684000000000743
883.918000000000743
884.051000000000744
884.205000000000744
884.358000000000744
884.520000000000744
884.691000000000744
884.863000000000744
885.046000000000744
885.260000000000745
885.416000000000745
885.635000000000745
886.052000000000745
898.291000000000756
898.372000000000756
898.633000000000756
898.722000000000757
898.841000000000757
898.949000000000757
899.073000000000757
899.166000000000757
899.472000000000757
899.614000000000757
899.761000000000758
899.934000000000758
900.102000000000758
900.275000000000758
900.584000000000758
900.826000000000758
900.844000000000758
901.155000000000759
901.395000000000759
901.469000000000759
901.549000000000759
901.797000000000759
901.933000000000759
902.07800000000076
902.24200000000076
902.40900000000076
902.63500000000076
902.83300000000076
902.98600000000076
903.188000000000761
903.339000000000761
903.522000000000761
903.712000000000761
909.153000000000766
909.563000000000766
1053.28700000000089
1053.42600000000089
1053.56600000000089
1053.71600000000089
1053.87500000000089
1054.58800000000089
1054.7420000000009
1054.9090000000009
1055.0970000000009
1140.87000000000097
1140.98200000000097
1141.21300000000097
1141.35100000000097
1141.50100000000097
1141.66000000000097
1141.82000000000097
1141.98000000000097
1142.15400000000097
1144.57700000000097
1148.01300000000098
1148.17700000000098
1148.34300000000098
1148.50800000000098
1148.98600000000098
1149.40400000000098
1151.02000000000098
1152.43000000000098
1152.55900000000098
1153.72000000000098
1153.88600000000098
1154.15400000000098
1158.23400000000099
1158.27300000000099
1159.05800000000099
1159.23300000000099
1159.47400000000099
1159.62000000000099
1159.82300000000099
1160.34500000000099
1160.45900000000099
1160.55800000000099
1160.67100000000099
1160.90700000000099
1160.95700000000099
1161.07600000000099
1161.22800000000099
1161.38800000000099
1161.61300000000099
1161.82800000000099
1161.98700000000099
1162.19900000000099
1168.191000000001
1168.621000000001
1168.742000000001
1168.892000000001
1168.969000000001
1169.114000000001
1169.285000000001
1169.520000000001
1169.690000000001
1169.847000000001
1170.005000000001
1170.165000000001
1170.333000000001
1170.515000000001
1170.696000000001
1170.869000000001
1171.045000000001
1171.211000000001
1171.383000000001
1171.580000000001
1330.48300000000114
1330.63700000000114
1330.77500000000114
1330.93000000000114
1331.09500000000114
1331.24900000000114
1331.42300000000114
1331.58200000000114
1331.76100000000114
1331.94200000000114
1332.12300000000114
1507.6800000000013
1507.7590000000013
1507.9010000000013
1508.0830000000013
1508.6040000000013
1509.0440000000013
1509.1770000000013
1509.3220000000013
1509.4850000000013
1509.6370000000013
1509.8060000000013
1509.9850000000013
1510.1540000000013
1510.3340000000013
1510.5170000000013
1510.6960000000013
1510.8950000000013
1511.0610000000013
1511.2430000000013
1511.4280000000013
1511.6200000000013
1512.1210000000013
1512.5140000000013
1512.6110000000013
1512.7590000000013
1512.9080000000013
1513.1490000000013
1513.4250000000013
1513.5830000000013
1517.99800000000131
1518.38800000000131
1518.52800000000131
1519.02000000000131
1519.11300000000131
1519.41800000000131
1519.46300000000131
1519.57300000000131
1519.71800000000131
1519.88400000000131
2159.42899999998951
2159.61399999998948
2159.78399999998947
2159.99499999998944
2161.55799999998927
2161.71799999998925
2199.61899999998508
2199.76699999998506
2199.94399999998504
2200.13599999998502
2200.314999999985
2200.49599999998498
2311.33199999997278
2312.9089999999726
2313.08199999997258
2313.21099999997257
2313.37099999997255
2314.16499999997246
2314.30499999997245
2314.46999999997243
2314.83099999997239
2314.97299999997237
2322.8959999999715
2323.01999999997149
2323.12099999997148
2323.44999999997144
2323.60799999997142
2593.4569999999417
2593.57999999994169
2593.72799999994167
2594.31999999994161
2594.45599999994159
2594.61699999994158
2594.85399999994155
2595.08299999994152
2595.25099999994151
2595.40999999994149
2595.58299999994147
2595.75999999994145
2595.94199999994143
2596.52399999994137
2596.64599999994135
2596.99399999994131
2597.23799999994129
2597.44399999994126
2597.59599999994125
2598.0179999999412
2599.95799999994099
2601.14199999994086
2715.39799999992827
2760.91699999992326
2866.65199999991162
2866.7769999999116
2866.89299999991159
2866.98699999991158
2867.40899999991153
2867.55699999991152
2867.7489999999115
2867.93099999991147
2868.10199999991146
2868.27699999991144
2868.45299999991142
2868.6289999999114
2868.78499999991138
2868.95699999991136
2869.14799999991134
2869.33899999991132
2881.94699999990993
2882.11199999990991
2945.85399999990289
2946.05899999990287
2946.35499999990284
2946.38499999990283
2947.85399999990267
2972.0759999999
2974.16999999989977
2975.13899999989967
2976.58699999989951
2978.02999999989935
2978.17499999989933
2978.32399999989932
2978.4969999998993
2984.95599999989859
3037.75099999989277
3038.22499999989272
3039.39299999989259
3040.83199999989243
3041.71799999989234
3042.12199999989229
3043.33999999989216
3043.51999999989214
3045.47399999989192
3047.88299999989166
3048.56699999989158
3051.69799999989124
3052.9509999998911
3057.56099999989059
3057.62699999989058
3058.18699999989052
3058.3429999998905
3058.50399999989049
3058.67399999989047
3058.84799999989045
3059.02499999989043
3059.20899999989041
3059.57999999989037
3061.43799999989016
3061.54299999989015
3062.45599999989005
3062.62699999989003
3063.25399999988996
3065.12099999988976
3065.15099999988975
3065.46799999988972
3065.6419999998897
3067.82199999988946
3067.90199999988945
3070.89399999988912
3072.53899999988894
3073.72199999988881
3074.30199999988875
3075.83799999988858
3076.62899999988849
3078.44499999988829
3079.35699999988819
3090.31999999988698
3090.65799999988694
3091.34499999988687
3091.47599999988686
3094.08299999988657
3094.32299999988654
3094.56699999988651
3097.74599999988616
3102.31399999988566
3102.99799999988559
3104.08399999988547
3104.54199999988542
3113.24999999988446
3114.92599999988427
3121.0159999998836
3121.07899999988359
3121.35199999988356
3121.75899999988352
3122.8909999998834
3129.83199999988263
3130.26699999988258
3130.55499999988255
3131.64799999988243
3133.37399999988224
3136.4829999998819
3137.27599999988181
3147.67699999988067
3148.2949999998806
3148.35499999988059
3149.99899999988041
3153.17699999988006
3154.20099999987995
3154.31699999987993
3154.38399999987993
3154.5879999998799
3154.6249999998799
3154.90999999987987
3154.97799999987986
3155.05899999987985
3155.12499999987984
3155.24299999987983
3155.29099999987983
3157.00099999987964
3161.8699999998791
3166.4289999998786
3166.4649999998786
3170.49599999987815
3174.22499999987774
3174.53599999987771
3174.68899999987769
3176.52899999987749
3176.54999999987749
3178.00799999987732
3178.67199999987725
3178.85299999987723
3179.03999999987721
3182.37399999987684
3182.42099999987684
3182.48799999987683
3185.36299999987651
3187.68599999987626
3190.77099999987592
3192.32999999987575
3192.48999999987573
3192.66199999987571
3192.85799999987569
3193.02599999987567
3193.19699999987565
3193.36199999987563
3193.49099999987562
3193.72299999987559
3195.37599999987541
3197.13999999987522
3197.17899999987521
3233.97799999987116
3382.91099999985476
3394.49999999985348
3394.55399999985348
3397.39899999985316
3397.50799999985315
3401.09999999985275
3403.58699999985248
3403.75899999985246
3408.45499999985194
3408.57599999985193
3408.72399999985192
3408.80299999985191
3408.94299999985189
3409.05599999985188
3409.18799999985186
3409.45799999985183
3409.60099999985182
3409.7719999998518
3409.93199999985178
3410.08699999985176
3410.25699999985175
3410.42499999985173
3410.61099999985171
3410.80299999985169
3411.00599999985166
3411.23099999985164
3411.44899999985162
3411.68699999985159
3411.88199999985157
3412.11299999985154
3412.39799999985151
3412.56799999985149
3412.75399999985147
3412.96499999985145
3413.27299999985141
3413.51299999985139
3414.72199999985125
3414.88699999985124
3417.86299999985091
3417.9309999998509
3418.46299999985084
3419.65999999985071
3419.84799999985069
3420.44099999985062
3420.50499999985062
-4
156.360000000000097
156.492000000000097
156.621000000000097
156.761000000000098
156.905000000000098
157.041000000000098
157.167000000000098
157.307000000000098
157.447000000000098
157.578000000000098
157.703000000000098
157.836000000000099
157.956000000000099
158.095000000000099
158.229000000000099
158.353000000000099
158.490000000000099
158.627000000000099
158.767000000000099
158.9070000000001
159.0430000000001
159.1600000000001
159.2860000000001
159.4110000000001
159.5550000000001
159.6840000000001
159.8090000000001
159.9440000000001
160.059000000000101
160.183000000000101
160.316000000000101
160.454000000000101
160.574000000000101
160.710000000000101
160.840000000000101
161.333000000000102
161.458000000000102
161.590000000000102
161.727000000000102
161.871000000000102
162.011000000000102
162.149000000000102
162.302000000000102
162.455000000000103
162.586000000000103
162.714000000000103
162.828000000000103
162.957000000000103
163.110000000000103
163.253000000000103
163.399000000000103
163.545000000000104
163.688000000000104
163.822000000000104
163.939000000000104
164.888000000000105
165.033000000000105
165.178000000000105
165.318000000000105
165.470000000000105
165.618000000000105
165.766000000000106
165.898000000000106
166.039000000000106
166.191000000000106
166.342000000000106
166.489000000000106
166.653000000000106
166.788000000000106
166.922000000000107
167.055000000000107
167.191000000000107
167.308000000000107
167.450000000000107
167.574000000000107
167.734000000000107
167.861000000000107
168.001000000000108
168.156000000000108
168.291000000000108
168.441000000000108
168.584000000000108
168.736000000000108
168.873000000000108
169.014000000000108
169.158000000000109
169.317000000000109
169.460000000000109
169.603000000000109
169.748000000000109
169.875000000000109
172.294000000000111
172.428000000000112
172.566000000000112
172.711000000000112
172.866000000000112
173.008000000000112
173.151000000000112
173.298000000000112
173.464000000000112
173.615000000000113
173.761000000000113
173.903000000000113
174.054000000000113
174.175000000000113
174.698000000000114
174.844000000000114
174.975000000000114
175.120000000000114
175.265000000000114
175.416000000000114
175.586000000000114
175.725000000000114
175.873000000000115
176.013000000000115
176.174000000000115
176.329000000000115
176.456000000000115
176.994000000000116
177.135000000000116
177.285000000000116
177.438000000000116
177.607000000000116
177.734000000000116
177.887000000000116
178.536000000000117
178.690000000000117
178.832000000000117
178.986000000000117
179.145000000000117
179.297000000000118
179.447000000000118
179.605000000000118
180.273000000000118
180.423000000000119
180.570000000000119
180.732000000000119
180.903000000000119
181.071000000000119
181.228000000000119
181.391000000000119
182.03900000000012
182.19000000000012
182.34400000000012
182.49900000000012
182.654000000000121
183.633000000000121
183.785000000000122
183.929000000000122
184.079000000000122
185.197000000000123
185.339000000000123
185.487000000000123
185.629000000000123
193.66300000000013
193.79400000000013
193.933000000000131
194.294000000000131
266.529000000000195
266.660000000000195
267.270000000000196
267.399000000000196
267.513000000000196
352.836000000000272
353.004000000000272
353.152000000000272
353.293000000000272
353.431000000000272
353.591000000000272
353.704000000000272
353.847000000000273
353.985000000000273
354.698000000000273
354.832000000000274
354.976000000000274
355.128000000000274
355.271000000000274
355.423000000000274
355.569000000000274
355.723000000000274
355.865000000000274
356.032000000000275
356.209000000000275
356.353000000000275
356.506000000000275
356.656000000000275
356.813000000000275
356.976000000000275
357.141000000000276
357.293000000000276
357.448000000000276
357.612000000000276
357.773000000000276
357.946000000000276
358.187000000000276
358.337000000000277
358.492000000000277
358.680000000000277
358.828000000000277
358.989000000000277
359.156000000000277
359.326000000000278
359.488000000000278
359.675000000000278
359.866000000000278
360.012000000000278
360.156000000000278
360.317000000000278
361.394000000000279
361.549000000000279
361.72000000000028
361.89600000000028
362.03700000000028
362.22000000000028
362.44200000000028
362.58100000000028
362.768000000000281
362.936000000000281
363.117000000000281
363.309000000000281
363.470000000000281
363.652000000000281
363.849000000000282
364.037000000000282
364.282000000000282
364.452000000000282
364.652000000000282
364.811000000000282
365.001000000000283
365.927000000000283
366.271000000000284
366.428000000000284
366.635000000000284
366.759000000000284
366.943000000000284
367.086000000000284
415.687000000000328
415.839000000000328
416.267000000000328
416.406000000000328
416.562000000000328
416.730000000000328
416.871000000000329
417.050000000000329
417.188000000000329
417.372000000000329
417.501000000000329
417.668000000000329
417.850000000000329
418.00000000000033
418.18500000000033
418.34300000000033
418.48900000000033
419.580000000000331
421.565000000000333
422.001000000000333
424.967000000000336
426.420000000000337
426.607000000000337
426.746000000000337
426.907000000000338
468.324000000000374
468.487000000000374
597.104000000000489
597.230000000000489
597.365000000000489
597.515000000000489
597.654000000000489
700.14900000000058
700.38100000000058
700.53000000000058
700.677000000000581
700.821000000000581
700.985000000000581
701.181000000000581
701.305000000000581
701.448000000000581
701.618000000000582
701.746000000000582
701.919000000000582
702.340000000000582
702.489000000000582
702.653000000000582
702.836000000000583
702.999000000000583
703.182000000000583
703.378000000000583
703.542000000000583
703.746000000000583
703.929000000000584
704.124000000000584
704.441000000000584
704.743000000000584
704.988000000000584
705.142000000000585
705.317000000000585
705.498000000000585
705.666000000000585
706.500000000000586
706.608000000000586
707.088000000000586
707.216000000000586
708.492000000000588
708.867000000000588
708.976000000000588
709.244000000000588
709.394000000000588
709.552000000000589
712.234000000000591
712.651000000000591
713.591000000000592
763.278000000000636
763.429000000000636
763.595000000000636
763.760000000000637
763.927000000000637
764.069000000000637
764.242000000000637
764.429000000000637
764.551000000000637
769.058000000000641
865.317000000000727
865.473000000000727
865.607000000000727
865.757000000000727
865.913000000000727
866.360000000000728
866.466000000000728
866.547000000000728
866.872000000000728
867.025000000000728
874.521000000000735
876.348000000000737
876.404000000000737
880.783000000000741
880.893000000000741
880.977000000000741
881.168000000000741
881.322000000000741
881.492000000000741
881.598000000000741
882.344000000000742
882.458000000000742
882.624000000000742
882.822000000000742
883.488000000000743
883.708000000000743
883.994000000000743
884.128000000000744
884.289000000000744
884.441000000000744
884.600000000000744
884.772000000000744
884.946000000000744
885.107000000000744
885.329000000000745
885.488000000000745
885.703000000000745
886.100000000000745
898.320000000000756
898.474000000000756
898.689000000000756
898.773000000000757
898.894000000000757
899.020000000000757
899.133000000000757
899.222000000000757
899.549000000000757
899.689000000000757
899.842000000000758
900.020000000000758
900.172000000000758
900.351000000000758
900.636000000000758
900.842000000000758
900.922000000000758
901.306000000000759
901.422000000000759
901.525000000000759
901.611000000000759
901.871000000000759
902.008000000000759
902.16100000000076
902.32600000000076
902.48400000000076
902.74400000000076
902.91100000000076
903.08500000000076
903.263000000000761
903.416000000000761
903.603000000000761
903.776000000000761
909.203000000000766
909.630000000000766
1053.33900000000089
1053.49400000000089
1053.63900000000089
1053.78300000000089
1053.94300000000089
1054.6580000000009
1054.8190000000009
1054.9900000000009
1055.1250000000009
1140.91300000000097
1141.02700000000097
1141.27300000000097
1141.42200000000097
1141.58800000000097
1141.74000000000097
1141.89300000000097
1142.08200000000097
1142.24900000000097
1144.61400000000097
1148.10600000000098
1148.27100000000098
1148.41700000000098
1148.59100000000098
1149.07400000000098
1149.45000000000098
1151.04700000000098
1152.52700000000098
1152.58500000000098
1153.79100000000098
1153.96500000000098
1154.17000000000098
1158.25500000000099
1158.37500000000099
1159.18200000000099
1159.26000000000099
1159.55700000000099
1159.69500000000099
1159.89300000000099
1160.35200000000099
1160.50500000000099
1160.60200000000099
1160.72500000000099
1160.93900000000099
1160.98600000000099
1161.14900000000099
1161.31200000000099
1161.47000000000099
1161.69500000000099
1161.90100000000099
1162.12200000000099
1162.32000000000099
1168.232000000001
1168.684000000001
1168.757000000001
1168.907000000001
1169.039000000001
1169.200000000001
1169.374000000001
1169.586000000001
1169.767000000001
1169.926000000001
1170.106000000001
1170.271000000001
1170.446000000001
1170.599000000001
1170.780000000001
1170.949000000001
1171.125000000001
1171.310000000001
1171.468000000001
1171.613000000001
1330.54000000000114
1330.70000000000114
1330.84600000000114
1331.01600000000114
1331.17600000000114
1331.33700000000114
1331.50800000000114
1331.67800000000114
1331.85700000000114
1332.01800000000114
1332.20700000000114
1507.7020000000013
1507.8230000000013
1507.9850000000013
1508.1710000000013
1508.6370000000013
1509.1030000000013
1509.2350000000013
1509.3990000000013
1509.5590000000013
1509.7360000000013
1509.9130000000013
1510.0640000000013
1510.2450000000013
1510.4190000000013
1510.5950000000013
1510.8000000000013
1510.9910000000013
1511.1590000000013
1511.3200000000013
1511.5280000000013
1511.6960000000013
1512.1510000000013
1512.5380000000013
1512.6700000000013
1512.8220000000013
1512.9690000000013
1513.1930000000013
1513.4950000000013
1513.6510000000013
1518.03000000000131
1518.45400000000131
1518.59600000000131
1519.04500000000131
1519.14000000000131
1519.44600000000131
1519.49100000000131
1519.63300000000131
1519.79400000000131
1519.96200000000131
2159.4899999999895
2159.67499999998948
2159.86599999998946
2160.07099999998943
2161.61399999998926
2161.77699999998925
2199.66899999998507
2199.82899999998506
2200.01999999998503
2200.21199999998501
2200.39899999998499
2200.58499999998497
2311.41499999997277
2312.9419999999726
2313.11599999997258
2313.25099999997256
2313.40299999997255
2314.22999999997246
2314.36899999997244
2314.53199999997242
2314.88399999997238
2314.98199999997237
2322.9449999999715
2323.06099999997148
2323.16999999997147
2323.51199999997143
2323.65599999997142
2593.4929999999417
2593.63699999994168
2593.74199999994167
2594.3769999999416
2594.52899999994159
2594.70099999994157
2594.93599999994154
2595.17499999994151
2595.36399999994149
2595.50299999994148
2595.70299999994146
2595.84499999994144
2596.02699999994142
2596.59099999994136
2596.71699999994134
2597.06499999994131
2597.30499999994128
2597.51299999994126
2597.66099999994124
2598.08499999994119
2600.00299999994098
2601.19299999994085
2715.41999999992827
2760.97599999992325
2866.68299999991161
2866.8049999999116
2866.90799999991159
2867.03599999991157
2867.48099999991152
2867.62699999991151
2867.82099999991149
2868.01699999991147
2868.20699999991144
2868.36599999991143
2868.53799999991141
2868.69399999991139
2868.87399999991137
2869.07099999991135
2869.22099999991133
2869.42299999991131
2882.01599999990992
2882.1849999999099
2945.90599999990289
2946.15099999990286
2946.36699999990284
2946.41199999990283
2947.88999999990267
2972.1119999999
2974.27699999989976
2975.37499999989964
2976.6709999998995
2978.09499999989934
2978.24899999989933
2978.40799999989931
2978.56999999989929
2985.00999999989858
3038.08999999989273
3038.3729999998927
3040.59899999989246
3041.19799999989239
3042.0799999998923
3042.17399999989228
3043.42199999989215
3044.721999999892
3047.29799999989172
3047.98499999989164
3050.11899999989141
3052.43999999989115
3053.56099999989103
3057.57199999989059
3057.69899999989058
3058.28899999989051
3058.43199999989049
3058.58899999989048
3058.77099999989046
3058.94299999989044
3059.11899999989042
3059.33899999989039
3059.66999999989036
3061.47399999989016
3061.59699999989015
3062.53199999989004
3062.70599999989002
3063.37599999988995
3065.14399999988976
3065.25399999988974
3065.56199999988971
3066.09299999988965
3067.88599999988945
3069.08799999988932
3071.43499999988906
3072.59899999988893
3073.7819999998888
3074.38099999988874
3076.40299999988852
3077.16399999988843
3078.48599999988829
3079.38299999988819
3090.41899999988697
3090.98099999988691
3091.37699999988687
3091.55299999988685
3094.12699999988656
3094.39099999988653
3095.28799999988644
3098.91899999988604
3102.9009999998856
3103.05099999988558
3104.15999999988546
3104.60899999988541
3113.32799999988445
3117.61899999988398
3121.0589999998836
3121.27899999988357
3121.60399999988354
3122.14499999988348
3123.15199999988337
3130.24899999988258
3130.50899999988256
3130.61299999988254
3132.27499999988236
3133.47399999988223
3137.26599999988181
3138.12999999988172
3148.17099999988061
3148.3109999998806
3149.24399999988049
3150.64799999988034
3153.51799999988002
3154.29199999987994
3154.32499999987993
3154.55399999987991
3154.6069999998799
3154.70699999987989
3154.95999999987986
3154.99899999987986
3155.11499999987985
3155.14799999987984
3155.28899999987983
3155.31399999987982
3157.41999999987959
3161.95399999987909
3166.4339999998786
3166.99699999987854
3170.50999999987815
3174.29899999987773
3174.66899999987769
3174.74099999987768
3176.54699999987749
3176.58099999987748
3178.05399999987732
3178.75499999987724
3178.94899999987722
3179.1259999998772
3182.40199999987684
3182.45799999987683
3184.96799999987656
3187.19299999987631
3188.03299999987622
3191.17499999987587
3192.40999999987574
3192.57399999987572
3192.7579999998757
3192.94799999987568
3193.13499999987566
3193.31299999987564
3193.41899999987563
3193.6779999998756
3193.76199999987559
3196.49499999987529
3197.16499999987522
3197.3479999998752
3234.02199999987116
3383.11099999985474
3394.53399999985348
3394.99699999985343
3397.43499999985316
3397.61399999985314
3401.11899999985275
3403.67199999985247
3403.88299999985245
3408.48999999985194
3408.61699999985193
3408.73499999985191
3408.8529999998519
3408.97699999985189
3409.10899999985187
3409.22199999985186
3409.52399999985183
3409.67399999985181
3409.85499999985179
3410.02699999985177
3410.16399999985176
3410.37199999985173
3410.50999999985172
3410.72499999985169
3410.91599999985167
3411.09999999985165
3411.32199999985163
3411.52899999985161
3411.78499999985158
3411.96599999985156
3412.24599999985153
3412.4759999998515
3412.64199999985148
3412.81999999985146
3413.05299999985144
3413.34399999985141
3413.58799999985138
3414.79699999985125
3414.96399999985123
3417.87699999985091
3417.9689999998509
3418.53799999985083
3419.69099999985071
3420.06799999985067
3420.49299999985062
3420.51099999985062
0
0
0
0
0
0
0
0
0
0
0
0
0
3600.00099999983085
0
0
0
0
0
0
