8
14
19
8
14
19
IPPneo1.11
test1
0
3
11
04
13
12
05
22
22
4
.3
1
279
279
1
860
860
1
1
1
1
1
1
1
1
1
1
1
1
1
1
1
1
1
1
1
1
278
-1
7.75000000000000015
8.00200000000000015
8.37700000000000016
8.50000000000000016
8.61800000000000017
8.73300000000000017
8.85000000000000017
31.0149999999999876
31.1149999999999875
31.2189999999999874
31.3259999999999873
31.4409999999999872
31.5629999999999871
31.692999999999987
31.8289999999999869
31.9449999999999868
32.0859999999999868
32.226999999999987
32.3429999999999871
32.4829999999999872
32.6279999999999873
32.7649999999999875
32.8839999999999876
33.0039999999999877
33.1419999999999878
34.3529999999999889
34.479999999999989
34.6259999999999891
34.7419999999999892
34.8939999999999893
35.0399999999999895
35.1739999999999896
35.3099999999999897
35.4439999999999898
35.59999999999999
35.7399999999999901
35.8619999999999902
36.0249999999999904
36.4799999999999908
37.0879999999999913
37.2149999999999914
37.3729999999999915
37.5249999999999917
37.6709999999999918
37.829999999999992
37.9749999999999921
38.1339999999999922
38.2789999999999924
38.4309999999999925
38.5819999999999926
39.9149999999999938
62.7670000000000141
62.9190000000000142
63.2290000000000145
134.536000000000078
134.625000000000078
201.520000000000137
201.735000000000138
202.063000000000138
202.202000000000138
202.472000000000138
202.501000000000138
203.097000000000139
203.421000000000139
203.791000000000139
204.56900000000014
204.75500000000014
205.291000000000141
207.005000000000142
207.833000000000143
208.088000000000143
237.339000000000169
237.603000000000169
237.78000000000017
238.11300000000017
238.19300000000017
238.31300000000017
238.47800000000017
238.83700000000017
238.993000000000171
331.389000000000253
361.243000000000279
361.533000000000279
361.71700000000028
361.88400000000028
362.07300000000028
362.25600000000028
362.56400000000028
362.71400000000028
362.860000000000281
363.180000000000281
363.343000000000281
363.573000000000281
611.994000000000502
612.068000000000502
612.267000000000502
612.378000000000502
634.273000000000522
634.528000000000522
634.665000000000522
634.811000000000522
634.906000000000522
635.143000000000522
635.504000000000523
635.745000000000523
635.868000000000523
635.968000000000523
637.053000000000524
637.311000000000524
637.449000000000524
637.587000000000525
637.725000000000525
637.973000000000525
638.155000000000525
638.698000000000526
638.828000000000526
638.983000000000526
639.152000000000526
639.319000000000526
639.478000000000526
639.636000000000526
639.804000000000527
640.617000000000527
640.764000000000527
641.024000000000528
641.191000000000528
641.591000000000528
641.734000000000528
641.895000000000528
642.080000000000529
642.268000000000529
642.433000000000529
642.598000000000529
642.788000000000529
642.983000000000529
643.15900000000053
643.99600000000053
644.04900000000053
644.09400000000053
644.312000000000531
644.491000000000531
644.666000000000531
644.833000000000531
645.124000000000531
645.854000000000532
645.998000000000532
646.118000000000532
646.200000000000532
646.618000000000533
646.745000000000533
646.885000000000533
647.064000000000533
647.248000000000533
647.434000000000533
647.616000000000534
647.788000000000534
652.740000000000538
653.004000000000538
653.131000000000538
653.262000000000538
653.339000000000539
653.398000000000539
653.458000000000539
653.481000000000539
653.503000000000539
653.603000000000539
653.696000000000539
653.974000000000539
654.077000000000539
654.39000000000054
654.53900000000054
654.70100000000054
654.86300000000054
655.02600000000054
655.12900000000054
655.19400000000054
655.35800000000054
655.746000000000541
655.927000000000541
656.036000000000541
656.117000000000541
656.223000000000541
656.431000000000541
656.594000000000542
656.726000000000542
657.392000000000542
657.526000000000542
657.731000000000542
657.915000000000543
658.077000000000543
658.249000000000543
658.456000000000543
659.133000000000544
659.229000000000544
659.317000000000544
659.519000000000544
659.686000000000544
659.855000000000544
660.170000000000545
660.482000000000545
665.79400000000055
665.89200000000055
666.825000000000551
667.068000000000551
667.532000000000551
667.786000000000551
668.214000000000552
668.350000000000552
669.300000000000553
669.485000000000553
669.752000000000553
670.898000000000554
671.357000000000555
671.539000000000555
671.658000000000555
671.723000000000555
671.790000000000555
672.726000000000556
672.825000000000556
673.976000000000557
674.115000000000557
674.266000000000557
674.419000000000557
674.594000000000558
674.772000000000558
847.753000000000711
848.021000000000711
848.604000000000712
849.295000000000713
849.847000000000713
850.008000000000713
850.180000000000713
850.395000000000714
850.559000000000714
851.448000000000714
851.688000000000715
851.938000000000715
852.688000000000716
852.962000000000716
853.464000000000716
854.082000000000717
854.165000000000717
1242.24300000000106
1242.50400000000106
1242.61600000000106
1247.12200000000107
1247.63700000000107
1247.76900000000107
1247.91600000000107
1248.08900000000107
1248.57600000000107
1250.58900000000107
1250.96400000000107
1252.50200000000107
1252.75300000000107
1253.00300000000107
1253.64800000000107
1253.77000000000107
1254.04200000000107
1261.07300000000108
1261.92400000000108
1262.03300000000108
1262.18600000000108
1262.54700000000108
1262.68600000000108
1262.93800000000108
1263.41700000000108
1263.59600000000108
1412.13700000000121
1463.64500000000126
1463.94600000000126
1464.47200000000126
1466.42200000000126
1466.71800000000126
1468.31600000000126
1468.80100000000126
1469.04800000000126
1469.22600000000126
-2
7.80900000000000015
8.07800000000000016
8.43100000000000016
8.54600000000000016
8.65300000000000017
8.77000000000000017
8.88100000000000017
31.0449999999999876
31.1459999999999875
31.2539999999999874
31.3739999999999873
31.4909999999999872
31.6169999999999871
31.749999999999987
31.8699999999999869
32.0089999999999868
32.1489999999999869
32.261999999999987
32.4059999999999871
32.5489999999999873
32.6789999999999874
32.8059999999999875
32.9219999999999876
33.0539999999999877
33.1779999999999878
34.3909999999999889
34.531999999999989
34.6569999999999891
34.8069999999999893
34.9459999999999894
35.0609999999999895
35.2119999999999896
35.3469999999999897
35.5069999999999899
35.64599999999999
35.7709999999999901
35.9359999999999903
36.0599999999999904
36.5179999999999908
37.1209999999999913
37.2809999999999915
37.4379999999999916
37.5809999999999917
37.7369999999999919
37.862999999999992
38.0459999999999921
38.1919999999999923
38.3419999999999924
38.4869999999999925
38.6109999999999926
39.9379999999999938
62.8900000000000142
63.1770000000000145
63.3140000000000146
134.558000000000078
134.657000000000078
201.574000000000137
201.746000000000138
202.172000000000138
202.341000000000138
202.495000000000138
202.640000000000138
203.291000000000139
203.502000000000139
204.06800000000014
204.72600000000014
205.130000000000141
205.441000000000141
207.089000000000142
207.875000000000143
208.164000000000143
237.383000000000169
237.697000000000169
237.94700000000017
238.11900000000017
238.24400000000017
238.41100000000017
238.60500000000017
238.900000000000171
241.312000000000173
331.449000000000253
361.249000000000279
361.60300000000028
361.83400000000028
362.02500000000028
362.18200000000028
362.36600000000028
362.70200000000028
362.820000000000281
363.006000000000281
363.328000000000281
363.480000000000281
363.602000000000281
612.052000000000502
612.235000000000502
612.313000000000502
612.429000000000502
634.353000000000522
634.625000000000522
634.770000000000522
634.840000000000522
634.973000000000522
635.204000000000522
635.633000000000523
635.785000000000523
635.887000000000523
636.018000000000523
637.179000000000524
637.369000000000524
637.506000000000524
637.641000000000525
637.825000000000525
638.039000000000525
638.211000000000525
638.746000000000526
638.902000000000526
639.062000000000526
639.231000000000526
639.393000000000526
639.549000000000526
639.711000000000526
639.877000000000527
640.681000000000527
640.834000000000528
641.105000000000528
641.245000000000528
641.652000000000528
641.797000000000528
641.966000000000528
642.169000000000529
642.349000000000529
642.514000000000529
642.701000000000529
642.891000000000529
643.07200000000053
643.23600000000053
644.04800000000053
644.09200000000053
644.10000000000053
644.400000000000531
644.579000000000531
644.743000000000531
644.928000000000531
645.204000000000531
645.935000000000532
646.017000000000532
646.142000000000532
646.454000000000532
646.659000000000533
646.798000000000533
646.950000000000533
647.153000000000533
647.340000000000533
647.534000000000533
647.701000000000534
647.873000000000534
652.794000000000538
653.052000000000538
653.174000000000538
653.317000000000539
653.343000000000539
653.437000000000539
653.475000000000539
653.497000000000539
653.512000000000539
653.684000000000539
653.947000000000539
654.038000000000539
654.143000000000539
654.43200000000054
654.59900000000054
654.78100000000054
654.94000000000054
655.09800000000054
655.14500000000054
655.26700000000054
655.738000000000541
655.835000000000541
656.023000000000541
656.078000000000541
656.207000000000541
656.422000000000541
656.565000000000541
656.723000000000542
657.032000000000542
657.454000000000542
657.614000000000542
657.824000000000543
657.994000000000543
658.163000000000543
658.344000000000543
658.546000000000543
659.193000000000544
659.244000000000544
659.414000000000544
659.598000000000544
659.767000000000544
659.937000000000544
660.207000000000545
660.571000000000545
665.82700000000055
665.93100000000055
666.878000000000551
667.127000000000551
667.606000000000551
667.844000000000552
668.290000000000552
668.422000000000552
669.473000000000553
669.501000000000553
670.095000000000554
670.919000000000554
671.407000000000555
671.577000000000555
671.712000000000555
671.737000000000555
671.875000000000555
672.799000000000556
672.907000000000556
674.032000000000557
674.180000000000557
674.329000000000557
674.523000000000557
674.741000000000558
674.902000000000558
847.807000000000711
848.097000000000712
848.668000000000712
849.403000000000713
849.952000000000713
850.123000000000713
850.327000000000714
850.522000000000714
850.702000000000714
851.499000000000715
851.738000000000715
851.962000000000715
852.777000000000716
853.099000000000716
853.597000000000716
854.119000000000717
854.221000000000717
1242.30200000000106
1242.57800000000106
1242.72600000000106
1247.19100000000107
1247.68200000000107
1247.82000000000107
1247.97700000000107
1248.29600000000107
1248.64800000000107
1250.66900000000107
1250.99900000000107
1252.54800000000107
1252.82000000000107
1253.03500000000107
1253.67800000000107
1253.79500000000107
1254.14900000000107
1261.14000000000108
1261.93500000000108
1262.09100000000108
1262.23600000000108
1262.59400000000108
1262.74100000000108
1263.02600000000108
1263.48700000000108
1263.66700000000108
1412.19200000000121
1463.72900000000126
1464.02900000000126
1466.39300000000126
1466.52200000000126
1468.27600000000126
1468.37300000000126
1468.84900000000126
1469.18400000000126
1469.30100000000126
859
-3
3.18300000000000005
49.9630000000000027
50.0740000000000028
50.2030000000000029
50.3360000000000031
50.4690000000000032
50.6080000000000033
50.7620000000000034
50.8750000000000035
53.634000000000006
53.7650000000000061
53.9140000000000062
54.0480000000000064
54.2080000000000065
54.3230000000000066
54.4730000000000067
54.6030000000000069
54.757000000000007
57.7280000000000096
58.8310000000000106
103.2520000000000501
103.3650000000000502
103.4780000000000503
103.6050000000000504
105.0890000000000517
105.8480000000000524
170.46100000000011
170.59100000000011
170.68800000000011
172.033000000000111
192.079000000000129
192.211000000000129
192.356000000000129
219.462000000000153
219.578000000000153
219.694000000000153
219.925000000000154
220.163000000000154
221.206000000000155
221.324000000000155
221.453000000000155
221.587000000000155
221.724000000000155
221.854000000000155
221.996000000000156
222.775000000000156
222.913000000000156
224.358000000000158
224.512000000000158
225.570000000000159
225.841000000000159
225.996000000000159
226.125000000000159
226.265000000000159
226.395000000000159
226.55700000000016
226.72300000000016
226.84700000000016
227.813000000000161
227.964000000000161
228.138000000000161
228.410000000000161
228.572000000000161
228.724000000000161
228.852000000000162
289.046000000000215
289.153000000000215
292.224000000000218
292.340000000000218
292.458000000000218
292.595000000000218
292.711000000000218
293.279000000000219
293.407000000000219
293.515000000000219
293.655000000000219
293.778000000000219
293.906000000000219
294.03700000000022
294.15900000000022
294.27100000000022
294.40700000000022
295.612000000000221
295.865000000000221
295.995000000000221
296.143000000000221
296.265000000000222
297.551000000000223
297.674000000000223
298.309000000000223
298.439000000000223
300.099000000000225
300.215000000000225
300.499000000000225
300.649000000000225
300.773000000000225
302.022000000000227
302.186000000000227
302.592000000000227
302.759000000000227
302.916000000000227
303.068000000000228
304.338000000000229
304.503000000000229
304.645000000000229
304.803000000000229
304.939000000000229
305.113000000000229
305.77500000000023
305.94700000000023
306.09000000000023
306.25100000000023
306.697000000000231
306.805000000000231
306.946000000000231
307.122000000000231
309.016000000000233
309.161000000000233
309.304000000000233
309.458000000000233
309.615000000000233
309.751000000000233
309.908000000000234
310.195000000000234
310.361000000000234
311.950000000000235
312.080000000000236
312.481000000000236
312.659000000000236
312.792000000000236
312.934000000000236
313.182000000000236
313.488000000000237
318.032000000000241
318.159000000000241
318.293000000000241
318.427000000000241
318.583000000000241
318.741000000000241
318.900000000000242
319.059000000000242
319.213000000000242
320.065000000000243
320.218000000000243
320.601000000000243
320.684000000000243
320.743000000000243
320.953000000000243
321.020000000000243
321.195000000000244
321.382000000000244
321.545000000000244
321.931000000000244
393.854000000000308
394.241000000000308
394.357000000000309
394.637000000000309
473.718000000000379
474.155000000000379
474.31500000000038
474.88100000000038
475.08100000000038
475.622000000000381
475.722000000000381
475.965000000000381
476.197000000000381
476.880000000000382
480.498000000000385
480.619000000000385
480.882000000000385
481.251000000000386
481.413000000000386
481.519000000000386
481.647000000000386
482.717000000000387
482.882000000000387
483.004000000000387
483.157000000000387
483.283000000000388
483.424000000000388
483.587000000000388
483.735000000000388
485.303000000000389
485.448000000000389
485.70500000000039
485.86900000000039
486.54200000000039
486.835000000000391
488.130000000000392
488.301000000000392
488.433000000000392
488.607000000000392
489.886000000000393
490.019000000000394
490.429000000000394
490.619000000000394
490.756000000000394
490.946000000000394
491.887000000000395
492.071000000000395
492.355000000000396
495.222000000000398
495.351000000000398
495.496000000000398
495.653000000000399
495.809000000000399
495.958000000000399
496.126000000000399
496.297000000000399
496.412000000000399
496.530000000000399
496.7060000000004
496.8290000000004
497.0020000000004
497.1580000000004
497.2840000000004
498.474000000000401
498.644000000000401
498.807000000000401
498.978000000000402
499.128000000000402
499.295000000000402
499.471000000000402
500.346000000000403
500.490000000000403
500.655000000000403
500.813000000000403
500.969000000000403
501.167000000000403
501.466000000000404
502.671000000000405
502.833000000000405
502.999000000000405
503.176000000000405
503.364000000000405
503.483000000000406
503.671000000000406
503.982000000000406
504.321000000000406
504.495000000000406
504.615000000000407
504.797000000000407
505.057000000000407
505.225000000000407
505.861000000000408
506.009000000000408
506.189000000000408
506.354000000000408
506.524000000000408
506.801000000000408
508.13500000000041
508.29600000000041
508.48000000000041
508.61800000000041
508.94400000000041
509.127000000000411
509.296000000000411
509.623000000000411
509.799000000000411
510.346000000000412
510.527000000000412
510.693000000000412
510.821000000000412
511.007000000000412
511.195000000000412
511.494000000000413
511.684000000000413
511.839000000000413
512.045000000000413
512.226000000000413
512.357000000000413
513.918000000000415
514.079000000000415
514.234000000000415
514.537000000000415
514.740000000000416
514.897000000000416
515.053000000000416
519.069000000000419
519.36100000000042
519.51900000000042
519.69500000000042
519.85700000000042
520.834000000000421
521.005000000000421
521.150000000000421
521.438000000000421
521.597000000000422
521.725000000000422
521.906000000000422
522.203000000000422
524.590000000000424
524.751000000000424
524.905000000000425
525.025000000000425
525.454000000000425
525.625000000000425
525.939000000000425
526.064000000000426
526.384000000000426
527.398000000000427
527.711000000000427
527.888000000000427
528.043000000000427
528.197000000000427
528.390000000000428
528.511000000000428
530.106000000000429
530.243000000000429
530.408000000000429
530.57300000000043
530.74000000000043
530.91600000000043
531.11600000000043
531.28300000000043
531.47300000000043
531.59400000000043
531.792000000000431
532.830000000000432
532.980000000000432
533.292000000000432
533.463000000000432
533.646000000000432
533.808000000000432
534.162000000000433
534.299000000000433
534.503000000000433
544.004000000000442
544.120000000000442
544.245000000000442
544.917000000000442
545.003000000000442
545.300000000000443
546.723000000000444
546.877000000000444
547.013000000000444
547.160000000000444
547.304000000000444
547.464000000000445
547.601000000000445
547.769000000000445
547.935000000000445
548.058000000000445
549.715000000000447
549.857000000000447
550.017000000000447
550.159000000000447
550.319000000000447
550.489000000000447
550.640000000000447
550.813000000000448
551.113000000000448
551.523000000000448
551.677000000000448
553.41700000000045
553.58200000000045
553.72000000000045
553.87000000000045
554.03000000000045
554.206000000000451
555.452000000000452
555.775000000000452
555.922000000000452
556.353000000000452
556.912000000000453
557.205000000000453
557.506000000000453
681.343000000000563
693.080000000000574
693.628000000000574
694.086000000000575
694.200000000000575
694.313000000000575
694.868000000000576
695.001000000000576
695.129000000000576
695.279000000000576
695.386000000000576
696.270000000000577
696.425000000000577
696.544000000000577
696.664000000000577
697.081000000000577
697.362000000000578
698.961000000000579
699.255000000000579
699.49400000000058
699.79100000000058
700.20500000000058
701.287000000000581
701.469000000000581
701.601000000000582
701.879000000000582
702.175000000000582
703.629000000000583
703.820000000000583
703.965000000000584
704.246000000000584
704.952000000000584
705.276000000000585
705.460000000000585
705.596000000000585
705.900000000000585
707.265000000000586
707.415000000000587
707.598000000000587
707.735000000000587
707.917000000000587
708.043000000000587
708.362000000000587
708.675000000000588
708.802000000000588
708.935000000000588
709.124000000000588
709.518000000000588
709.675000000000589
710.409000000000589
710.602000000000589
710.75900000000059
712.735000000000591
712.906000000000592
713.085000000000592
713.266000000000592
713.375000000000592
713.564000000000592
713.710000000000592
715.157000000000594
715.324000000000594
715.470000000000594
715.638000000000594
715.797000000000594
715.972000000000594
717.029000000000595
717.205000000000595
717.387000000000595
717.510000000000596
717.832000000000596
718.030000000000596
718.167000000000596
719.032000000000597
719.243000000000597
719.380000000000597
719.680000000000598
720.135000000000598
720.285000000000598
720.461000000000598
721.689000000000599
721.848000000000599
722.0440000000006
722.1830000000006
722.4860000000006
722.8000000000006
724.982000000000602
725.103000000000602
725.278000000000602
725.496000000000603
725.630000000000603
726.071000000000603
726.378000000000604
727.130000000000604
727.281000000000604
727.472000000000604
727.624000000000605
727.824000000000605
727.952000000000605
728.397000000000605
728.552000000000605
728.751000000000606
728.912000000000606
731.978000000000608
732.147000000000609
732.434000000000609
732.585000000000609
732.758000000000609
732.940000000000609
735.325000000000611
858.906000000000721
859.063000000000721
859.158000000000721
859.701000000000722
859.849000000000722
859.955000000000722
861.298000000000723
861.442000000000723
861.598000000000724
861.749000000000724
861.898000000000724
863.299000000000725
863.429000000000725
863.837000000000726
864.242000000000726
865.369000000000727
865.668000000000727
865.966000000000727
866.237000000000728
866.522000000000728
867.955000000000729
868.121000000000729
868.26400000000073
868.43700000000073
868.55400000000073
868.84500000000073
869.15000000000073
869.436000000000731
871.201000000000732
871.362000000000732
871.658000000000732
871.975000000000733
872.244000000000733
872.535000000000733
872.957000000000734
873.275000000000734
873.567000000000734
875.056000000000736
875.238000000000736
875.375000000000736
875.684000000000736
875.834000000000736
875.963000000000736
876.279000000000737
877.416000000000738
877.752000000000738
877.936000000000738
878.077000000000738
878.404000000000738
880.42700000000074
880.58500000000074
880.742000000000741
880.909000000000741
884.653000000000744
884.790000000000744
884.958000000000744
885.360000000000745
885.654000000000745
885.840000000000745
885.965000000000745
886.263000000000746
949.661000000000802
950.152000000000802
950.385000000000802
951.396000000000803
952.265000000000804
952.384000000000804
952.613000000000804
953.957000000000806
954.102000000000806
954.231000000000806
954.868000000000806
954.986000000000807
955.245000000000807
955.373000000000807
955.508000000000807
955.913000000000807
957.305000000000809
957.448000000000809
957.727000000000809
958.006000000000809
958.298000000000809
959.13400000000081
959.41700000000081
959.701000000000811
959.993000000000811
961.003000000000812
961.685000000000812
961.848000000000813
962.141000000000813
962.439000000000813
962.863000000000814
963.040000000000814
963.346000000000814
964.792000000000815
964.942000000000815
965.110000000000816
965.395000000000816
965.844000000000816
966.151000000000816
966.602000000000817
966.780000000000817
968.055000000000818
968.185000000000818
968.384000000000818
968.523000000000818
968.831000000000819
970.04800000000082
970.18400000000082
970.38600000000082
970.55300000000082
970.69200000000082
971.010000000000821
971.880000000000822
972.049000000000822
972.228000000000822
972.527000000000822
972.839000000000822
973.038000000000823
973.188000000000823
974.132000000000824
974.300000000000824
974.474000000000824
974.643000000000824
974.820000000000824
975.282000000000825
976.158000000000825
976.330000000000826
976.521000000000826
976.661000000000826
976.860000000000826
977.017000000000826
977.231000000000826
977.366000000000826
977.952000000000827
978.138000000000827
978.318000000000827
978.481000000000827
980.385000000000829
980.695000000000829
981.00400000000083
981.18500000000083
981.34600000000083
982.824000000000831
983.135000000000832
983.300000000000832
983.472000000000832
983.672000000000832
983.811000000000832
984.121000000000832
984.286000000000833
984.720000000000833
984.924000000000833
985.064000000000833
985.380000000000834
987.032000000000835
987.202000000000835
987.374000000000835
987.566000000000835
987.712000000000836
988.049000000000836
988.350000000000836
988.651000000000836
988.834000000000837
989.092000000000837
989.397000000000837
991.017000000000839
991.149000000000839
991.292000000000839
992.34400000000084
992.58900000000084
992.74400000000084
992.90100000000084
993.09000000000084
1135.19900000000097
1135.75800000000097
1136.01700000000097
1136.12000000000097
1136.24000000000097
1136.47700000000097
1136.82500000000097
1136.94400000000097
1137.20000000000097
1137.44600000000097
1138.53600000000097
1138.66100000000097
1138.81900000000097
1138.95100000000097
1139.06900000000097
1139.21900000000097
1139.48700000000097
1139.63700000000097
1139.75200000000097
1141.00000000000097
1141.16000000000097
1141.43200000000097
1141.58700000000097
1141.88500000000097
1142.02300000000097
1142.32100000000097
1143.29600000000097
1143.47900000000097
1143.61900000000097
1144.03000000000097
1145.33400000000098
1145.49300000000098
1145.68200000000098
1145.84100000000098
1145.98400000000098
1146.43700000000098
1146.59100000000098
1146.88500000000098
1147.75800000000098
1147.90000000000098
1148.11600000000098
1148.24900000000098
1148.59500000000098
1149.80600000000098
1149.94800000000098
1150.15100000000098
1150.30800000000098
1150.45100000000098
1150.75900000000098
1151.68600000000098
1151.84900000000098
1152.17400000000098
1153.73200000000098
1153.88400000000098
1154.06100000000098
1154.20300000000098
1155.23400000000098
1155.37800000000098
1155.67600000000098
1155.95500000000098
1156.24200000000099
1156.54300000000099
1157.47100000000099
1157.60500000000099
1157.80400000000099
1157.93700000000099
1158.08900000000099
1158.25500000000099
1158.44500000000099
1159.66100000000099
1159.84500000000099
1159.99600000000099
1160.32700000000099
1160.59900000000099
1160.91400000000099
1161.22300000000099
1161.87500000000099
1162.18900000000099
1162.37900000000099
1162.51700000000099
1164.07200000000099
1164.23200000000099
1164.40000000000099
1164.59300000000099
1164.72800000000099
1165.05100000000099
1165.36200000000099
1167.04900000000099
1167.229000000001
1167.416000000001
1167.554000000001
1167.739000000001
1167.883000000001
1168.186000000001
1169.775000000001
1169.942000000001
1170.099000000001
1170.262000000001
1170.433000000001
1175.693000000001
1175.977000000001
1176.149000000001
1176.271000000001
1176.430000000001
1176.990000000001
1177.401000000001
1177.594000000001
1177.736000000001
1177.939000000001
1178.071000000001
1178.371000000001
1178.66300000000101
1178.86800000000101
1178.98800000000101
1180.81800000000101
1180.98500000000101
1181.16400000000101
1181.43400000000101
1181.63000000000101
1181.76400000000101
1181.95400000000101
1182.09800000000101
1182.41500000000101
1183.44400000000101
1183.61000000000101
1183.78000000000101
1183.94100000000101
1184.12100000000101
1185.29000000000101
1185.46700000000101
1185.79100000000101
1186.10300000000101
1186.54600000000101
1186.74300000000101
1186.91600000000101
1187.26400000000101
1188.31700000000101
1188.49200000000101
1188.69700000000101
1188.84300000000101
1189.18400000000101
1189.47600000000101
1189.69500000000101
1190.56100000000102
1190.72100000000102
1190.90400000000102
1195.65700000000102
1195.83800000000102
1195.99800000000102
1196.56200000000102
1197.02400000000102
1197.19500000000102
1197.37300000000102
1197.51800000000102
1286.3400000000011
1288.4250000000011
1294.30200000000111
1294.78300000000111
1296.11000000000111
1296.94300000000111
1297.03900000000111
1297.20300000000111
1297.42100000000111
1297.82700000000111
1297.95500000000111
1298.45700000000111
1298.59400000000111
1298.75300000000111
1298.88900000000111
1299.08300000000111
1299.42800000000111
1299.89100000000111
1300.40300000000111
1300.67600000000111
1301.15800000000111
1302.18100000000111
1302.50400000000112
1302.78000000000112
1303.07700000000112
1303.39100000000112
1303.65400000000112
1303.77400000000112
1305.19600000000112
1305.63900000000112
1306.18000000000112
1306.77300000000112
1306.90900000000112
1308.02100000000112
1308.04900000000112
1309.64700000000112
1310.11100000000112
1312.48800000000112
1313.26600000000112
1313.42800000000112
1313.59500000000112
1313.72000000000112
1313.89500000000113
1314.02800000000113
1314.20400000000113
1314.35000000000113
1421.47600000000122
1421.60300000000122
1422.16400000000122
1422.31000000000122
1422.44500000000122
1423.02600000000122
1423.14800000000122
1423.81800000000122
1425.69600000000122
-4
3.20500000000000005
49.9990000000000028
50.1190000000000029
50.250000000000003
50.3860000000000031
50.5290000000000032
50.6730000000000034
50.7940000000000035
50.9400000000000036
53.683000000000006
53.8250000000000062
53.9630000000000063
54.1130000000000064
54.2250000000000065
54.3740000000000066
54.5120000000000068
54.6570000000000069
54.806000000000007
57.7990000000000097
58.8490000000000106
103.2910000000000501
103.3930000000000502
103.5170000000000503
103.6500000000000504
105.1370000000000517
105.9030000000000524
170.50600000000011
170.62600000000011
170.74500000000011
172.102000000000111
192.106000000000129
192.248000000000129
192.381000000000129
219.496000000000153
219.616000000000153
219.736000000000154
219.968000000000154
220.211000000000154
221.221000000000155
221.347000000000155
221.492000000000155
221.634000000000155
221.767000000000155
221.907000000000155
222.022000000000156
222.803000000000156
222.976000000000156
224.390000000000158
224.577000000000158
225.625000000000159
225.893000000000159
226.027000000000159
226.159000000000159
226.292000000000159
226.46000000000016
226.62200000000016
226.73800000000016
226.86000000000016
227.864000000000161
228.029000000000161
228.164000000000161
228.457000000000161
228.599000000000161
228.748000000000162
228.877000000000162
289.076000000000215
289.190000000000215
292.263000000000218
292.407000000000218
292.515000000000218
292.649000000000218
292.782000000000218
293.328000000000219
293.431000000000219
293.569000000000219
293.696000000000219
293.826000000000219
293.951000000000219
294.07600000000022
294.18700000000022
294.32100000000022
294.43700000000022
295.659000000000221
295.890000000000221
296.046000000000221
296.161000000000221
296.312000000000222
297.582000000000223
297.734000000000223
298.339000000000223
298.515000000000223
300.116000000000225
300.275000000000225
300.549000000000225
300.670000000000225
300.836000000000226
302.079000000000227
302.226000000000227
302.662000000000227
302.817000000000227
302.971000000000227
303.106000000000228
304.399000000000229
304.548000000000229
304.704000000000229
304.846000000000229
305.007000000000229
305.134000000000229
305.84800000000023
305.99000000000023
306.14800000000023
306.31300000000023
306.756000000000231
306.893000000000231
307.040000000000231
307.166000000000231
309.069000000000233
309.216000000000233
309.365000000000233
309.517000000000233
309.656000000000233
309.813000000000234
309.977000000000234
310.263000000000234
310.412000000000234
311.989000000000235
312.147000000000236
312.551000000000236
312.676000000000236
312.835000000000236
312.953000000000236
313.260000000000237
313.504000000000237
318.073000000000241
318.206000000000241
318.338000000000241
318.498000000000241
318.655000000000241
318.811000000000242
318.970000000000242
319.127000000000242
319.291000000000242
320.129000000000243
320.256000000000243
320.646000000000243
320.706000000000243
320.840000000000243
320.978000000000243
321.160000000000244
321.350000000000244
321.514000000000244
321.884000000000244
322.007000000000244
393.909000000000308
394.250000000000308
394.392000000000309
394.735000000000309
473.764000000000379
474.25600000000038
474.36600000000038
474.93600000000038
475.402000000000381
475.646000000000381
475.767000000000381
475.996000000000381
476.249000000000381
476.943000000000382
480.527000000000385
480.668000000000385
480.944000000000386
481.316000000000386
481.429000000000386
481.547000000000386
481.710000000000386
482.780000000000387
482.910000000000387
483.061000000000387
483.183000000000388
483.311000000000388
483.491000000000388
483.639000000000388
483.787000000000388
485.348000000000389
485.49300000000039
485.77400000000039
485.94400000000039
486.608000000000391
486.902000000000391
488.191000000000392
488.335000000000392
488.509000000000392
488.682000000000392
489.914000000000393
490.083000000000394
490.502000000000394
490.657000000000394
490.832000000000394
490.992000000000394
491.946000000000395
492.131000000000395
492.421000000000396
495.264000000000398
495.411000000000398
495.568000000000398
495.722000000000399
495.873000000000399
496.039000000000399
496.198000000000399
496.316000000000399
496.440000000000399
496.604000000000399
496.7420000000004
496.9070000000004
497.0610000000004
497.1780000000004
497.3620000000004
498.544000000000401
498.710000000000401
498.878000000000401
499.029000000000402
499.188000000000402
499.376000000000402
499.547000000000402
500.395000000000403
500.562000000000403
500.713000000000403
500.877000000000403
501.065000000000403
501.247000000000404
501.549000000000404
502.737000000000405
502.908000000000405
503.084000000000405
503.262000000000405
503.378000000000405
503.576000000000406
503.761000000000406
504.070000000000406
504.390000000000406
504.513000000000406
504.699000000000407
504.829000000000407
505.116000000000407
505.256000000000407
505.918000000000408
506.085000000000408
506.254000000000408
506.417000000000408
506.562000000000408
506.893000000000409
508.20500000000041
508.37600000000041
508.52200000000041
508.69600000000041
509.02600000000041
509.202000000000411
509.387000000000411
509.700000000000411
509.831000000000411
510.421000000000412
510.590000000000412
510.716000000000412
510.912000000000412
511.103000000000412
511.270000000000412
511.587000000000413
511.744000000000413
511.931000000000413
512.128000000000413
512.253000000000413
512.433000000000413
513.981000000000415
514.142000000000415
514.319000000000415
514.630000000000415
514.790000000000416
514.960000000000416
515.140000000000416
519.113000000000419
519.40800000000042
519.57900000000042
519.75100000000042
519.93500000000042
520.903000000000421
521.060000000000421
521.217000000000421
521.495000000000422
521.618000000000422
521.809000000000422
521.986000000000422
522.291000000000422
524.648000000000424
524.798000000000424
524.922000000000425
525.104000000000425
525.528000000000425
525.707000000000425
525.956000000000425
526.144000000000426
526.468000000000426
527.458000000000427
527.778000000000427
527.935000000000427
528.091000000000427
528.284000000000428
528.403000000000428
528.571000000000428
530.156000000000429
530.315000000000429
530.483000000000429
530.64900000000043
530.82400000000043
531.00700000000043
531.19100000000043
531.36600000000043
531.48700000000043
531.673000000000431
531.838000000000431
532.882000000000432
533.046000000000432
533.365000000000432
533.546000000000432
533.711000000000432
533.892000000000432
534.184000000000433
534.388000000000433
534.532000000000433
544.043000000000442
544.164000000000442
544.300000000000442
544.925000000000442
545.065000000000442
546.083000000000443
546.786000000000444
546.924000000000444
547.068000000000444
547.214000000000444
547.370000000000444
547.513000000000445
547.680000000000445
547.837000000000445
547.975000000000445
548.145000000000445
549.767000000000447
549.916000000000447
550.056000000000447
550.216000000000447
550.380000000000447
550.540000000000447
550.723000000000447
550.882000000000448
551.187000000000448
551.585000000000448
551.752000000000448
553.47300000000045
553.60800000000045
553.76200000000045
553.93700000000045
554.11000000000045
554.284000000000451
555.524000000000452
555.829000000000452
556.018000000000452
556.447000000000453
556.976000000000453
557.283000000000453
557.576000000000454
681.394000000000564
693.200000000000574
693.680000000000574
694.112000000000575
694.229000000000575
694.368000000000575
694.915000000000576
695.046000000000576
695.191000000000576
695.293000000000576
695.399000000000576
696.329000000000577
696.450000000000577
696.565000000000577
696.689000000000577
697.154000000000578
697.426000000000578
699.023000000000579
699.275000000000579
699.56900000000058
699.87000000000058
700.27800000000058
701.356000000000581
701.496000000000581
701.665000000000582
701.957000000000582
702.254000000000582
703.701000000000583
703.861000000000583
704.029000000000584
704.325000000000584
705.042000000000584
705.339000000000585
705.480000000000585
705.679000000000585
705.980000000000585
707.315000000000586
707.486000000000587
707.636000000000587
707.806000000000587
707.938000000000587
708.128000000000587
708.449000000000588
708.688000000000588
708.822000000000588
709.009000000000588
709.141000000000588
709.580000000000589
709.760000000000589
710.486000000000589
710.66200000000059
710.85000000000059
712.807000000000591
712.978000000000592
713.159000000000592
713.277000000000592
713.458000000000592
713.614000000000592
713.800000000000592
715.213000000000594
715.368000000000594
715.540000000000594
715.705000000000594
715.869000000000594
716.010000000000594
717.102000000000595
717.275000000000595
717.405000000000596
717.597000000000596
717.915000000000596
718.068000000000596
718.258000000000596
719.118000000000597
719.253000000000597
719.457000000000597
719.755000000000598
720.174000000000598
720.367000000000598
720.550000000000598
721.753000000000599
721.9250000000006
722.0820000000006
722.2680000000006
722.5720000000006
722.8850000000006
725.005000000000602
725.184000000000602
725.361000000000603
725.536000000000603
725.709000000000603
726.149000000000603
726.455000000000604
727.172000000000604
727.354000000000604
727.528000000000604
727.712000000000605
727.838000000000605
728.035000000000605
728.437000000000605
728.633000000000605
728.812000000000606
728.994000000000606
732.040000000000608
732.184000000000609
732.481000000000609
732.665000000000609
732.850000000000609
733.029000000000609
735.350000000000611
858.918000000000721
859.087000000000721
859.209000000000722
859.747000000000722
859.868000000000722
860.024000000000722
861.341000000000723
861.493000000000724
861.640000000000724
861.798000000000724
861.971000000000724
863.332000000000725
863.498000000000725
863.905000000000726
864.318000000000726
865.441000000000727
865.739000000000727
866.017000000000728
866.302000000000728
866.600000000000728
868.011000000000729
868.166000000000729
868.32600000000073
868.45700000000073
868.62000000000073
868.92000000000073
869.21100000000073
869.529000000000731
871.250000000000732
871.419000000000732
871.730000000000733
872.017000000000733
872.313000000000733
872.614000000000733
873.037000000000734
873.345000000000734
873.612000000000734
875.122000000000736
875.279000000000736
875.449000000000736
875.705000000000736
875.859000000000736
876.044000000000736
876.353000000000737
877.486000000000738
877.787000000000738
877.971000000000738
878.165000000000738
878.472000000000739
880.48200000000074
880.63800000000074
880.801000000000741
880.976000000000741
884.691000000000744
884.861000000000744
885.032000000000744
885.436000000000745
885.727000000000745
885.870000000000745
886.045000000000745
886.339000000000746
949.727000000000802
950.186000000000802
950.439000000000802
951.685000000000804
952.298000000000804
952.417000000000804
952.677000000000804
953.994000000000806
954.132000000000806
954.300000000000806
954.882000000000806
955.011000000000807
955.265000000000807
955.407000000000807
955.576000000000807
955.990000000000807
957.352000000000809
957.511000000000809
957.785000000000809
958.075000000000809
958.36700000000081
959.20300000000081
959.48500000000081
959.771000000000811
960.053000000000811
961.082000000000812
961.743000000000812
961.911000000000813
962.209000000000813
962.514000000000813
962.927000000000814
963.107000000000814
963.418000000000814
964.841000000000815
965.007000000000815
965.175000000000816
965.484000000000816
965.924000000000816
966.224000000000816
966.674000000000817
966.850000000000817
968.082000000000818
968.260000000000818
968.425000000000818
968.596000000000819
968.915000000000819
970.08000000000082
970.26400000000082
970.43100000000082
970.58700000000082
970.767000000000821
971.098000000000821
971.944000000000822
972.120000000000822
972.289000000000822
972.611000000000822
972.920000000000822
973.061000000000823
973.270000000000823
974.198000000000824
974.370000000000824
974.545000000000824
974.725000000000824
974.908000000000824
975.348000000000825
976.225000000000825
976.398000000000826
976.533000000000826
976.738000000000826
976.916000000000826
977.116000000000826
977.255000000000826
977.463000000000826
978.024000000000827
978.198000000000827
978.381000000000827
978.577000000000827
980.450000000000829
980.770000000000829
981.07100000000083
981.23000000000083
981.43400000000083
982.894000000000831
983.203000000000832
983.375000000000832
983.553000000000832
983.707000000000832
983.893000000000832
984.185000000000832
984.355000000000833
984.798000000000833
984.959000000000833
985.152000000000833
985.467000000000834
987.100000000000835
987.276000000000835
987.455000000000835
987.608000000000835
987.803000000000836
988.133000000000836
988.422000000000836
988.732000000000836
988.851000000000837
989.154000000000837
989.486000000000837
991.040000000000839
991.173000000000839
991.338000000000839
992.35500000000084
992.64600000000084
992.80500000000084
992.97700000000084
993.11800000000084
1135.29700000000097
1135.82000000000097
1136.03900000000097
1136.15000000000097
1136.29300000000097
1136.53000000000097
1136.85000000000097
1136.99800000000097
1137.23900000000097
1137.51500000000097
1138.55700000000097
1138.71100000000097
1138.85100000000097
1138.97100000000097
1139.11800000000097
1139.25700000000097
1139.53600000000097
1139.65400000000097
1139.82800000000097
1141.05500000000097
1141.21500000000097
1141.49000000000097
1141.64800000000097
1141.91200000000097
1142.09600000000097
1142.39900000000097
1143.35900000000097
1143.52100000000097
1143.68400000000097
1144.11600000000097
1145.38500000000098
1145.55700000000098
1145.71800000000098
1145.86800000000098
1146.05600000000098
1146.48300000000098
1146.66200000000098
1146.96000000000098
1147.79200000000098
1147.97400000000098
1148.13000000000098
1148.32600000000098
1148.68300000000098
1149.85200000000098
1150.02100000000098
1150.18500000000098
1150.34200000000098
1150.52300000000098
1150.84200000000098
1151.75200000000098
1151.92700000000098
1152.25100000000098
1153.78200000000098
1153.94900000000098
1154.09700000000098
1154.27100000000098
1155.28100000000098
1155.44700000000098
1155.73200000000098
1156.01700000000098
1156.31100000000099
1156.62400000000099
1157.50100000000099
1157.67400000000099
1157.81600000000099
1157.99000000000099
1158.15600000000099
1158.34000000000099
1158.53400000000099
1159.73100000000099
1159.89800000000099
1160.08400000000099
1160.34800000000099
1160.68400000000099
1160.97800000000099
1161.30300000000099
1161.95300000000099
1162.25700000000099
1162.40900000000099
1162.61700000000099
1164.12800000000099
1164.30200000000099
1164.47400000000099
1164.63200000000099
1164.80700000000099
1165.13500000000099
1165.44500000000099
1167.12200000000099
1167.298000000001
1167.442000000001
1167.620000000001
1167.776000000001
1167.948000000001
1168.267000000001
1169.835000000001
1170.000000000001
1170.164000000001
1170.331000000001
1170.514000000001
1175.761000000001
1176.034000000001
1176.158000000001
1176.338000000001
1176.489000000001
1177.012000000001
1177.471000000001
1177.640000000001
1177.821000000001
1177.962000000001
1178.142000000001
1178.432000000001
1178.74400000000101
1178.87700000000101
1179.07100000000101
1180.88500000000101
1181.05200000000101
1181.19300000000101
1181.49800000000101
1181.65400000000101
1181.83800000000101
1181.99200000000101
1182.18000000000101
1182.49800000000101
1183.50700000000101
1183.67400000000101
1183.84400000000101
1184.01500000000101
1184.19600000000101
1185.36000000000101
1185.55800000000101
1185.87400000000101
1186.17900000000101
1186.62800000000101
1186.81500000000101
1187.00100000000101
1187.34500000000101
1188.38500000000101
1188.57200000000101
1188.74500000000101
1188.92500000000101
1189.22700000000101
1189.56600000000101
1189.76200000000101
1190.61700000000102
1190.80100000000102
1190.99200000000102
1195.71900000000102
1195.87900000000102
1196.01600000000102
1196.63500000000102
1197.09200000000102
1197.25900000000102
1197.41300000000102
1197.59400000000102
1286.3850000000011
1288.4920000000011
1294.38300000000111
1294.84000000000111
1296.16200000000111
1296.96000000000111
1297.10000000000111
1297.27300000000111
1297.46600000000111
1297.92900000000111
1298.03900000000111
1298.56400000000111
1298.70200000000111
1298.87100000000111
1299.04300000000111
1299.38200000000111
1299.50300000000111
1299.94600000000111
1300.46100000000111
1300.70100000000111
1301.23200000000111
1302.24100000000111
1302.54100000000112
1302.85100000000112
1303.15700000000112
1303.41600000000112
1303.67200000000112
1303.85400000000112
1305.26400000000112
1305.70400000000112
1306.26600000000112
1306.79500000000112
1306.99300000000112
1308.04600000000112
1308.06000000000112
1309.69700000000112
1310.21200000000112
1312.55200000000112
1313.32300000000112
1313.48300000000112
1313.61300000000112
1313.78400000000113
1313.92800000000113
1314.09600000000113
1314.22900000000113
1314.35600000000113
1421.56200000000122
1421.64700000000122
1422.27900000000122
1422.43200000000122
1422.59200000000122
1423.06400000000122
1423.18400000000122
1423.87700000000122
1425.75900000000122
0
0
0
0
0
0
0
0
0
0
0
0
0
3600.00099999983085
0
0
0
0
0
0
