10
10
18
10
10
18
IPP2.13
sacchDay2
0
1
7
50
40
8
57
52
22
4
.3
1
231
231
1
557
557
1
1
1
1
1
1
1
1
1
1
1
1
1
1
1
1
1
1
1
1
230
-1
1.97400000000000003
2.21900000000000003
2.68000000000000004
55.951000000000008
56.0410000000000081
56.1740000000000082
56.9210000000000089
57.060000000000009
57.2040000000000092
58.8060000000000106
58.9500000000000107
59.0570000000000108
59.5350000000000112
59.6960000000000114
62.9870000000000143
64.2840000000000154
123.1160000000000677
123.2300000000000678
123.3550000000000679
123.488000000000068
123.6280000000000682
123.7600000000000683
123.9020000000000684
124.0340000000000685
124.1130000000000686
124.1660000000000686
124.3010000000000688
124.4430000000000689
124.569000000000069
124.7330000000000691
124.8690000000000693
125.0090000000000694
125.1360000000000695
125.2680000000000696
125.3940000000000697
125.5210000000000698
125.6050000000000699
125.65800000000007
125.7940000000000701
125.9260000000000702
126.0870000000000703
126.2040000000000704
126.3360000000000706
126.4730000000000707
126.6130000000000708
126.7580000000000709
126.883000000000071
127.0000000000000712
129.046000000000073
129.157000000000073
133.334000000000077
133.602000000000077
134.308000000000078
134.451000000000078
134.586000000000078
134.701000000000078
134.828000000000078
137.748000000000081
137.824000000000081
137.976000000000081
138.057000000000081
138.250000000000081
138.455000000000081
138.542000000000081
138.680000000000082
138.725000000000082
138.865000000000082
139.002000000000082
139.069000000000082
140.895000000000084
140.964000000000084
141.113000000000084
177.202000000000116
177.290000000000116
177.519000000000116
177.593000000000116
177.648000000000116
177.741000000000116
177.790000000000116
177.879000000000116
177.916000000000116
177.993000000000116
178.576000000000117
178.753000000000117
203.403000000000139
203.667000000000139
206.398000000000142
207.702000000000143
405.976000000000319
449.176000000000357
449.234000000000357
449.271000000000357
449.354000000000357
449.384000000000357
449.479000000000358
449.507000000000358
449.589000000000358
450.098000000000358
450.482000000000358
450.569000000000359
450.585000000000359
450.842000000000359
450.887000000000359
451.252000000000359
456.946000000000364
457.040000000000364
457.289000000000364
458.441000000000366
458.767000000000366
459.188000000000366
459.237000000000366
459.360000000000366
459.517000000000366
460.011000000000367
461.202000000000368
461.567000000000368
462.125000000000369
462.604000000000369
462.725000000000369
462.853000000000369
462.97300000000037
463.61200000000037
463.75600000000037
464.199000000000371
464.297000000000371
464.397000000000371
464.619000000000371
464.712000000000371
464.835000000000371
464.967000000000371
465.339000000000372
465.546000000000372
465.797000000000372
466.096000000000372
466.649000000000373
467.237000000000373
467.650000000000374
467.867000000000374
467.989000000000374
468.817000000000375
470.159000000000376
471.602000000000377
471.716000000000377
472.266000000000378
472.499000000000378
472.804000000000378
939.697000000000793
939.822000000000793
939.947000000000793
940.887000000000794
943.859000000000797
944.003000000000797
944.117000000000797
944.168000000000797
944.284000000000797
2013.30400000000175
2013.58200000000175
2014.39400000000175
2015.03900000000175
2016.80100000000175
2016.88600000000175
2017.61900000000175
2027.11500000000176
2028.06500000000176
2028.35100000000176
2028.47600000000176
2028.59300000000176
2028.71500000000176
2028.83900000000176
2028.97700000000176
2029.03700000000176
2029.09800000000176
2029.22300000000176
2029.37400000000176
2029.52800000000176
2029.66200000000176
2029.78600000000176
2029.92000000000176
2029.99900000000176
2030.33200000000176
2030.46100000000176
2030.59000000000176
2031.17000000000176
2031.28600000000176
2031.37300000000176
2031.42400000000176
2031.57400000000176
2031.74800000000176
2031.87900000000176
2031.95700000000176
2031.97800000000176
2032.14300000000176
2032.54500000000176
2032.77000000000176
2032.83400000000176
2032.90500000000176
2032.98200000000176
2033.13600000000176
2033.28200000000176
2033.42500000000176
2033.55700000000176
2033.69500000000176
2033.77600000000176
2033.96300000000176
2034.03200000000176
2034.18000000000176
2034.32500000000177
2034.47300000000177
2034.59500000000177
2034.67100000000177
2034.83200000000177
2035.40900000000177
2035.56800000000177
2035.63100000000177
2035.72600000000177
2035.81500000000177
2035.87500000000177
2036.01100000000177
2039.75100000000177
2039.86900000000177
2045.67900000000178
2047.50300000000178
2047.60600000000178
2047.67500000000178
2048.53300000000172
2048.88800000000168
2049.01100000000167
2408.94399999996202
2566.14399999994471
3020.33499999989469
-2
2.02300000000000003
2.33900000000000004
2.71900000000000004
55.9830000000000081
56.1480000000000082
56.8800000000000089
57.044000000000009
57.1980000000000092
58.7700000000000106
58.8810000000000106
58.9830000000000107
59.1150000000000109
59.5560000000000112
62.9690000000000143
64.2340000000000154
64.3640000000000155
123.1660000000000678
123.3180000000000679
123.432000000000068
123.5720000000000681
123.7030000000000682
123.8550000000000684
123.9770000000000685
124.1120000000000686
124.1230000000000686
124.2420000000000687
124.3900000000000688
124.518000000000069
124.6610000000000691
124.8200000000000692
124.9550000000000693
125.0870000000000694
125.2170000000000696
125.3380000000000697
125.4640000000000698
125.6010000000000699
125.6160000000000699
125.74500000000007
125.8780000000000702
126.0210000000000703
126.1580000000000704
126.2770000000000705
126.4160000000000706
126.5640000000000708
126.7090000000000709
126.860000000000071
126.9680000000000711
129.019000000000073
129.077000000000073
133.309000000000077
133.586000000000077
134.255000000000078
134.421000000000078
134.500000000000078
134.641000000000078
134.772000000000078
137.37600000000008
137.776000000000081
137.843000000000081
138.042000000000081
138.231000000000081
138.275000000000081
138.478000000000081
138.571000000000081
138.719000000000082
138.860000000000082
138.997000000000082
139.059000000000082
139.158000000000082
140.942000000000084
141.088000000000084
141.198000000000084
177.241000000000116
177.505000000000116
177.580000000000116
177.613000000000116
177.728000000000116
177.757000000000116
177.851000000000116
177.912000000000116
177.986000000000116
178.330000000000117
178.607000000000117
178.922000000000117
203.664000000000139
203.687000000000139
207.447000000000143
208.182000000000143
406.013000000000319
449.224000000000357
449.258000000000357
449.342000000000357
449.362000000000357
449.471000000000358
449.493000000000358
449.573000000000358
450.053000000000358
450.115000000000358
450.513000000000358
450.582000000000359
450.684000000000359
450.881000000000359
451.137000000000359
451.329000000000359
456.977000000000364
457.282000000000364
458.013000000000365
458.476000000000366
459.140000000000366
459.200000000000366
459.334000000000366
459.493000000000366
459.671000000000367
460.195000000000367
461.266000000000368
461.623000000000368
462.431000000000369
462.677000000000369
462.813000000000369
462.93500000000037
463.42800000000037
463.67800000000037
463.79500000000037
464.263000000000371
464.364000000000371
464.466000000000371
464.692000000000371
464.814000000000371
464.922000000000371
465.020000000000371
465.472000000000372
465.782000000000372
466.053000000000372
466.643000000000373
467.143000000000373
467.481000000000374
467.866000000000374
467.926000000000374
468.816000000000375
470.082000000000376
471.601000000000377
471.629000000000377
472.002000000000378
472.321000000000378
472.796000000000378
473.123000000000379
939.736000000000793
939.868000000000793
939.990000000000793
940.897000000000794
943.913000000000797
944.040000000000797
944.155000000000797
944.220000000000797
944.463000000000797
2013.32800000000175
2014.30600000000175
2014.63500000000175
2015.80000000000175
2016.82900000000175
2016.94800000000175
2017.63500000000175
2027.12400000000176
2028.09800000000176
2028.40500000000176
2028.52000000000176
2028.63300000000176
2028.75800000000176
2028.89200000000176
2029.02300000000176
2029.05700000000176
2029.14800000000176
2029.29500000000176
2029.44200000000176
2029.58200000000176
2029.70800000000176
2029.82900000000176
2029.97400000000176
2030.01600000000176
2030.37400000000176
2030.50100000000176
2030.63200000000176
2031.19100000000176
2031.33600000000176
2031.39300000000176
2031.47700000000176
2031.64400000000176
2031.79500000000176
2031.93600000000176
2031.97500000000176
2032.04900000000176
2032.17700000000176
2032.56400000000176
2032.79100000000176
2032.90000000000176
2032.92700000000176
2033.05000000000176
2033.20300000000176
2033.32700000000176
2033.46200000000176
2033.68400000000176
2033.77000000000176
2033.94600000000176
2033.98100000000176
2034.08200000000176
2034.22800000000176
2034.38000000000176
2034.56700000000177
2034.63500000000177
2034.73900000000177
2034.89800000000177
2035.55500000000177
2035.62600000000177
2035.70500000000177
2035.77800000000177
2035.84600000000177
2035.92100000000177
2036.04000000000177
2039.77900000000177
2039.90400000000177
2045.71200000000178
2047.59500000000178
2047.63300000000178
2048.49800000000172
2048.83800000000168
2048.98400000000167
2049.70000000000159
2408.99099999996202
2566.17299999994471
3020.35899999989469
556
-3
10.2530000000000002
10.3380000000000002
10.4370000000000002
10.54800000000000021
10.62100000000000021
10.73800000000000021
10.86500000000000021
10.99000000000000022
11.13400000000000022
11.26300000000000022
11.50700000000000023
42.4529999999999961
42.5309999999999961
47.0500000000000001
47.4440000000000005
51.6970000000000043
51.8420000000000044
51.9560000000000045
52.7930000000000052
75.9680000000000258
76.0550000000000259
76.173000000000026
76.2460000000000261
81.1580000000000304
86.4090000000000351
88.3130000000000368
90.0460000000000383
94.8000000000000426
94.8840000000000426
96.9790000000000445
97.1170000000000446
145.488000000000088
145.584000000000088
145.699000000000088
145.796000000000088
145.947000000000088
146.516000000000088
149.794000000000091
149.926000000000092
150.443000000000092
150.552000000000092
155.519000000000096
157.000000000000098
158.608000000000099
158.750000000000099
159.1270000000001
163.016000000000103
213.024000000000148
213.126000000000148
213.248000000000148
213.382000000000148
213.492000000000148
213.656000000000148
213.783000000000148
213.912000000000148
214.032000000000148
214.159000000000149
214.284000000000149
214.415000000000149
214.547000000000149
214.671000000000149
214.790000000000149
214.915000000000149
215.032000000000149
215.54800000000015
218.387000000000152
218.896000000000153
226.50800000000016
226.62700000000016
226.77500000000016
235.881000000000168
237.015000000000169
237.154000000000169
237.409000000000169
237.539000000000169
237.676000000000169
238.11200000000017
239.643000000000171
239.776000000000171
239.905000000000171
240.903000000000172
244.511000000000176
244.975000000000176
245.238000000000176
245.637000000000177
246.336000000000177
246.621000000000177
246.900000000000178
249.08000000000018
252.353000000000182
252.456000000000183
253.197000000000183
253.488000000000183
256.327000000000186
259.341000000000189
259.435000000000189
259.571000000000189
259.871000000000189
261.783000000000191
266.041000000000195
266.158000000000195
268.478000000000197
270.905000000000199
271.024000000000199
273.261000000000201
274.184000000000202
325.677000000000248
325.772000000000248
325.878000000000248
325.962000000000248
326.120000000000248
326.232000000000248
326.357000000000248
326.428000000000248
326.480000000000248
326.559000000000248
326.735000000000249
326.857000000000249
326.980000000000249
327.108000000000249
327.234000000000249
327.366000000000249
327.488000000000249
327.608000000000249
327.733000000000249
327.84900000000025
327.97900000000025
328.11500000000025
328.24600000000025
328.51300000000025
328.65400000000025
329.860000000000251
329.989000000000251
330.118000000000252
330.286000000000252
330.389000000000252
330.517000000000252
330.643000000000252
331.117000000000252
331.257000000000253
331.387000000000253
335.223000000000256
335.342000000000256
335.460000000000256
338.615000000000259
339.43000000000026
339.55600000000026
340.988000000000261
341.127000000000261
341.266000000000261
341.399000000000262
342.103000000000262
342.220000000000262
342.490000000000263
344.368000000000264
346.363000000000266
346.497000000000266
346.644000000000266
346.783000000000266
346.922000000000266
347.053000000000267
347.565000000000267
351.08300000000027
351.554000000000271
352.744000000000272
353.134000000000272
360.645000000000279
360.717000000000279
360.761000000000279
360.896000000000279
361.033000000000279
361.185000000000279
361.363000000000279
362.889000000000281
366.205000000000284
366.328000000000284
370.290000000000287
370.386000000000287
373.47700000000029
373.76200000000029
375.357000000000292
375.462000000000292
379.372000000000295
381.201000000000297
381.726000000000297
388.882000000000304
388.982000000000304
391.771000000000306
391.888000000000306
392.019000000000307
392.140000000000307
392.267000000000307
481.128000000000386
481.218000000000386
481.277000000000386
481.320000000000386
481.437000000000386
481.558000000000386
481.687000000000386
481.799000000000386
481.916000000000386
481.998000000000386
482.039000000000386
482.160000000000387
482.291000000000387
482.400000000000387
482.517000000000387
482.635000000000387
482.755000000000387
482.875000000000387
482.997000000000387
483.121000000000387
483.245000000000388
483.366000000000388
483.509000000000388
483.629000000000388
483.768000000000388
483.889000000000388
484.493000000000389
484.613000000000389
484.739000000000389
484.866000000000389
485.001000000000389
485.127000000000389
485.256000000000389
485.381000000000389
485.50900000000039
485.62700000000039
485.77100000000039
485.88600000000039
486.00500000000039
486.13400000000039
486.25700000000039
486.38800000000039
487.022000000000391
487.146000000000391
487.293000000000391
487.431000000000391
487.558000000000391
487.704000000000392
487.857000000000392
488.012000000000392
488.159000000000392
488.300000000000392
488.425000000000392
488.554000000000392
488.818000000000392
488.945000000000393
489.088000000000393
489.230000000000393
489.355000000000393
490.401000000000394
490.541000000000394
490.831000000000394
491.116000000000395
491.364000000000395
492.209000000000396
492.599000000000396
496.035000000000399
504.050000000000406
505.422000000000407
507.94600000000041
543.534000000000441
543.629000000000441
543.746000000000441
543.871000000000441
544.003000000000442
544.137000000000442
544.222000000000442
544.275000000000442
544.400000000000442
544.551000000000442
544.687000000000442
544.833000000000442
544.969000000000442
545.473000000000443
545.598000000000443
545.733000000000443
545.859000000000443
546.121000000000443
546.249000000000444
546.378000000000444
546.643000000000444
546.924000000000444
547.064000000000444
547.189000000000444
547.319000000000444
547.446000000000445
547.594000000000445
547.730000000000445
548.149000000000445
548.285000000000445
548.846000000000446
551.531000000000448
551.683000000000448
551.806000000000448
553.23300000000045
565.06600000000046
572.741000000000467
576.41000000000047
577.225000000000471
584.098000000000477
584.298000000000477
587.14300000000048
588.023000000000481
635.290000000000523
635.367000000000523
635.457000000000523
635.506000000000523
635.638000000000523
635.777000000000523
635.878000000000523
636.539000000000524
636.653000000000524
640.508000000000527
645.622000000000532
651.624000000000537
653.707000000000539
653.826000000000539
663.369000000000548
663.700000000000548
664.001000000000548
664.591000000000549
665.275000000000549
665.85400000000055
696.217000000000577
696.343000000000577
696.482000000000577
696.630000000000577
696.756000000000577
696.904000000000577
697.023000000000577
697.177000000000578
697.313000000000578
697.434000000000578
697.564000000000578
697.693000000000578
698.086000000000578
698.205000000000578
698.348000000000579
698.493000000000579
706.470000000000586
742.028000000000617
742.235000000000618
800.415000000000669
800.533000000000669
800.655000000000669
800.77500000000067
800.90100000000067
801.03900000000067
801.17300000000067
801.28200000000067
801.40600000000067
801.54200000000067
801.65200000000067
801.80700000000067
801.934000000000671
802.054000000000671
802.179000000000671
802.298000000000671
802.435000000000671
802.579000000000671
802.730000000000671
802.840000000000671
802.968000000000672
803.091000000000672
803.221000000000672
803.336000000000672
803.464000000000672
805.355000000000674
808.096000000000676
811.364000000000679
856.470000000000719
856.566000000000719
856.687000000000719
856.800000000000719
856.94200000000072
857.05800000000072
857.29900000000072
857.40900000000072
857.53800000000072
857.65400000000072
857.80300000000072
857.92900000000072
858.06200000000072
858.201000000000721
858.322000000000721
858.450000000000721
858.578000000000721
858.704000000000721
858.838000000000721
858.992000000000721
859.130000000000721
861.121000000000723
861.362000000000723
861.757000000000724
861.871000000000724
862.384000000000724
948.489000000000801
948.586000000000801
948.700000000000801
948.819000000000801
948.949000000000801
949.069000000000801
949.188000000000801
949.306000000000801
949.385000000000802
949.433000000000802
949.565000000000802
949.708000000000802
949.824000000000802
949.944000000000802
950.075000000000802
950.236000000000802
950.365000000000802
950.487000000000802
950.610000000000803
950.740000000000803
950.874000000000803
951.007000000000803
951.554000000000803
951.663000000000804
954.389000000000806
955.632000000000807
956.478000000000808
958.247000000000809
975.408000000000825
1066.97400000000091
1067.08600000000091
1067.21700000000091
1067.35200000000091
1067.47500000000091
1067.62100000000091
1067.74100000000091
1067.87200000000091
1068.04900000000091
1068.19600000000091
1068.32500000000091
1068.45400000000091
1068.59000000000091
1068.72200000000091
1068.86400000000091
1070.81500000000091
1071.06300000000091
1072.76800000000091
1075.85500000000091
1077.34100000000092
1080.10800000000092
1094.16500000000093
1094.27300000000093
1096.27500000000093
1136.14600000000097
1136.25400000000097
1136.32400000000097
1136.37600000000097
1136.50600000000097
1136.62900000000097
1136.76200000000097
1136.89600000000097
1137.01900000000097
1137.15300000000097
1137.30100000000097
1140.48200000000097
1220.92100000000104
1221.02100000000104
1221.13400000000104
1221.28000000000104
1221.40600000000104
1221.56600000000104
1221.71300000000104
1221.83600000000104
1221.95700000000104
1222.10600000000104
1222.44300000000104
1222.57300000000104
1222.69600000000104
1266.43700000000108
1266.54900000000108
1266.67300000000108
1266.79900000000108
1266.92400000000108
1267.04400000000108
1267.17200000000108
1267.29500000000108
1267.42200000000108
1267.55200000000108
1267.66700000000108
1267.79600000000108
1267.91000000000108
1268.04400000000108
1268.19300000000108
1268.31600000000108
1271.95400000000109
1461.18800000000126
1461.29300000000126
1461.43100000000126
1461.55500000000126
1461.68600000000126
1461.81800000000126
1461.93300000000126
1462.06600000000126
1462.56300000000126
1462.69000000000126
1462.86600000000126
1462.99400000000126
1463.12000000000126
1463.24100000000126
1463.36200000000126
1463.50100000000126
1463.63300000000126
1463.77600000000126
1470.04600000000126
1712.30500000000148
1712.40800000000148
1712.51600000000148
1713.85700000000148
1714.02400000000148
1714.13600000000148
1714.26200000000148
1714.39400000000148
1714.53200000000148
1714.67000000000148
1714.78300000000148
1714.90400000000148
1715.03000000000148
1715.16900000000148
1715.29100000000148
1715.42000000000148
1715.55200000000148
1715.67400000000148
1722.28200000000149
2439.26899999995869
2440.11199999995859
2440.59799999995854
2441.37999999995845
2441.74399999995841
2441.8959999999584
2442.02299999995838
2442.18899999995836
2442.46099999995833
2442.58099999995832
2442.69899999995831
2442.85899999995829
2442.99899999995827
2443.14899999995826
2443.26999999995824
2443.39799999995823
2443.54399999995821
2443.6729999999582
2444.82499999995807
2444.97399999995806
2704.10799999992952
2704.2459999999295
2704.35199999992949
2704.52799999992947
2704.64999999992946
-4
10.2810000000000002
10.3860000000000002
10.49000000000000021
10.61200000000000021
10.73300000000000021
10.85900000000000021
10.98300000000000022
11.11700000000000022
11.24400000000000022
11.50300000000000023
11.63400000000000023
42.5049999999999961
44.7709999999999981
47.0600000000000002
47.5010000000000005
51.7050000000000043
51.8520000000000044
51.9660000000000045
52.8050000000000053
76.0090000000000259
76.121000000000026
76.2400000000000261
76.3690000000000262
81.1640000000000304
86.4180000000000351
88.3470000000000368
90.0510000000000383
94.8300000000000426
94.9140000000000427
97.0130000000000445
97.1400000000000446
145.534000000000088
145.652000000000088
145.775000000000088
145.907000000000088
146.038000000000088
146.530000000000088
149.801000000000091
149.934000000000092
150.455000000000092
150.584000000000092
155.536000000000096
157.008000000000098
158.615000000000099
158.759000000000099
159.1480000000001
163.050000000000103
213.066000000000148
213.193000000000148
213.318000000000148
213.454000000000148
213.581000000000148
213.691000000000148
213.811000000000148
213.946000000000148
214.052000000000148
214.172000000000149
214.297000000000149
214.424000000000149
214.554000000000149
214.678000000000149
214.797000000000149
214.923000000000149
215.038000000000149
215.55400000000015
218.395000000000152
218.920000000000153
226.53300000000016
226.63300000000016
226.78100000000016
235.890000000000168
237.023000000000169
237.163000000000169
237.427000000000169
237.550000000000169
237.687000000000169
238.11900000000017
239.653000000000171
239.785000000000171
239.913000000000171
240.917000000000172
244.531000000000176
244.984000000000176
245.245000000000176
245.659000000000177
246.342000000000177
246.630000000000177
246.917000000000178
249.09700000000018
252.373000000000183
252.463000000000183
253.205000000000183
253.505000000000184
256.342000000000186
259.355000000000189
259.455000000000189
259.581000000000189
259.878000000000189
261.842000000000191
266.101000000000195
266.176000000000195
268.487000000000197
270.927000000000199
271.033000000000199
273.267000000000201
274.222000000000202
325.720000000000248
325.829000000000248
325.954000000000248
326.066000000000248
326.181000000000248
326.303000000000248
326.422000000000248
326.449000000000248
326.548000000000248
326.580000000000248
326.748000000000249
326.879000000000249
327.007000000000249
327.127000000000249
327.251000000000249
327.390000000000249
327.509000000000249
327.629000000000249
327.749000000000249
327.86700000000025
327.98900000000025
328.12700000000025
328.26100000000025
328.52600000000025
328.66700000000025
329.868000000000251
330.000000000000251
330.130000000000252
330.301000000000252
330.404000000000252
330.530000000000252
330.659000000000252
331.152000000000252
331.275000000000253
331.395000000000253
335.230000000000256
335.349000000000256
335.466000000000256
338.620000000000259
339.44600000000026
339.56900000000026
340.994000000000261
341.133000000000261
341.271000000000261
341.405000000000262
342.109000000000262
342.228000000000262
342.497000000000263
344.390000000000264
346.368000000000266
346.503000000000266
346.652000000000266
346.790000000000266
346.928000000000266
347.060000000000267
347.585000000000267
351.08900000000027
351.570000000000271
352.750000000000272
353.146000000000272
360.702000000000279
360.757000000000279
360.796000000000279
360.904000000000279
361.045000000000279
361.192000000000279
361.376000000000279
362.899000000000281
366.212000000000284
366.334000000000284
370.306000000000287
370.429000000000287
373.48300000000029
373.77700000000029
375.378000000000292
375.470000000000292
379.405000000000295
381.207000000000297
381.746000000000297
388.921000000000304
389.045000000000304
391.778000000000306
391.897000000000306
392.030000000000307
392.149000000000307
392.275000000000307
481.143000000000386
481.258000000000386
481.286000000000386
481.379000000000386
481.552000000000386
481.623000000000386
481.735000000000386
481.870000000000386
481.985000000000386
482.017000000000386
482.104000000000387
482.221000000000387
482.341000000000387
482.449000000000387
482.556000000000387
482.670000000000387
482.786000000000387
482.905000000000387
483.023000000000387
483.140000000000387
483.264000000000388
483.383000000000388
483.527000000000388
483.644000000000388
483.786000000000388
483.903000000000388
484.538000000000389
484.641000000000389
484.753000000000389
484.881000000000389
485.011000000000389
485.137000000000389
485.267000000000389
485.392000000000389
485.52200000000039
485.63900000000039
485.78000000000039
485.89700000000039
486.01600000000039
486.14500000000039
486.26900000000039
486.39800000000039
487.059000000000391
487.166000000000391
487.307000000000391
487.443000000000391
487.568000000000391
487.715000000000392
487.868000000000392
488.020000000000392
488.166000000000392
488.309000000000392
488.435000000000392
488.563000000000392
488.827000000000392
488.954000000000393
489.099000000000393
489.240000000000393
489.364000000000393
490.435000000000394
490.554000000000394
490.837000000000394
491.122000000000395
491.371000000000395
492.215000000000396
492.618000000000396
496.049000000000399
504.067000000000406
505.435000000000407
507.96500000000041
543.571000000000441
543.688000000000441
543.814000000000441
543.940000000000441
544.065000000000442
544.208000000000442
544.234000000000442
544.313000000000442
544.429000000000442
544.570000000000442
544.703000000000442
544.849000000000442
544.983000000000442
545.503000000000443
545.624000000000443
545.746000000000443
545.872000000000443
546.130000000000443
546.257000000000443
546.386000000000444
546.649000000000444
546.931000000000444
547.073000000000444
547.198000000000444
547.329000000000444
547.456000000000445
547.604000000000445
547.737000000000445
548.155000000000445
548.291000000000445
548.853000000000446
551.537000000000448
551.690000000000448
551.812000000000448
553.24700000000045
565.07200000000046
572.762000000000467
576.42200000000047
577.232000000000471
584.122000000000477
584.313000000000477
587.17100000000048
588.030000000000481
635.320000000000523
635.447000000000523
635.478000000000523
635.583000000000523
635.672000000000523
635.799000000000523
635.887000000000523
636.546000000000524
636.660000000000524
640.516000000000527
645.631000000000532
651.632000000000537
653.721000000000539
653.833000000000539
663.447000000000548
663.712000000000548
664.011000000000548
664.599000000000549
665.288000000000549
665.86000000000055
696.280000000000577
696.413000000000577
696.547000000000577
696.676000000000577
696.814000000000577
696.924000000000577
697.041000000000577
697.191000000000578
697.325000000000578
697.445000000000578
697.573000000000578
697.702000000000578
698.093000000000578
698.212000000000578
698.356000000000579
698.500000000000579
706.483000000000586
742.038000000000617
742.242000000000618
800.471000000000669
800.586000000000669
800.706000000000669
800.83500000000067
800.96500000000067
801.08800000000067
801.20800000000067
801.32900000000067
801.47000000000067
801.57900000000067
801.69600000000067
801.83600000000067
801.960000000000671
802.077000000000671
802.200000000000671
802.318000000000671
802.452000000000671
802.594000000000671
802.746000000000671
802.850000000000671
802.974000000000672
803.099000000000672
803.231000000000672
803.346000000000672
803.473000000000672
805.364000000000674
808.105000000000676
811.374000000000679
856.498000000000719
856.618000000000719
856.738000000000719
856.862000000000719
856.98200000000072
857.09000000000072
857.31900000000072
857.44500000000072
857.57800000000072
857.71900000000072
857.84500000000072
857.95700000000072
858.08100000000072
858.214000000000721
858.343000000000721
858.463000000000721
858.590000000000721
858.714000000000721
858.849000000000721
859.001000000000721
859.137000000000721
861.154000000000723
861.383000000000723
861.778000000000724
861.888000000000724
862.407000000000724
948.521000000000801
948.634000000000801
948.750000000000801
948.874000000000801
948.999000000000801
949.117000000000801
949.236000000000801
949.364000000000802
949.398000000000802
949.491000000000802
949.606000000000802
949.731000000000802
949.842000000000802
949.959000000000802
950.088000000000802
950.245000000000802
950.373000000000802
950.495000000000802
950.617000000000803
950.746000000000803
950.880000000000803
951.013000000000803
951.566000000000803
951.670000000000804
954.401000000000806
955.640000000000807
956.484000000000808
958.258000000000809
975.423000000000825
1067.02000000000091
1067.14200000000091
1067.28000000000091
1067.40600000000091
1067.54500000000091
1067.67100000000091
1067.79800000000091
1067.90900000000091
1068.07800000000091
1068.21300000000091
1068.33700000000091
1068.46400000000091
1068.59900000000091
1068.73000000000091
1068.87000000000091
1070.82200000000091
1071.06800000000091
1072.77500000000091
1075.86600000000091
1077.35000000000092
1080.11600000000092
1094.18800000000093
1094.27900000000093
1096.28100000000093
1136.19300000000097
1136.31000000000097
1136.34600000000097
1136.43400000000097
1136.55700000000097
1136.66900000000097
1136.78600000000097
1136.91100000000097
1137.03000000000097
1137.16100000000097
1137.30700000000097
1140.49300000000097
1220.95900000000104
1221.06600000000104
1221.19800000000104
1221.33300000000104
1221.47800000000104
1221.61200000000104
1221.75600000000104
1221.86200000000104
1221.97700000000104
1222.12000000000104
1222.46000000000104
1222.59500000000104
1222.70900000000104
1266.48400000000108
1266.60600000000108
1266.72600000000108
1266.85300000000108
1266.97000000000108
1267.09500000000108
1267.21600000000108
1267.33400000000108
1267.44600000000108
1267.57000000000108
1267.68100000000108
1267.80800000000108
1267.92100000000108
1268.05300000000108
1268.20100000000108
1268.32400000000108
1271.96100000000109
1461.21300000000126
1461.34600000000126
1461.47400000000126
1461.60700000000126
1461.72800000000126
1461.85400000000126
1461.97900000000126
1462.09700000000126
1462.60500000000126
1462.76700000000126
1462.91700000000126
1463.02700000000126
1463.14300000000126
1463.25800000000126
1463.37800000000126
1463.51300000000126
1463.64200000000126
1463.78500000000126
1470.05300000000126
1712.34200000000148
1712.44200000000148
1712.55600000000148
1713.88800000000148
1714.06000000000148
1714.18300000000148
1714.31200000000148
1714.45300000000148
1714.58700000000148
1714.70300000000148
1714.81500000000148
1714.93000000000148
1715.05000000000148
1715.18300000000148
1715.30200000000148
1715.42900000000148
1715.55900000000148
1715.68200000000148
1722.28900000000149
2439.31399999995868
2440.15499999995859
2440.63599999995853
2441.41099999995845
2441.79699999995841
2441.93799999995839
2442.09299999995837
2442.21499999995836
2442.48699999995833
2442.60199999995832
2442.7529999999583
2442.88199999995829
2443.01399999995827
2443.17199999995826
2443.28199999995824
2443.40699999995823
2443.55099999995821
2443.6799999999582
2444.86199999995807
2444.98499999995806
2704.14199999992951
2704.2649999999295
2704.41299999992948
2704.54999999992947
2704.67399999992946
0
0
0
0
0
0
0
0
0
0
0
0
0
3600.00099999983085
0
0
0
0
0
0
