8
11
19
8
11
19
IPPneo1.11
sacch1
0
3
11
13
20
12
14
55
22
4
.3
1
784
784
1
732
732
1
1
1
1
1
1
1
1
1
1
1
1
1
1
1
1
1
1
1
1
783
-1
8.56500000000000016
148.33500000000009
148.41500000000009
148.44500000000009
358.484000000000277
363.602000000000281
363.733000000000281
363.860000000000282
365.620000000000283
365.757000000000283
365.897000000000283
366.353000000000284
366.512000000000284
367.908000000000285
368.013000000000285
368.294000000000285
368.330000000000285
369.036000000000286
369.815000000000287
370.004000000000287
370.113000000000287
573.391000000000468
637.455000000000524
637.966000000000525
638.120000000000525
638.619000000000526
638.768000000000526
638.925000000000526
639.086000000000526
639.898000000000527
640.055000000000527
640.212000000000527
641.538000000000528
641.723000000000528
641.870000000000528
642.043000000000529
642.193000000000529
671.500000000000555
671.688000000000555
672.750000000000556
850.194000000000713
850.356000000000714
850.501000000000714
850.923000000000714
851.053000000000714
851.192000000000714
851.341000000000714
851.477000000000715
851.630000000000715
852.793000000000716
852.943000000000716
853.100000000000716
853.268000000000716
853.424000000000716
853.704000000000716
853.985000000000717
854.163000000000717
854.444000000000717
854.767000000000718
854.946000000000718
856.727000000000719
856.887000000000719
857.05100000000072
857.22300000000072
857.39700000000072
857.57100000000072
857.75300000000072
857.93100000000072
858.13300000000072
858.326000000000721
859.814000000000722
859.956000000000722
860.123000000000722
860.305000000000722
860.487000000000723
860.677000000000723
860.871000000000723
861.057000000000723
861.264000000000723
861.457000000000723
861.663000000000724
861.852000000000724
863.219000000000725
863.370000000000725
863.522000000000725
863.714000000000725
863.907000000000726
864.113000000000726
864.327000000000726
864.529000000000726
864.727000000000726
866.302000000000728
866.459000000000728
866.637000000000728
866.822000000000728
867.018000000000728
867.216000000000729
867.424000000000729
867.622000000000729
867.818000000000729
868.027000000000729
868.260000000000729
869.15400000000073
869.32200000000073
869.506000000000731
869.688000000000731
869.899000000000731
870.115000000000731
870.325000000000731
870.537000000000732
870.725000000000732
871.053000000000732
871.259000000000732
871.448000000000732
871.671000000000732
875.767000000000736
875.914000000000736
876.076000000000736
876.251000000000737
876.423000000000737
876.585000000000737
876.789000000000737
877.164000000000737
877.354000000000738
877.554000000000738
877.745000000000738
877.940000000000738
878.127000000000738
878.322000000000738
879.498000000000739
879.65400000000074
879.83500000000074
880.01400000000074
880.20300000000074
880.39100000000074
880.57600000000074
880.784000000000741
880.967000000000741
881.145000000000741
884.203000000000744
885.123000000000744
885.269000000000745
885.441000000000745
885.613000000000745
885.800000000000745
886.098000000000745
886.274000000000746
886.468000000000746
886.671000000000746
886.851000000000746
890.86500000000075
891.44600000000075
891.58600000000075
891.74700000000075
891.92300000000075
892.096000000000751
892.251000000000751
895.147000000000753
896.274000000000754
896.587000000000755
896.971000000000755
897.507000000000756
898.672000000000756
899.282000000000757
899.607000000000757
902.32200000000076
902.45200000000076
902.60500000000076
902.77000000000076
902.93400000000076
903.10000000000076
903.278000000000761
903.451000000000761
903.625000000000761
903.789000000000761
904.988000000000762
905.152000000000762
905.336000000000762
905.521000000000763
905.680000000000763
905.850000000000763
906.042000000000763
914.09700000000077
914.27500000000077
918.735000000000774
1031.51800000000087
1033.21600000000088
1033.37000000000088
1033.53300000000088
1033.68600000000088
1033.94300000000088
1035.16800000000088
1038.65700000000088
1038.80300000000088
1038.96500000000088
1137.91600000000097
1138.05800000000097
1138.20900000000097
1138.36500000000097
1161.57000000000099
1161.86400000000099
1174.425000000001
1175.580000000001
1177.963000000001
1177.984000000001
1178.003000000001
1178.122000000001
1178.194000000001
1178.470000000001
1181.05500000000101
1182.36400000000101
1182.52600000000101
1182.69300000000101
1182.85400000000101
1183.02600000000101
1183.18400000000101
1183.61500000000101
1183.78900000000101
1183.97000000000101
1184.15700000000101
1185.64600000000101
1185.79300000000101
1185.96800000000101
1186.13400000000101
1186.31700000000101
1186.50100000000101
1186.68300000000101
1186.99500000000101
1187.19400000000101
1189.11500000000101
1189.26900000000101
1189.43800000000101
1189.63100000000101
1189.82000000000102
1190.01000000000102
1190.19700000000102
1200.22000000000102
1200.36600000000102
1200.52200000000102
1200.69400000000102
1599.17400000000138
1599.61100000000138
1599.94200000000138
1600.54600000000138
1707.12400000000147
1707.25800000000147
1707.40900000000147
1707.56900000000147
1708.64300000000148
1708.99700000000148
1709.17800000000148
1709.69600000000148
1709.83300000000148
1709.99700000000148
1710.16900000000148
1713.21000000000148
1713.37200000000148
1713.55000000000148
1713.70800000000148
1713.87800000000148
1714.05100000000148
1717.17000000000148
1717.36500000000148
1718.04200000000148
1718.29900000000148
1720.75700000000149
1721.59400000000149
1721.72900000000149
1721.89400000000149
1722.05700000000149
1722.22700000000149
1722.39500000000149
1722.56800000000149
1723.10300000000149
1723.25000000000149
1723.43300000000149
1723.60200000000149
1723.76500000000149
1725.00800000000149
1725.18300000000149
1725.37200000000149
1725.56100000000149
1725.76000000000149
1725.96300000000149
1726.14700000000149
1726.34600000000149
1728.25200000000149
1728.43800000000149
1728.85700000000149
1729.03500000000149
1729.23500000000149
1729.42700000000149
1729.69500000000149
1729.89800000000149
1730.03200000000149
1743.76900000000151
1766.17700000000153
1766.31700000000153
1766.40600000000153
1766.43900000000153
1769.14300000000153
1769.24800000000153
1769.39500000000153
1769.55900000000153
1769.71700000000153
1769.88900000000153
1770.05700000000153
1770.22500000000153
1770.77800000000153
1770.91400000000153
1771.08200000000153
1771.25200000000153
1771.42600000000153
1932.72100000000167
1932.86400000000168
1933.02000000000168
1933.63800000000168
1933.79200000000168
2081.60499999999808
2082.46599999999798
2083.63399999999785
2084.9819999999977
2085.09699999999769
2085.24499999999768
2085.39399999999766
2085.9099999999976
2086.06199999999759
2086.22299999999757
2086.38899999999755
2086.55099999999753
2086.71899999999751
2087.27499999999745
2087.42799999999743
2087.59999999999742
2087.7719999999974
2087.95599999999738
2088.6869999999973
2088.86199999999728
2089.05099999999726
2089.23599999999724
2089.64799999999719
2089.84299999999717
2090.03599999999715
2090.21599999999713
2091.45799999999699
2091.61399999999697
2091.80099999999695
2091.97699999999693
2092.16399999999691
2092.35799999999689
2092.66099999999686
2092.84799999999684
2093.05999999999681
2093.25199999999679
2094.43699999999666
2094.61299999999664
2094.80499999999662
2095.0049999999966
2095.21899999999658
2096.40099999999645
2096.57299999999643
2096.75899999999641
2096.94899999999639
2097.13899999999637
2097.34099999999634
2097.55699999999632
2098.16399999999625
2098.38099999999623
2099.09699999999615
2099.29599999999613
2099.49599999999611
2099.69899999999608
2099.90199999999606
2100.11099999999604
2100.31599999999602
2100.54399999999599
2101.96499999999583
2102.13199999999582
2102.31899999999579
2102.50899999999577
2102.71299999999575
2102.91499999999573
2103.10899999999571
2103.33199999999568
2103.53499999999566
2103.74199999999564
2104.67999999999553
2104.85599999999552
2105.04799999999549
2105.24099999999547
2105.44699999999545
2105.65799999999543
2105.8719999999954
2106.07599999999538
2106.28399999999536
2106.49999999999533
2106.71199999999531
2106.93099999999529
2107.14399999999526
2107.37899999999524
2107.59299999999521
2107.80099999999519
2108.55499999999511
2108.73999999999509
2108.94399999999507
2109.14799999999504
2109.35299999999502
2109.565999999995
2109.78499999999497
2110.01999999999495
2110.25199999999492
2111.89699999999474
2112.06999999999472
2112.2659999999947
2112.45999999999468
2112.64399999999466
2112.85199999999463
2113.05099999999461
2113.23599999999459
2113.44899999999457
2113.92099999999452
2114.1119999999945
2114.33199999999447
2114.53899999999445
2114.73099999999443
2114.9459999999944
2115.28299999999437
2115.51599999999434
2115.70899999999432
2117.61599999999411
2117.78299999999409
2117.96799999999407
2118.16699999999405
2118.48699999999401
2118.70299999999399
2119.58699999999389
2119.78899999999387
2120.13799999999383
2120.33199999999381
2120.53599999999379
2120.74399999999377
2121.01799999999374
2121.24899999999371
2124.43599999999336
2125.39299999999325
2125.56499999999323
2127.15899999999306
2133.93899999999231
2134.0729999999923
2134.24599999999228
2134.42099999999226
2134.60499999999224
2134.78899999999222
2134.9509999999922
2135.14599999999218
2135.34299999999216
2135.54699999999214
2136.25599999999206
2136.44499999999204
2136.64899999999201
2136.819999999992
2137.01199999999197
2137.21899999999195
2137.42699999999193
2137.6529999999919
2137.85499999999188
2138.81699999999178
2139.00099999999175
2139.20199999999173
2139.74699999999167
2139.94799999999165
2140.15199999999163
2140.35399999999161
2140.55999999999158
2140.77399999999156
2142.02999999999142
2142.2149999999914
2142.49299999999137
2142.69699999999135
2142.88699999999133
2143.07599999999131
2143.27599999999128
2146.7209999999909
2152.72999999999024
2152.93099999999022
2153.0849999999902
2153.25999999999018
2153.44599999999016
2153.62999999999014
2153.80799999999012
2155.04199999998999
2155.24499999998997
2155.42199999998995
2155.60399999998993
2155.79599999998991
2156.01699999998988
2156.32999999998985
2156.51299999998983
2156.7059999999898
2156.90199999998978
2157.13899999998976
2159.31999999998952
2159.4819999999895
2159.67399999998948
2159.85299999998946
2160.04199999998944
2160.23399999998942
2160.43499999998939
2160.96799999998934
2161.15899999998931
2164.32199999998897
2205.52399999998443
2205.67499999998441
2206.00199999998438
2206.13999999998436
3045.25099999989195
3045.39699999989193
3045.55399999989191
3045.71599999989189
3046.16199999989185
3046.32399999989183
3047.05899999989175
3047.94299999989165
3048.08599999989163
3048.24699999989162
3048.4209999998916
3048.60299999989158
3048.80899999989155
3048.99399999989153
3049.18699999989151
3050.00999999989142
3050.1699999998914
3050.35999999989138
3050.55699999989136
3050.72799999989134
3050.91199999989132
3051.1089999998913
3051.32499999989128
3055.6589999998908
3055.80999999989078
3055.98099999989076
3056.17499999989074
3056.36499999989072
3061.30399999989018
3061.45799999989016
3061.61499999989014
3061.80199999989012
3094.6979999998865
3094.85399999988648
3095.02399999988646
3095.19899999988644
3095.36499999988643
3095.52899999988641
3096.38299999988631
3096.5319999998863
3096.70299999988628
3096.89199999988626
3097.07699999988624
3097.27699999988622
3097.47299999988619
3098.54199999988608
3098.71499999988606
3098.88999999988604
3099.05799999988602
3099.248999999886
3099.43999999988598
3099.74199999988594
3099.89999999988593
3100.1129999998859
3100.31699999988588
3100.51299999988586
3116.61099999988409
3116.79199999988407
3132.06899999988238
3132.51299999988234
3132.66199999988232
3132.8189999998823
3132.98999999988228
3133.23699999988226
3134.22399999988215
3134.36599999988213
3134.54699999988211
3134.72199999988209
3134.87099999988208
3135.04699999988206
3135.32399999988203
3135.77599999988198
3140.43399999988146
3217.65099999987296
3384.23299999985461
3384.86099999985454
3384.99399999985453
3385.15499999985451
3385.69499999985445
3385.85999999985443
3386.03099999985441
3386.30699999985438
3386.48699999985436
3387.18599999985429
3387.35299999985427
3387.53099999985425
3387.71099999985423
3388.29999999985416
3388.47199999985415
3388.65499999985413
3388.83399999985411
3389.00999999985409
3389.16099999985407
3389.47499999985404
3389.67699999985401
3391.11899999985385
3391.27599999985384
3391.45299999985382
3391.6359999998538
3391.82899999985378
3392.5419999998537
3392.72199999985368
3470.82499999984508
3470.98299999984506
3471.40199999984501
3471.55999999984499
3471.72799999984498
3472.16299999984493
3472.4339999998449
3472.60699999984488
3472.78299999984486
3472.96199999984484
3473.38999999984479
3473.58599999984477
3473.77699999984475
3473.96999999984473
3474.17399999984471
3474.50599999984467
3474.82999999984463
3475.04899999984461
3476.34699999984447
3476.50799999984445
3476.69499999984443
3476.88499999984441
3477.07299999984439
3477.26999999984437
3477.47299999984434
3478.58199999984422
3478.72199999984421
3478.91299999984418
3479.09999999984416
3479.29499999984414
3479.50299999984412
3479.7249999998441
3479.93599999984407
3480.12399999984405
3480.33799999984403
3480.65699999984399
3480.88999999984397
3481.35699999984392
3481.57399999984389
3481.78299999984387
3481.98899999984385
3482.20399999984382
3482.4219999998438
3483.26499999984371
3483.44599999984369
3483.63899999984366
3483.83899999984364
3484.05699999984362
3484.38299999984358
3484.61499999984356
3484.81299999984354
3485.01299999984351
3485.23299999984349
3485.45599999984346
3485.66999999984344
3485.87799999984342
3487.11899999984328
3487.30499999984326
3487.50399999984324
3487.70799999984322
3487.90799999984319
3488.11399999984317
3488.32899999984315
3488.55899999984312
3488.7899999998431
3489.01099999984307
3490.27999999984293
3490.46899999984291
3490.66999999984289
3490.87099999984287
3491.11599999984284
3491.34799999984282
3492.33199999984271
3492.53599999984268
3492.75699999984266
3492.96499999984264
3493.17699999984261
3493.39399999984259
3493.61799999984257
3493.82699999984254
3494.05899999984252
3494.28399999984249
3494.50599999984247
3494.72499999984244
3495.24499999984239
3495.48999999984236
3496.61099999984224
3496.76899999984222
3496.9679999998422
3497.17999999984217
3497.42799999984215
3497.94999999984209
3498.16799999984206
3498.40299999984204
3498.89399999984198
3499.10599999984196
3499.32999999984194
3499.55999999984191
3499.78399999984189
3500.00799999984186
3502.53499999984158
3502.69799999984157
3502.89899999984154
3503.11499999984152
3503.3089999998415
3503.53399999984147
3503.74499999984145
3503.94299999984143
3504.1769999998414
3504.39599999984138
3504.73799999984134
3505.01199999984131
3505.48999999984126
3505.94199999984121
3506.16099999984118
3507.40799999984105
3507.56799999984103
3507.77499999984101
3508.03399999984098
3509.44499999984082
3509.76099999984079
3509.95599999984077
3510.22099999984074
3510.67799999984069
3510.88599999984066
3511.08399999984064
3511.29099999984062
3511.5039999998406
3511.72099999984057
3511.95499999984055
3512.17299999984052
3512.3839999998405
3512.60099999984047
3512.77599999984046
3512.98599999984043
3513.18799999984041
3513.40999999984039
3513.62999999984036
3513.83999999984034
3514.05799999984031
3514.85699999984023
3515.04899999984021
3515.25799999984018
3515.47699999984016
3515.75499999984013
3515.9739999998401
3516.17999999984008
3516.38799999984006
3516.61899999984003
3516.85299999984001
3517.06999999983998
3517.28699999983996
3517.63999999983992
3517.90199999983989
3518.23199999983985
3518.43999999983983
3519.78399999983968
3519.98599999983966
3520.21899999983964
3520.45499999983961
3520.71399999983958
3520.93099999983956
3521.17799999983953
3527.88099999983879
3528.11399999983877
3528.33599999983874
-2
8.67400000000000017
148.40500000000009
148.42000000000009
148.62300000000009
358.576000000000277
363.648000000000281
363.773000000000281
363.925000000000282
365.696000000000283
365.834000000000283
365.945000000000283
366.393000000000284
366.550000000000284
367.965000000000285
368.088000000000285
368.314000000000285
368.376000000000286
369.069000000000286
369.878000000000287
370.015000000000287
370.183000000000287
573.443000000000468
637.600000000000525
638.021000000000525
638.184000000000525
638.673000000000526
638.835000000000526
638.991000000000526
639.132000000000526
639.954000000000527
640.112000000000527
640.269000000000527
641.598000000000528
641.759000000000528
641.933000000000528
642.078000000000529
642.250000000000529
671.649000000000555
671.853000000000555
672.766000000000556
850.229000000000713
850.381000000000714
850.553000000000714
850.951000000000714
851.098000000000714
851.247000000000714
851.384000000000714
851.533000000000715
851.694000000000715
852.833000000000716
853.003000000000716
853.161000000000716
853.327000000000716
853.487000000000716
853.767000000000717
854.057000000000717
854.223000000000717
854.524000000000717
854.840000000000718
855.023000000000718
856.775000000000719
856.955000000000719
857.12600000000072
857.30100000000072
857.47100000000072
857.64700000000072
857.83000000000072
858.01100000000072
858.214000000000721
858.406000000000721
859.863000000000722
860.028000000000722
860.206000000000722
860.385000000000722
860.575000000000723
860.765000000000723
860.956000000000723
861.153000000000723
861.350000000000723
861.545000000000724
861.738000000000724
861.933000000000724
863.243000000000725
863.422000000000725
863.613000000000725
863.807000000000726
864.003000000000726
864.213000000000726
864.415000000000726
864.613000000000726
864.813000000000726
866.367000000000728
866.544000000000728
866.725000000000728
866.921000000000728
867.123000000000728
867.320000000000729
867.514000000000729
867.712000000000729
867.904000000000729
868.128000000000729
868.34800000000073
869.22300000000073
869.40700000000073
869.588000000000731
869.788000000000731
870.010000000000731
870.212000000000731
870.416000000000731
870.615000000000732
870.818000000000732
871.148000000000732
871.338000000000732
871.539000000000732
871.749000000000733
875.812000000000736
875.984000000000736
876.153000000000736
876.320000000000737
876.486000000000737
876.655000000000737
876.808000000000737
877.243000000000737
877.447000000000738
877.640000000000738
877.840000000000738
878.031000000000738
878.219000000000738
878.374000000000738
879.55900000000074
879.73900000000074
879.92000000000074
880.11000000000074
880.28700000000074
880.47400000000074
880.67500000000074
880.866000000000741
881.040000000000741
881.235000000000741
884.263000000000744
885.187000000000744
885.349000000000745
885.518000000000745
885.694000000000745
885.871000000000745
886.179000000000745
886.382000000000746
886.565000000000746
886.754000000000746
886.938000000000746
890.90000000000075
891.49700000000075
891.66300000000075
891.83200000000075
892.002000000000751
892.158000000000751
892.328000000000751
895.169000000000753
896.287000000000754
896.646000000000755
897.008000000000755
897.599000000000756
898.744000000000756
899.371000000000757
899.666000000000757
902.36700000000076
902.52500000000076
902.68500000000076
902.85000000000076
903.02000000000076
903.190000000000761
903.362000000000761
903.534000000000761
903.693000000000761
903.821000000000761
905.050000000000762
905.237000000000762
905.423000000000762
905.583000000000763
905.746000000000763
905.939000000000763
906.128000000000763
914.15700000000077
914.31700000000077
918.790000000000774
1031.53800000000087
1033.25900000000088
1033.43800000000088
1033.59700000000088
1033.75700000000088
1034.01400000000088
1035.46200000000088
1038.71000000000088
1038.86800000000088
1039.03400000000088
1137.97100000000097
1138.12200000000097
1138.27500000000097
1138.43200000000097
1161.77300000000099
1162.62800000000099
1174.529000000001
1175.679000000001
1177.978000000001
1178.001000000001
1178.011000000001
1178.138000000001
1178.334000000001
1178.86000000000101
1181.13000000000101
1182.43100000000101
1182.60000000000101
1182.76600000000101
1182.92900000000101
1183.08600000000101
1183.26100000000101
1183.68600000000101
1183.87200000000101
1184.05800000000101
1184.24800000000101
1185.70000000000101
1185.87200000000101
1186.04300000000101
1186.22200000000101
1186.40100000000101
1186.58500000000101
1186.77000000000101
1187.07600000000101
1187.28000000000101
1189.18000000000101
1189.34900000000101
1189.53200000000101
1189.71700000000101
1189.91400000000102
1190.09900000000102
1190.28900000000102
1200.27700000000102
1200.43400000000102
1200.59900000000102
1200.76600000000102
1599.20800000000138
1599.72900000000138
1599.95500000000138
1600.64600000000138
1707.17800000000147
1707.32600000000147
1707.48400000000147
1707.64100000000148
1708.65300000000148
1709.09600000000148
1709.18700000000148
1709.74800000000148
1709.90500000000148
1710.06800000000148
1710.23300000000148
1713.27000000000148
1713.44600000000148
1713.61500000000148
1713.78600000000148
1713.95800000000148
1714.12800000000148
1717.25300000000148
1717.44100000000148
1718.07600000000148
1718.42000000000148
1720.79300000000149
1721.64800000000149
1721.80700000000149
1721.97100000000149
1722.13900000000149
1722.30800000000149
1722.47600000000149
1722.64200000000149
1723.15200000000149
1723.33400000000149
1723.49800000000149
1723.66200000000149
1723.83900000000149
1725.08900000000149
1725.27500000000149
1725.47000000000149
1725.66100000000149
1725.85400000000149
1726.04600000000149
1726.23800000000149
1726.43300000000149
1728.31000000000149
1728.48100000000149
1728.94200000000149
1729.13000000000149
1729.32800000000149
1729.52900000000149
1729.78300000000149
1729.92900000000149
1730.1040000000015
1743.80000000000151
1766.22600000000153
1766.35000000000153
1766.41600000000153
1766.45400000000153
1769.15500000000153
1769.30400000000153
1769.46500000000153
1769.63100000000153
1769.80000000000153
1769.96500000000153
1770.13300000000153
1770.29900000000153
1770.79700000000153
1770.98000000000153
1771.15600000000153
1771.33200000000153
1771.50400000000153
1932.76300000000167
1932.92000000000168
1933.06600000000168
1933.69100000000168
1933.83800000000168
2081.64399999999807
2082.54399999999797
2083.72099999999784
2085.0049999999977
2085.15299999999769
2085.30499999999767
2085.45199999999765
2085.9729999999976
2086.13599999999758
2086.29699999999756
2086.45999999999754
2086.62199999999752
2086.76799999999751
2087.33499999999744
2087.50399999999743
2087.67499999999741
2087.85399999999739
2088.03399999999737
2088.75399999999729
2088.94699999999727
2089.13099999999725
2089.29899999999723
2089.72999999999718
2089.92199999999716
2090.10199999999714
2090.29899999999712
2091.52199999999698
2091.70099999999696
2091.87799999999694
2092.06099999999692
2092.2529999999969
2092.43799999999688
2092.73599999999685
2092.93899999999683
2093.13999999999681
2093.34499999999678
2094.51399999999665
2094.70199999999663
2094.89499999999661
2095.10199999999659
2095.30199999999657
2096.47599999999644
2096.66099999999642
2096.8499999999964
2097.04199999999638
2097.24099999999635
2097.44399999999633
2097.64699999999631
2098.26299999999624
2098.46399999999622
2099.18799999999614
2099.38499999999612
2099.5809999999961
2099.78999999999607
2099.99899999999605
2100.20599999999603
2100.418999999996
2100.63499999999598
2102.03799999999583
2102.22199999999581
2102.41799999999578
2102.60599999999576
2102.80299999999574
2103.00399999999572
2103.2209999999957
2103.43099999999567
2103.63299999999565
2103.82999999999563
2104.75799999999553
2104.94699999999551
2105.13999999999548
2105.34599999999546
2105.55199999999544
2105.76299999999542
2105.97399999999539
2106.17599999999537
2106.38399999999535
2106.59699999999532
2106.8149999999953
2107.03699999999528
2107.24899999999525
2107.48099999999523
2107.6919999999952
2107.86299999999518
2108.6349999999951
2108.83699999999508
2109.04299999999505
2109.24799999999503
2109.45999999999501
2109.67099999999499
2109.89999999999496
2110.13499999999493
2110.35399999999491
2111.96299999999473
2112.15999999999471
2112.35599999999469
2112.55299999999467
2112.74599999999465
2112.93999999999463
2113.1399999999946
2113.34499999999458
2113.55599999999456
2114.00499999999451
2114.20599999999449
2114.42499999999446
2114.59599999999444
2114.82499999999442
2115.03899999999439
2115.38599999999436
2115.60999999999433
2115.75399999999432
2117.6699999999941
2117.87299999999408
2118.06799999999406
2118.26899999999404
2118.582999999994
2118.78699999999398
2119.66299999999388
2119.88999999999386
2120.20899999999382
2120.4289999999938
2120.63699999999378
2120.84599999999375
2121.12199999999372
2121.3349999999937
2124.46599999999336
2125.47099999999324
2125.65899999999322
2127.23499999999305
2133.96699999999231
2134.13699999999229
2134.31399999999227
2134.50199999999225
2134.66099999999223
2134.85099999999221
2135.04599999999219
2135.24399999999217
2135.45299999999215
2135.63299999999213
2136.32799999999205
2136.52899999999203
2136.71499999999201
2136.89999999999199
2137.11599999999196
2137.32499999999194
2137.53699999999192
2137.75299999999189
2137.95999999999187
2138.88999999999177
2139.08299999999175
2139.25499999999173
2139.83799999999166
2140.04599999999164
2140.25299999999162
2140.45799999999159
2140.66899999999157
2140.88699999999155
2142.09399999999141
2142.29999999999139
2142.59399999999136
2142.79599999999134
2142.98199999999132
2143.1749999999913
2143.36999999999127
2146.7819999999909
2152.78799999999024
2152.97299999999022
2153.1619999999902
2153.34899999999017
2153.53199999999015
2153.71199999999013
2153.88799999999012
2155.13099999998998
2155.32099999998996
2155.50099999998994
2155.68499999998992
2155.89599999998989
2156.07299999998987
2156.40799999998984
2156.59599999998982
2156.7859999999898
2157.00499999998977
2157.18799999998975
2159.38699999998951
2159.57199999998949
2159.75599999998947
2159.94499999998945
2160.12799999998943
2160.32299999998941
2160.53299999998938
2161.02799999998933
2161.2589999999893
2164.37499999998896
2205.55899999998442
2205.73099999998441
2206.05299999998437
2206.20399999998435
3045.29299999989194
3045.45499999989192
3045.61599999989191
3045.77699999989189
3046.21299999989184
3046.38599999989182
3047.08499999989174
3047.96899999989165
3048.14499999989163
3048.31999999989161
3048.49699999989159
3048.67899999989157
3048.87599999989155
3049.06799999989153
3049.25199999989151
3050.04899999989142
3050.2469999998914
3050.43999999989137
3050.61899999989135
3050.80399999989133
3051.00399999989131
3051.21099999989129
3051.41599999989127
3055.70499999989079
3055.87399999989078
3056.05899999989076
3056.25799999989073
3056.42899999989071
3061.34799999989017
3061.52099999989015
3061.69799999989013
3061.88199999989011
3094.75999999988649
3094.93099999988647
3095.12299999988645
3095.28399999988644
3095.43299999988642
3095.6009999998864
3096.41799999988631
3096.60399999988629
3096.78299999988627
3096.96799999988625
3097.16399999988623
3097.36599999988621
3097.56499999988618
3098.59299999988607
3098.78099999988605
3098.95899999988603
3099.14399999988601
3099.32799999988599
3099.49399999988597
3099.78199999988594
3099.99899999988592
3100.20999999988589
3100.40599999988587
3100.59899999988585
3116.67399999988408
3116.84199999988406
3132.13599999988238
3132.55599999988233
3132.72599999988231
3132.88699999988229
3133.03199999988228
3133.29799999988225
3134.26399999988214
3134.44099999988212
3134.6169999998821
3134.77199999988209
3134.94199999988207
3135.09799999988205
3135.40199999988202
3135.86199999988197
3142.20799999988127
3217.65999999987296
3384.28099999985461
3384.88699999985454
3385.05499999985452
3385.2179999998545
3385.76099999985444
3385.92799999985443
3386.09799999985441
3386.38099999985438
3386.54599999985436
3387.24099999985428
3387.42399999985426
3387.60099999985424
3387.76599999985422
3388.36499999985416
3388.55199999985414
3388.72599999985412
3388.8949999998541
3389.03999999985408
3389.24399999985406
3389.55999999985403
3389.748999999854
3391.16999999985385
3391.35299999985383
3391.53399999985381
3391.72299999985379
3391.90499999985377
3392.60899999985369
3392.79799999985367
3470.87599999984507
3471.04399999984505
3471.44999999984501
3471.62999999984499
3471.79799999984497
3472.20399999984492
3472.50099999984489
3472.67899999984487
3472.85999999984485
3473.03799999984483
3473.46899999984478
3473.66499999984476
3473.85899999984474
3474.06399999984472
3474.2639999998447
3474.58799999984466
3474.91699999984462
3475.1159999998446
3476.40299999984446
3476.58599999984444
3476.77999999984442
3476.9699999998444
3477.16199999984438
3477.35699999984436
3477.54799999984434
3478.61299999984422
3478.8029999998442
3478.99399999984418
3479.18499999984416
3479.38199999984413
3479.59999999984411
3479.81199999984409
3480.00699999984406
3480.21299999984404
3480.40999999984402
3480.74799999984398
3480.96799999984396
3481.44599999984391
3481.66099999984388
3481.87199999984386
3482.08199999984384
3482.29399999984381
3482.50599999984379
3483.3359999998437
3483.52599999984368
3483.72599999984365
3483.92899999984363
3484.12699999984361
3484.47899999984357
3484.68699999984355
3484.89599999984353
3485.1129999998435
3485.32799999984348
3485.54499999984345
3485.75599999984343
3485.97099999984341
3487.19799999984327
3487.39099999984325
3487.58699999984323
3487.79999999984321
3488.00699999984318
3488.21899999984316
3488.43599999984314
3488.66799999984311
3488.89199999984309
3489.10899999984306
3490.35899999984292
3490.5599999998429
3490.76899999984288
3490.97399999984286
3491.21699999984283
3491.42299999984281
3492.4139999998427
3492.62899999984267
3492.84999999984265
3493.05699999984263
3493.2699999998426
3493.49599999984258
3493.71499999984255
3493.92699999984253
3494.16499999984251
3494.38099999984248
3494.61199999984246
3494.82199999984243
3495.34299999984238
3495.56399999984235
3496.64099999984223
3496.85899999984221
3497.06599999984219
3497.27699999984216
3497.52699999984213
3498.04799999984208
3498.26399999984205
3498.47699999984203
3498.98399999984197
3499.20599999984195
3499.43499999984192
3499.6679999998419
3499.88699999984188
3500.10999999984185
3502.60199999984158
3502.78599999984156
3503.00099999984153
3503.21499999984151
3503.39799999984149
3503.62999999984146
3503.83699999984144
3504.03999999984142
3504.27099999984139
3504.48299999984137
3504.83099999984133
3505.1089999998413
3505.58999999984125
3506.0369999998412
3506.24599999984117
3507.46099999984104
3507.65999999984102
3507.88199999984099
3508.13299999984097
3509.47999999984082
3509.84999999984078
3510.05999999984075
3510.32699999984072
3510.77999999984068
3510.98499999984065
3511.18299999984063
3511.39499999984061
3511.60799999984058
3511.82699999984056
3512.05699999984053
3512.26899999984051
3512.49199999984049
3512.65699999984047
3512.86899999984044
3513.07299999984042
3513.2889999998404
3513.51199999984037
3513.72699999984035
3513.93899999984033
3514.1619999998403
3514.94099999984022
3515.14999999984019
3515.35799999984017
3515.57599999984015
3515.85799999984012
3516.06799999984009
3516.27399999984007
3516.49099999984005
3516.71399999984002
3516.95299999984
3517.17199999983997
3517.38199999983995
3517.74699999983991
3518.00399999983988
3518.32699999983984
3518.51099999983982
3519.86299999983968
3520.07999999983965
3520.32499999983962
3520.5569999998396
3520.81199999983957
3521.04699999983954
3521.28599999983952
3527.96499999983878
3528.17499999983876
3528.42199999983873
731
-3
462.93600000000037
463.07100000000037
463.52400000000037
463.61500000000037
463.83300000000037
463.95900000000037
464.080000000000371
464.203000000000371
464.682000000000371
465.126000000000371
465.232000000000372
465.371000000000372
466.369000000000373
466.493000000000373
466.630000000000373
467.383000000000373
467.550000000000374
467.684000000000374
468.790000000000375
469.137000000000375
469.306000000000375
469.434000000000375
469.832000000000376
469.980000000000376
470.270000000000376
472.074000000000378
472.182000000000378
472.335000000000378
472.491000000000378
472.644000000000378
473.066000000000379
474.56200000000038
474.78400000000038
474.90400000000038
475.04700000000038
475.22700000000038
475.399000000000381
475.552000000000381
477.145000000000382
477.423000000000382
477.554000000000382
477.699000000000383
477.863000000000383
478.013000000000383
478.174000000000383
478.288000000000383
478.470000000000383
478.614000000000383
480.335000000000385
480.466000000000385
480.650000000000385
480.751000000000385
480.908000000000385
481.088000000000386
481.251000000000386
481.415000000000386
481.706000000000386
481.865000000000386
482.021000000000386
483.766000000000388
483.864000000000388
484.034000000000388
484.231000000000388
484.398000000000389
484.529000000000389
484.698000000000389
485.106000000000389
486.27400000000039
486.720000000000391
486.974000000000391
487.144000000000391
487.320000000000391
487.524000000000391
487.803000000000392
495.821000000000399
496.253000000000399
496.383000000000399
496.534000000000399
560.931000000000456
561.024000000000457
561.265000000000457
561.415000000000457
561.523000000000457
561.669000000000457
562.824000000000458
562.951000000000458
563.101000000000458
563.356000000000459
565.22300000000046
565.36700000000046
565.495000000000461
565.644000000000461
650.922000000000536
651.356000000000537
651.485000000000537
651.607000000000537
651.760000000000537
652.555000000000538
711.23300000000059
1263.19600000000108
1263.33500000000108
1263.46600000000108
1263.77900000000108
1265.35900000000108
1265.85800000000108
1265.98700000000108
1266.14800000000108
1320.61100000000113
1322.60900000000113
1322.76300000000113
1324.67800000000113
1325.12700000000114
1325.25200000000114
1325.38600000000114
1325.52900000000114
1325.86800000000114
1325.95500000000114
1328.43700000000114
1328.55500000000114
1328.65600000000114
1329.03200000000114
1330.49600000000114
1330.64400000000114
1330.95300000000114
1331.09000000000114
1331.22700000000114
1331.37900000000114
1335.48800000000114
1335.72000000000114
1335.87600000000114
1336.18500000000114
1338.69300000000115
1338.76600000000115
1339.03200000000115
1339.65900000000115
1339.81900000000115
1339.94800000000115
1340.07900000000115
1340.25500000000115
1340.42100000000115
1340.60900000000115
1340.80000000000115
1345.86600000000115
1346.12900000000115
1346.49800000000115
1346.66800000000115
1347.96500000000116
1348.34800000000116
1348.47000000000116
1348.61900000000116
1348.77900000000116
1348.94500000000116
1349.78800000000116
1349.95500000000116
1350.10800000000116
1350.85400000000116
1350.94800000000116
1351.51000000000116
1351.93000000000116
1352.08700000000116
1354.53100000000116
1354.63200000000116
1354.89300000000116
1355.33500000000116
1356.47300000000116
1356.60900000000116
1356.99600000000116
1357.10800000000116
1357.26100000000116
1357.42100000000116
1357.59000000000116
1357.76100000000116
1359.29900000000117
1359.71500000000117
1359.87400000000117
1360.99800000000117
1367.08900000000117
1367.48400000000117
1367.61600000000117
1367.77500000000117
1369.28800000000117
1369.38400000000117
1369.79600000000117
1369.89400000000118
1370.48500000000118
1370.78800000000118
1375.66600000000118
1375.82000000000118
1375.99100000000118
1376.12100000000118
1376.26300000000118
1376.40800000000118
1376.55700000000118
1377.72200000000118
1377.84100000000118
1377.99600000000118
1378.14900000000118
1378.30600000000118
1379.52700000000118
1379.65100000000118
1379.79700000000118
1379.96200000000118
1380.13000000000118
1380.30900000000118
1380.59300000000118
1381.54300000000119
1381.69600000000119
1381.86200000000119
1382.04700000000119
1382.33200000000119
1383.59100000000119
1383.71300000000119
1383.88100000000119
1384.05200000000119
1384.23700000000119
1386.13100000000119
1386.27600000000119
1386.44900000000119
1386.62200000000119
1386.80700000000119
1387.30700000000119
1387.49000000000119
1387.68500000000119
1389.17200000000119
1389.30900000000119
1389.48400000000119
1389.66800000000119
1389.86400000000119
1391.68000000000119
1391.80900000000119
1391.98200000000119
1392.16300000000119
1393.7840000000012
1393.9500000000012
1394.1150000000012
1394.2930000000012
1394.6010000000012
1395.9540000000012
1396.1150000000012
1396.2870000000012
1396.4850000000012
1396.6630000000012
1398.3990000000012
1398.5770000000012
1401.8440000000012
1402.0540000000012
1402.8990000000012
1403.5250000000012
1404.74600000000121
1406.36200000000121
1406.77900000000121
1407.09300000000121
1407.29200000000121
1408.11600000000121
1408.65800000000121
1412.08700000000121
1413.15700000000121
1413.45400000000121
1413.64900000000121
1414.60700000000121
1414.74200000000121
1414.90700000000121
1415.07400000000122
1415.40100000000122
1415.51400000000122
1415.63900000000122
1416.21600000000122
1416.67700000000122
1417.28700000000122
1470.86100000000126
1471.84200000000127
1471.97300000000127
1472.07900000000127
1472.66700000000127
1473.06100000000127
1473.73000000000127
1475.24800000000127
1476.30100000000127
1476.57100000000127
1477.12100000000127
1477.24800000000127
1477.41600000000127
1480.35200000000127
1480.48100000000127
1480.50700000000127
1480.67200000000127
1480.72800000000127
1480.85300000000127
1481.01300000000127
1481.16400000000127
1481.19100000000127
1481.30400000000127
1481.81700000000127
1481.96600000000127
1482.53600000000128
1483.43300000000128
1483.56300000000128
1483.69900000000128
1485.14600000000128
1498.17100000000129
1498.63100000000129
1498.92100000000129
1499.54000000000129
1499.60400000000129
1499.85800000000129
1500.23800000000129
1500.46600000000129
1502.85100000000129
1572.04600000000135
1572.12600000000135
1572.39900000000135
1572.66800000000136
1573.39600000000136
1573.46600000000136
1573.65200000000136
1573.86000000000136
1574.00200000000136
1574.34700000000136
1574.42400000000136
1574.56300000000136
1574.99800000000136
1575.21100000000136
1576.96600000000136
1577.23700000000136
1577.33700000000136
1577.50000000000136
1578.81700000000136
1579.13500000000136
1585.04000000000137
1585.35600000000137
1586.69800000000137
1586.89800000000137
1587.18500000000137
1587.60200000000137
1588.14400000000137
1588.35900000000137
1588.52500000000137
1588.67100000000137
1588.82300000000137
1590.33300000000137
1590.48400000000137
1606.43200000000139
1607.00500000000139
1607.22400000000139
1607.30700000000139
1607.41900000000139
1607.56900000000139
1609.75300000000139
1609.91100000000139
1610.07200000000139
1610.23800000000139
1610.52600000000139
1610.62000000000139
1611.01900000000139
1611.58400000000139
1618.9440000000014
1619.0460000000014
1619.1540000000014
1619.7570000000014
1620.1000000000014
1620.2610000000014
1620.4310000000014
1620.5870000000014
1620.7520000000014
1620.9100000000014
1623.8370000000014
1623.9970000000014
1625.2620000000014
1625.3980000000014
1626.0590000000014
1626.2020000000014
1626.3670000000014
1626.5240000000014
1627.5400000000014
1628.1810000000014
1628.3070000000014
1628.4720000000014
1628.6370000000014
1629.74200000000141
1629.88000000000141
1630.04700000000141
1630.19900000000141
1631.66600000000141
1631.79900000000141
1631.97100000000141
1632.14600000000141
1632.43400000000141
1632.72600000000141
1632.89300000000141
1633.19100000000141
1633.37200000000141
1634.93400000000141
1635.30000000000141
1635.40500000000141
1635.87000000000141
1636.00800000000141
1636.18400000000141
1636.32800000000141
1637.08000000000141
1637.25300000000141
1637.43000000000141
1637.60700000000141
1637.80200000000141
1639.10300000000141
1639.26400000000141
1639.43100000000141
1639.60200000000141
1804.08400000000156
1806.97300000000156
1808.88400000000156
1809.47200000000157
1809.59900000000157
1811.24500000000157
1811.37500000000157
1812.22400000000157
1812.86300000000157
1813.03500000000157
1814.67700000000157
1814.82200000000157
1815.02300000000157
1815.32100000000157
1815.79300000000157
1818.44300000000157
1818.57800000000157
1818.75400000000157
1820.96200000000158
1821.10300000000158
1821.43500000000158
1821.57200000000158
1826.36800000000158
1826.68900000000158
1827.09000000000158
1827.40300000000158
1827.44200000000158
1828.16200000000158
1828.52200000000158
1829.00200000000158
1996.00300000000173
1998.94000000000173
1999.06300000000173
1999.33900000000173
1999.61000000000173
1999.76500000000173
1999.91000000000173
2000.32900000000173
2000.62200000000174
2000.77200000000174
2003.04700000000174
2003.29500000000174
2005.79000000000174
2005.89900000000174
2006.81900000000174
2007.16900000000174
2028.57200000000176
2029.82300000000176
2030.22800000000176
2030.74200000000176
2031.16000000000176
2061.91500000000024
2266.29499999997774
2268.67799999997747
2268.94799999997744
2310.48399999997287
2310.58399999997286
2311.85299999997272
2312.30699999997267
2312.61099999997263
2317.05799999997214
2317.29999999997212
2318.02999999997204
2318.59799999997198
2318.92599999997194
2319.92499999997183
2320.29099999997179
2927.56399999990491
2927.69399999990489
2928.43599999990481
2928.5729999999048
2928.72799999990478
2929.25599999990472
2929.39299999990471
2929.66699999990468
2930.96699999990453
2931.12899999990451
2931.3009999999045
2931.42199999990448
2932.56399999990436
2932.72599999990434
2932.88499999990432
2933.26899999990428
2933.44299999990426
2933.69799999990423
2935.06999999990408
2935.21099999990406
2935.35799999990405
2935.774999999904
2936.07199999990397
2937.10199999990386
2937.25799999990384
2937.43799999990382
2937.6059999999038
2938.76099999990367
2938.92099999990366
2939.09699999990364
2939.28099999990362
2939.54599999990359
2940.53899999990348
2940.72699999990346
2940.89299999990344
2941.07299999990342
2941.2539999999034
2942.58999999990325
2942.71799999990324
2942.88599999990322
2943.0499999999032
2943.23299999990318
2943.9259999999031
2944.11899999990308
2944.28799999990307
2944.48899999990304
2945.88599999990289
2946.05099999990287
2946.22099999990285
2946.39899999990283
2946.58499999990281
2947.90099999990267
2948.04899999990265
2948.22199999990263
2948.39399999990261
2948.57299999990259
2948.75199999990257
2948.95399999990255
2949.81399999990246
2949.99099999990244
2950.18099999990242
2950.62899999990237
2950.82699999990234
2951.01199999990232
2951.17999999990231
2952.45199999990217
2952.61399999990215
2952.79099999990213
2952.97199999990211
2953.16399999990209
2953.45399999990206
2953.63999999990204
2954.69999999990192
2954.8519999999019
2955.02599999990188
2955.21199999990186
2955.41899999990184
2955.55099999990182
2956.48699999990172
2956.6479999999017
2956.83599999990168
2957.01399999990166
2957.18599999990164
2957.38599999990162
2957.69299999990159
2958.74699999990147
2958.92299999990145
2959.14199999990143
2959.30099999990141
2960.16399999990132
2960.3509999999013
2960.53999999990128
2960.74199999990125
2960.93099999990123
2962.01599999990111
2962.1699999999011
2962.34099999990108
2962.51799999990106
2962.80599999990103
2962.98799999990101
2963.16599999990099
2963.35799999990097
2963.55799999990094
2963.74599999990092
2963.90099999990091
2965.23099999990076
2965.38399999990074
2965.55699999990072
2965.7319999999007
2965.90999999990068
2966.09899999990066
2966.28599999990064
2966.48799999990062
2967.48699999990051
2967.65199999990049
2967.83699999990047
2968.02799999990045
2968.4789999999004
2968.66699999990038
2968.85699999990036
2969.06599999990034
2969.20299999990032
2969.4039999999003
2970.85499999990014
2971.03799999990012
2971.2229999999001
2971.53099999990006
2971.72599999990004
2972.33799999989998
2972.51799999989996
2972.69899999989994
2972.87099999989992
2974.29599999989976
2974.44499999989974
2974.61899999989972
2974.79199999989971
2974.96599999989969
2975.14299999989967
2975.32099999989965
2975.45699999989963
2975.64699999989961
2975.83899999989959
2976.01699999989957
2976.46099999989952
2977.31099999989943
2977.48599999989941
2977.68299999989939
2977.86999999989937
2978.02899999989935
2978.22099999989933
2978.35499999989931
2978.5049999998993
2978.69499999989928
2978.88199999989926
2979.06399999989924
2979.24899999989922
2979.44399999989919
2979.62699999989917
2981.38099999989898
2981.53799999989896
2981.71199999989894
2981.89399999989892
2982.0879999998989
2982.28299999989888
2982.47799999989886
2982.60799999989884
2982.81299999989882
2983.12499999989879
2983.32399999989877
2983.46899999989875
2983.68199999989873
2983.8859999998987
2984.01799999989869
2984.21299999989867
2984.39699999989865
2984.60499999989862
2986.09399999989846
2986.21899999989845
2986.38399999989843
2986.56499999989841
2986.73999999989839
2986.92999999989837
2987.11399999989835
2987.29999999989833
2987.48399999989831
2987.65299999989829
2987.85299999989827
2988.05799999989824
2989.18699999989812
2989.3439999998981
2989.52899999989808
2989.70499999989806
2989.88899999989804
2991.04099999989792
2991.1939999998979
2991.36899999989788
2991.54599999989786
2991.72899999989784
2991.92199999989782
2992.1159999998978
2992.30899999989778
2992.52799999989775
2993.24399999989767
2993.40399999989766
2993.57899999989764
2993.75899999989762
2993.9379999998976
2994.12199999989758
2994.31499999989756
2997.95699999989715
2998.08499999989714
2998.24699999989712
2998.40499999989711
2998.57399999989709
2998.74299999989707
2999.02199999989704
2999.20599999989702
2999.46199999989699
2999.64399999989697
2999.95199999989693
3000.10399999989692
3001.81899999989673
3001.95099999989671
3002.1119999998967
3002.29699999989668
3002.47399999989666
3003.09799999989659
3009.3199999998959
3009.48199999989589
3010.39999999989578
3010.54699999989577
3012.9379999998955
3013.08499999989549
3013.24199999989547
3013.41799999989545
3013.58899999989543
3013.76799999989541
3013.9099999998954
3015.7109999998952
3015.87299999989518
3016.04499999989516
3016.20599999989514
3016.38099999989513
3016.54599999989511
3016.70499999989509
3016.88999999989507
3017.08799999989505
3023.07599999989439
3023.17199999989438
3024.55899999989422
3181.48899999987694
3181.77799999987691
3181.91799999987689
3185.5039999998765
3185.62599999987649
3283.5369999998657
3438.91399999984859
-4
462.99300000000037
463.13000000000037
463.55200000000037
463.64600000000037
463.85400000000037
463.99200000000037
464.118000000000371
464.263000000000371
464.710000000000371
465.143000000000372
465.287000000000372
465.424000000000372
466.404000000000373
466.544000000000373
466.684000000000373
467.435000000000374
467.592000000000374
467.738000000000374
468.819000000000375
469.183000000000375
469.337000000000375
469.482000000000375
469.863000000000376
470.050000000000376
470.342000000000376
472.085000000000378
472.233000000000378
472.388000000000378
472.550000000000378
472.718000000000378
473.126000000000379
474.58800000000038
474.79800000000038
474.94700000000038
475.10900000000038
475.29200000000038
475.448000000000381
475.604000000000381
477.181000000000382
477.454000000000382
477.605000000000383
477.766000000000383
477.914000000000383
478.066000000000383
478.186000000000383
478.365000000000383
478.522000000000383
478.695000000000384
480.361000000000385
480.496000000000385
480.657000000000385
480.797000000000385
480.983000000000386
481.154000000000386
481.319000000000386
481.489000000000386
481.762000000000386
481.915000000000386
482.099000000000386
483.781000000000388
483.925000000000388
484.102000000000388
484.285000000000388
484.426000000000389
484.598000000000389
484.773000000000389
485.183000000000389
486.31800000000039
486.738000000000391
487.050000000000391
487.234000000000391
487.409000000000391
487.592000000000391
487.869000000000392
495.855000000000399
496.298000000000399
496.435000000000399
496.582000000000399
560.949000000000457
561.081000000000457
561.331000000000457
561.448000000000457
561.584000000000457
561.705000000000457
562.866000000000458
563.016000000000458
563.166000000000458
563.421000000000459
565.26600000000046
565.40100000000046
565.555000000000461
565.714000000000461
650.946000000000536
651.396000000000537
651.524000000000537
651.671000000000537
651.824000000000537
652.660000000000538
711.28200000000059
1263.24600000000108
1263.37300000000108
1263.51100000000108
1263.81400000000108
1265.44100000000108
1265.90500000000108
1266.05000000000108
1266.19800000000108
1320.63600000000113
1322.71200000000113
1322.86100000000113
1324.75100000000113
1325.18100000000114
1325.30100000000114
1325.44600000000114
1325.59200000000114
1325.92900000000114
1326.04800000000114
1328.49100000000114
1328.59300000000114
1328.70800000000114
1329.10900000000114
1330.61700000000114
1330.73300000000114
1331.00800000000114
1331.14100000000114
1331.28900000000114
1331.42200000000114
1335.55100000000114
1335.77000000000114
1335.92400000000114
1336.22200000000115
1338.70900000000115
1338.95200000000115
1339.62200000000115
1339.76700000000115
1339.91700000000115
1340.05300000000115
1340.21800000000115
1340.38500000000115
1340.56600000000115
1340.74500000000115
1340.98400000000115
1345.98300000000115
1346.19700000000115
1346.62400000000115
1346.73500000000115
1348.07100000000116
1348.36000000000116
1348.53500000000116
1348.69100000000116
1348.85000000000116
1348.98900000000116
1349.85500000000116
1350.01400000000116
1350.16800000000116
1350.89200000000116
1351.02200000000116
1351.59800000000116
1351.98400000000116
1352.14300000000116
1354.59100000000116
1354.70300000000116
1355.02600000000116
1355.43000000000116
1356.54000000000116
1356.83600000000116
1357.01800000000116
1357.17400000000116
1357.33400000000116
1357.49800000000116
1357.67100000000116
1357.83800000000116
1359.36000000000117
1359.74800000000117
1360.23000000000117
1361.03400000000117
1367.23700000000117
1367.53000000000117
1367.67900000000117
1367.83400000000117
1369.35400000000117
1369.61800000000117
1369.80200000000117
1370.08200000000118
1370.67100000000118
1371.25000000000118
1375.78200000000118
1375.85100000000118
1376.05300000000118
1376.18700000000118
1376.33400000000118
1376.47800000000118
1376.61600000000118
1377.75300000000118
1377.90700000000118
1378.06100000000118
1378.21900000000118
1378.38600000000118
1379.55000000000118
1379.70300000000118
1379.86400000000118
1380.03400000000118
1380.20000000000118
1380.37900000000118
1380.68100000000118
1381.60300000000119
1381.77200000000119
1381.93900000000119
1382.12000000000119
1382.41500000000119
1383.61800000000119
1383.79400000000119
1383.96700000000119
1384.14600000000119
1384.32400000000119
1386.19300000000119
1386.35900000000119
1386.53200000000119
1386.70100000000119
1386.84000000000119
1387.39200000000119
1387.57200000000119
1387.77000000000119
1389.20500000000119
1389.39600000000119
1389.57700000000119
1389.76400000000119
1389.94400000000119
1391.72100000000119
1391.89200000000119
1392.06900000000119
1392.24500000000119
1393.8500000000012
1394.0220000000012
1394.2070000000012
1394.3770000000012
1394.6990000000012
1396.0260000000012
1396.1950000000012
1396.3780000000012
1396.5680000000012
1396.7550000000012
1398.4670000000012
1398.6420000000012
1401.8900000000012
1402.1120000000012
1402.9800000000012
1403.5870000000012
1404.86400000000121
1406.43800000000121
1406.93100000000121
1407.19500000000121
1407.78000000000121
1408.23300000000121
1409.22700000000121
1412.27500000000121
1413.24800000000121
1413.53900000000121
1413.75600000000121
1414.64600000000121
1414.81900000000121
1414.98600000000122
1415.14800000000122
1415.47500000000122
1415.59400000000122
1415.74700000000122
1416.50900000000122
1416.74900000000122
1417.40100000000122
1470.87800000000126
1471.91300000000127
1472.00900000000127
1472.09800000000127
1472.75100000000127
1473.15800000000127
1473.76400000000127
1475.96900000000127
1476.53900000000127
1476.79600000000127
1477.17300000000127
1477.32000000000127
1477.44800000000127
1480.38800000000127
1480.50400000000127
1480.52100000000127
1480.68200000000127
1480.74300000000127
1480.86200000000127
1481.06200000000127
1481.18600000000127
1481.21100000000127
1481.37400000000127
1481.92600000000127
1482.49900000000128
1483.25400000000128
1483.51300000000128
1483.66200000000128
1484.18000000000128
1485.18100000000128
1498.28500000000129
1498.78100000000129
1499.00100000000129
1499.56200000000129
1499.77400000000129
1499.92300000000129
1500.30900000000129
1502.78600000000129
1506.4650000000013
1572.08600000000135
1572.17000000000135
1572.58800000000136
1573.23600000000136
1573.45600000000136
1573.60600000000136
1573.80800000000136
1573.97400000000136
1574.28800000000136
1574.39800000000136
1574.54000000000136
1574.73000000000136
1575.01900000000136
1575.27200000000136
1576.97400000000136
1577.26700000000136
1577.40700000000136
1577.55000000000136
1579.00100000000136
1579.21900000000136
1585.10100000000137
1585.42600000000137
1586.79400000000137
1586.98200000000137
1587.25800000000137
1588.02800000000137
1588.26400000000137
1588.43600000000137
1588.62900000000137
1588.80200000000137
1589.84000000000137
1590.37500000000137
1590.55700000000137
1606.52400000000139
1607.14300000000139
1607.26200000000139
1607.38100000000139
1607.51400000000139
1607.65400000000139
1609.82400000000139
1609.99100000000139
1610.13900000000139
1610.26900000000139
1610.58400000000139
1610.76900000000139
1611.10800000000139
1611.65800000000139
1619.0190000000014
1619.1260000000014
1619.2470000000014
1619.7890000000014
1620.1660000000014
1620.3350000000014
1620.5030000000014
1620.6640000000014
1620.8190000000014
1620.9660000000014
1623.9650000000014
1624.1160000000014
1625.3420000000014
1625.5000000000014
1626.1180000000014
1626.2790000000014
1626.4340000000014
1626.5750000000014
1627.5960000000014
1628.2120000000014
1628.3750000000014
1628.5380000000014
1628.6990000000014
1629.78800000000141
1629.95200000000141
1630.10200000000141
1630.26500000000141
1631.70500000000141
1631.87700000000141
1632.05200000000141
1632.22200000000141
1632.50700000000141
1632.79300000000141
1632.97300000000141
1633.26900000000141
1633.43600000000141
1635.04300000000141
1635.37000000000141
1635.68100000000141
1635.92000000000141
1636.07800000000141
1636.21800000000141
1636.36300000000141
1637.15500000000141
1637.33200000000141
1637.51200000000141
1637.68900000000141
1637.84300000000141
1639.17100000000141
1639.34200000000141
1639.51200000000141
1639.69400000000141
1804.11500000000156
1807.03400000000156
1808.94200000000156
1809.50600000000157
1809.66200000000157
1811.28000000000157
1811.43700000000157
1812.29000000000157
1812.93000000000157
1813.10700000000157
1814.72500000000157
1814.89500000000157
1815.08000000000157
1815.39500000000157
1815.83600000000157
1818.48200000000157
1818.63500000000157
1818.79500000000157
1821.04100000000158
1821.14700000000158
1821.48700000000158
1821.63600000000158
1826.56700000000158
1826.74500000000158
1827.39300000000158
1827.43600000000158
1827.57600000000158
1828.22700000000158
1828.57600000000158
1829.07200000000158
1996.03000000000173
1998.98800000000173
1999.14600000000173
1999.56500000000173
1999.70100000000173
1999.85200000000173
1999.98200000000173
2000.41800000000173
2000.74200000000174
2000.89500000000174
2003.09000000000174
2003.35500000000174
2005.82900000000174
2005.96400000000174
2007.00400000000174
2007.22500000000174
2028.59100000000176
2029.87600000000176
2030.28600000000176
2031.08600000000176
2032.28700000000176
2061.96500000000024
2266.33999999997773
2268.68799999997747
2269.04499999997743
2310.53999999997286
2310.62999999997285
2311.87899999997272
2312.47299999997265
2316.75999999997218
2317.17499999997213
2317.89299999997205
2318.369999999972
2318.83799999997195
2319.48599999997188
2320.1629999999718
2320.42299999997177
2927.5949999999049
2927.73599999990489
2928.47299999990481
2928.63199999990479
2928.78199999990477
2929.29099999990472
2929.4479999999047
2929.71799999990467
2931.02499999990453
2931.18699999990451
2931.31899999990449
2931.47499999990448
2932.60899999990435
2932.78099999990433
2932.91999999990432
2933.32799999990427
2933.47799999990426
2933.77299999990422
2935.10699999990408
2935.25799999990406
2935.42499999990404
2935.839999999904
2936.15399999990396
2937.15899999990385
2937.32399999990383
2937.48999999990381
2937.6589999999038
2938.82199999990367
2938.99199999990365
2939.16299999990363
2939.32099999990361
2939.61299999990358
2940.60399999990347
2940.78399999990345
2940.95799999990343
2941.14199999990341
2941.31599999990339
2942.61699999990325
2942.77799999990323
2942.94999999990321
2943.12499999990319
2943.29699999990317
2943.9979999999031
2944.18199999990308
2944.36799999990306
2944.56799999990303
2945.94899999990288
2946.12199999990286
2946.29999999990284
2946.47699999990282
2946.6549999999028
2947.93899999990266
2948.11299999990264
2948.29199999990262
2948.46399999990261
2948.64299999990259
2948.82499999990257
2948.99799999990255
2949.88099999990245
2950.07099999990243
2950.26499999990241
2950.71499999990236
2950.90399999990234
2951.07599999990232
2951.2649999999023
2952.51799999990216
2952.69299999990214
2952.87099999990212
2953.0489999999021
2953.20999999990208
2953.52799999990205
2953.70799999990203
2954.74499999990191
2954.92399999990189
2955.11299999990187
2955.29599999990185
2955.44999999990184
2955.63099999990182
2956.54899999990172
2956.7219999999017
2956.90599999990168
2957.07999999990166
2957.26599999990164
2957.44999999990162
2957.77799999990158
2958.81999999990146
2959.00599999990144
2959.19099999990142
2959.36099999990141
2960.24299999990131
2960.43499999990129
2960.61899999990127
2960.81799999990124
2961.00199999990122
2962.06799999990111
2962.23499999990109
2962.40099999990107
2962.54899999990105
2962.87299999990102
2963.054999999901
2963.24699999990098
2963.44599999990096
2963.62899999990094
2963.78899999990092
2963.99699999990089
2965.28399999990075
2965.45099999990073
2965.62599999990072
2965.8019999999007
2965.98499999990068
2966.17999999990065
2966.37399999990063
2966.56399999990061
2967.5539999999005
2967.73699999990048
2967.92699999990046
2968.11999999990044
2968.56199999990039
2968.75099999990037
2968.93399999990035
2969.09099999990033
2969.29499999990031
2969.47799999990029
2970.92299999990013
2971.11499999990011
2971.29599999990009
2971.61699999990006
2971.79399999990004
2972.40399999989997
2972.59299999989995
2972.76699999989993
2972.94899999989991
2974.33499999989976
2974.50999999989974
2974.69599999989972
2974.8699999998997
2975.04399999989968
2975.21299999989966
2975.33899999989965
2975.54399999989962
2975.7239999998996
2975.91699999989958
2976.08999999989956
2976.53899999989951
2977.39299999989942
2977.5789999998994
2977.76499999989938
2977.93199999989936
2978.10699999989934
2978.23599999989933
2978.38799999989931
2978.58599999989929
2978.77399999989927
2978.95599999989925
2979.14099999989923
2979.33099999989921
2979.50499999989919
2979.71199999989916
2981.44299999989897
2981.61699999989895
2981.79699999989893
2981.98099999989891
2982.17099999989889
2982.35599999989887
2982.49499999989886
2982.68799999989884
2982.88599999989881
2983.21299999989878
2983.36899999989876
2983.56499999989874
2983.77799999989872
2983.9149999998987
2984.10499999989868
2984.29699999989866
2984.48899999989864
2984.68799999989862
2986.11499999989846
2986.28799999989844
2986.46799999989842
2986.6409999998984
2986.82699999989838
2987.00999999989836
2987.19499999989834
2987.38099999989832
2987.5569999998983
2987.74699999989828
2987.95999999989826
2988.15099999989823
2989.24499999989811
2989.41899999989809
2989.60399999989807
2989.78499999989805
2989.96499999989803
2991.10099999989791
2991.27799999989789
2991.45699999989787
2991.63799999989785
2991.83099999989783
2992.01599999989781
2992.20299999989779
2992.38899999989777
2992.59099999989775
2993.29399999989767
2993.47399999989765
2993.65399999989763
2993.83099999989761
2994.01799999989759
2994.18599999989757
2994.40399999989755
2997.99399999989715
2998.15199999989713
2998.31899999989711
2998.4849999998971
2998.65399999989708
2998.80899999989706
2999.10099999989703
2999.23599999989701
2999.54499999989698
2999.72599999989696
3000.00099999989693
3000.18899999989691
3001.85699999989672
3002.01799999989671
3002.19099999989669
3002.37699999989667
3002.55199999989665
3003.16599999989658
3009.3639999998959
3009.54699999989588
3010.44799999989578
3010.60799999989576
3012.9959999998955
3013.15799999989548
3013.32399999989546
3013.49599999989544
3013.67099999989542
3013.81599999989541
3013.98399999989539
3015.77399999989519
3015.93899999989517
3016.10799999989516
3016.27799999989514
3016.44799999989512
3016.6079999998951
3016.79599999989508
3016.98799999989506
3017.19399999989504
3023.11999999989438
3023.26699999989437
3024.7729999998942
3181.51699999987694
3181.8249999998769
3181.97599999987689
3185.5339999998765
3185.68899999987648
3283.5759999998657
3438.93099999984859
0
0
0
0
0
0
0
0
0
0
0
0
0
3600.00099999983085
0
0
0
0
0
0
