8
11
19
8
11
19
IPPneo1.15
sacch1
0
3
12
21
12
13
24
18
22
4
.3
1
388
388
1
404
404
1
1
1
1
1
1
1
1
1
1
1
1
1
1
1
1
1
1
1
1
387
-1
30.0669999999999884
163.662000000000104
163.863000000000104
163.969000000000104
164.062000000000104
164.489000000000104
164.765000000000105
164.910000000000105
165.040000000000105
165.203000000000105
165.353000000000105
165.495000000000105
165.751000000000106
165.982000000000106
166.096000000000106
166.316000000000106
166.609000000000106
167.026000000000107
167.221000000000107
167.372000000000107
167.503000000000107
167.659000000000107
167.820000000000107
167.956000000000108
168.805000000000108
168.973000000000108
169.097000000000109
169.342000000000109
169.747000000000109
170.48400000000011
170.61200000000011
170.68500000000011
170.78900000000011
171.650000000000111
171.710000000000111
172.219000000000111
175.398000000000114
176.020000000000115
176.173000000000115
176.790000000000115
176.932000000000116
177.405000000000116
177.535000000000116
177.679000000000116
177.840000000000116
178.014000000000116
178.163000000000117
178.321000000000117
220.331000000000154
221.129000000000155
221.476000000000155
222.835000000000156
222.961000000000156
223.142000000000157
223.291000000000157
223.434000000000157
223.588000000000157
223.755000000000157
223.914000000000157
225.608000000000159
479.229000000000384
479.312000000000384
479.741000000000384
479.875000000000385
480.001000000000385
480.141000000000385
480.296000000000385
481.979000000000386
482.392000000000387
482.992000000000387
483.190000000000388
483.290000000000388
483.548000000000388
484.691000000000389
484.949000000000389
485.016000000000389
485.89600000000039
486.04500000000039
486.21100000000039
486.35900000000039
487.749000000000392
488.242000000000392
488.910000000000393
490.292000000000394
490.354000000000394
490.881000000000394
491.397000000000395
491.738000000000395
491.871000000000395
492.016000000000395
492.167000000000396
492.315000000000396
492.449000000000396
492.586000000000396
492.718000000000396
493.644000000000397
493.768000000000397
494.061000000000397
494.276000000000397
494.628000000000398
494.890000000000398
495.112000000000398
495.385000000000398
495.575000000000398
496.158000000000399
496.302000000000399
496.448000000000399
496.602000000000399
496.7610000000004
496.9130000000004
497.0440000000004
497.6900000000004
497.8330000000004
498.060000000000401
498.196000000000401
498.296000000000401
498.815000000000401
499.160000000000402
499.402000000000402
499.526000000000402
499.647000000000402
500.097000000000402
500.217000000000403
500.368000000000403
501.363000000000404
501.559000000000404
501.694000000000404
501.847000000000404
501.999000000000404
502.156000000000404
502.326000000000404
502.690000000000405
504.306000000000406
504.968000000000407
505.113000000000407
505.272000000000407
505.429000000000407
505.591000000000407
505.758000000000408
506.409000000000408
506.560000000000408
506.751000000000408
507.150000000000409
507.347000000000409
507.364000000000409
507.701000000000409
507.785000000000409
507.822000000000409
508.87200000000041
509.00800000000041
509.158000000000411
509.312000000000411
509.512000000000411
509.679000000000411
509.860000000000411
510.657000000000412
510.880000000000412
511.029000000000412
511.186000000000412
511.350000000000412
511.521000000000413
512.857000000000414
513.010000000000414
513.179000000000414
513.332000000000414
513.483000000000414
513.562000000000414
514.245000000000415
514.404000000000415
514.618000000000415
587.87200000000048
587.94900000000048
588.052000000000481
588.325000000000481
588.863000000000481
604.532000000000495
604.639000000000495
604.828000000000496
605.477000000000496
605.621000000000496
605.776000000000496
605.934000000000496
606.100000000000497
606.249000000000497
606.407000000000497
606.908000000000497
607.068000000000498
607.921000000000498
608.114000000000498
608.274000000000499
608.805000000000499
608.971000000000499
609.124000000000499
609.199000000000499
609.5830000000005
609.8450000000005
609.9530000000005
610.1880000000005
612.156000000000502
612.328000000000502
612.574000000000502
612.743000000000503
613.327000000000503
613.627000000000503
615.221000000000505
615.353000000000505
615.562000000000505
616.149000000000506
616.248000000000506
616.323000000000506
616.760000000000506
616.819000000000506
616.960000000000506
617.041000000000506
617.271000000000507
617.450000000000507
617.946000000000507
618.088000000000507
618.661000000000508
618.801000000000508
619.020000000000508
619.471000000000508
619.678000000000509
619.903000000000509
619.958000000000509
620.215000000000509
620.303000000000509
622.210000000000511
622.527000000000511
622.894000000000512
813.287000000000681
813.533000000000681
814.072000000000681
814.219000000000681
814.390000000000682
814.565000000000682
815.233000000000682
815.418000000000683
815.594000000000683
815.619000000000683
815.998000000000683
816.531000000000684
817.016000000000684
817.355000000000684
817.481000000000684
817.739000000000685
817.885000000000685
817.977000000000685
818.171000000000685
819.261000000000686
819.541000000000686
819.611000000000686
819.826000000000686
820.154000000000687
821.883000000000688
822.114000000000688
822.497000000000689
822.501000000000689
822.666000000000689
822.948000000000689
823.094000000000689
823.23600000000069
823.49600000000069
823.99100000000069
824.34700000000069
824.498000000000691
824.654000000000691
824.916000000000691
825.232000000000691
825.321000000000691
825.710000000000692
826.101000000000692
826.251000000000692
826.654000000000692
826.750000000000693
827.643000000000693
881.498000000000741
881.909000000000742
882.440000000000742
882.713000000000742
882.962000000000742
883.095000000000743
883.994000000000743
920.275000000000776
920.437000000000776
920.696000000000776
920.862000000000776
921.016000000000776
921.365000000000777
921.612000000000777
921.749000000000777
921.962000000000777
922.274000000000777
925.36900000000078
925.50200000000078
925.64500000000078
925.983000000000781
926.168000000000781
926.483000000000781
926.592000000000781
927.121000000000782
927.246000000000782
927.558000000000782
929.584000000000784
929.900000000000784
930.037000000000784
930.194000000000784
930.354000000000785
930.485000000000785
931.345000000000786
931.751000000000786
931.917000000000786
934.131000000000788
934.283000000000788
997.498000000000844
997.563000000000844
997.804000000000844
998.081000000000845
999.021000000000846
999.686000000000846
1064.9020000000009
1065.0230000000009
1065.5200000000009
1065.6180000000009
1065.7700000000009
1065.8450000000009
1066.41200000000091
1436.57600000000123
1436.59000000000123
1437.66500000000124
1441.60700000000124
1441.89600000000124
1445.64500000000124
1447.24700000000124
1447.93200000000124
1448.07000000000124
1448.22400000000124
1448.38600000000124
1448.55600000000124
1450.69800000000125
1451.19700000000125
1451.34900000000125
1451.52100000000125
1451.68500000000125
1455.18100000000125
1455.45500000000125
1455.59700000000125
1455.76300000000125
1490.88200000000128
1492.77200000000128
1493.28700000000128
1493.43100000000128
1514.3970000000013
1514.5330000000013
1910.28300000000166
1911.04200000000166
1911.37000000000166
1912.02600000000166
1912.18900000000166
1912.66800000000166
1914.23300000000166
1914.72100000000166
1916.52400000000166
1916.67800000000166
1917.75300000000166
1918.52700000000166
1918.87100000000166
1918.96500000000166
1919.16100000000166
1919.27600000000166
1919.42800000000166
1919.59500000000166
1920.04000000000166
1921.36300000000166
1928.69300000000167
1933.54200000000168
1934.43900000000168
1934.73300000000168
1950.78900000000169
3388.55799999985414
3388.64199999985413
3443.52199999984808
3472.31499999984491
3472.62499999984488
3476.9349999998444
3477.06899999984439
3482.19499999984382
-2
30.1279999999999884
163.709000000000104
163.899000000000104
163.990000000000104
164.111000000000104
164.538000000000104
164.813000000000105
164.962000000000105
165.102000000000105
165.258000000000105
165.408000000000105
165.519000000000105
165.784000000000106
166.015000000000106
166.118000000000106
166.343000000000106
166.656000000000106
167.072000000000107
167.272000000000107
167.419000000000107
167.566000000000107
167.718000000000107
167.866000000000107
168.007000000000108
168.848000000000108
169.045000000000108
169.153000000000109
169.427000000000109
169.831000000000109
170.57000000000011
170.65100000000011
170.74300000000011
170.82300000000011
171.689000000000111
171.718000000000111
172.275000000000111
175.462000000000114
176.094000000000115
176.245000000000115
176.835000000000115
176.980000000000116
177.446000000000116
177.596000000000116
177.750000000000116
177.910000000000116
178.078000000000117
178.234000000000117
178.395000000000117
220.378000000000154
221.145000000000155
221.609000000000155
222.879000000000156
223.027000000000156
223.187000000000157
223.347000000000157
223.506000000000157
223.665000000000157
223.826000000000157
223.980000000000157
225.681000000000159
479.311000000000384
479.368000000000384
479.796000000000384
479.917000000000385
480.059000000000385
480.210000000000385
480.354000000000385
482.013000000000386
482.452000000000387
483.063000000000387
483.284000000000388
483.495000000000388
483.903000000000388
484.910000000000389
484.974000000000389
485.342000000000389
485.91800000000039
486.09600000000039
486.26900000000039
486.42100000000039
487.869000000000392
488.277000000000392
488.992000000000393
490.346000000000394
490.747000000000394
491.350000000000395
491.457000000000395
491.793000000000395
491.938000000000395
492.089000000000395
492.236000000000396
492.369000000000396
492.503000000000396
492.629000000000396
492.729000000000396
493.705000000000397
493.919000000000397
494.121000000000397
494.467000000000398
494.788000000000398
495.002000000000398
495.171000000000398
495.455000000000398
495.848000000000399
496.213000000000399
496.366000000000399
496.522000000000399
496.674000000000399
496.8230000000004
496.9590000000004
497.0710000000004
497.7470000000004
497.929000000000401
498.111000000000401
498.241000000000401
498.425000000000401
499.079000000000402
499.234000000000402
499.512000000000402
499.623000000000402
500.060000000000402
500.183000000000403
500.289000000000403
501.045000000000403
501.448000000000404
501.613000000000404
501.762000000000404
501.918000000000404
502.073000000000404
502.230000000000404
502.400000000000405
502.702000000000405
504.561000000000406
505.024000000000407
505.190000000000407
505.347000000000407
505.502000000000407
505.657000000000407
505.771000000000408
506.525000000000408
506.629000000000408
507.011000000000409
507.230000000000409
507.360000000000409
507.689000000000409
507.750000000000409
507.796000000000409
508.66200000000041
508.93400000000041
509.08100000000041
509.235000000000411
509.394000000000411
509.576000000000411
509.752000000000411
509.912000000000411
510.674000000000412
510.944000000000412
511.102000000000412
511.265000000000412
511.437000000000413
511.560000000000413
512.916000000000414
513.078000000000414
513.225000000000414
513.380000000000414
513.514000000000414
513.574000000000414
514.328000000000415
514.446000000000415
514.685000000000415
587.88700000000048
588.029000000000481
588.121000000000481
588.372000000000481
588.875000000000481
604.609000000000495
604.698000000000495
604.940000000000496
605.543000000000496
605.700000000000496
605.856000000000496
606.015000000000497
606.166000000000497
606.324000000000497
606.452000000000497
607.021000000000497
607.139000000000498
607.985000000000498
608.250000000000499
608.477000000000499
608.859000000000499
609.013000000000499
609.175000000000499
609.209000000000499
609.6630000000005
609.8690000000005
610.1780000000005
610.983000000000501
612.238000000000502
612.400000000000502
612.617000000000502
612.864000000000503
613.594000000000503
614.012000000000504
615.281000000000505
615.402000000000505
616.097000000000506
616.230000000000506
616.278000000000506
616.692000000000506
616.784000000000506
616.853000000000506
616.990000000000506
617.055000000000506
617.335000000000507
617.941000000000507
618.075000000000507
618.367000000000508
618.726000000000508
618.970000000000508
619.160000000000508
619.637000000000509
619.835000000000509
619.930000000000509
620.055000000000509
620.271000000000509
620.92200000000051
622.499000000000511
622.681000000000511
622.985000000000512
813.359000000000681
813.598000000000681
814.119000000000681
814.286000000000682
814.465000000000682
814.637000000000682
815.334000000000682
815.471000000000683
815.607000000000683
815.740000000000683
816.102000000000683
816.569000000000684
817.026000000000684
817.410000000000684
817.649000000000685
817.838000000000685
817.955000000000685
818.142000000000685
818.552000000000685
819.318000000000686
819.583000000000686
819.658000000000686
819.966000000000687
821.479000000000688
822.014000000000688
822.355000000000689
822.500000000000689
822.534000000000689
822.721000000000689
822.992000000000689
823.140000000000689
823.29500000000069
823.51200000000069
824.28300000000069
824.44400000000069
824.598000000000691
824.897000000000691
825.195000000000691
825.277000000000691
825.655000000000692
825.768000000000692
826.158000000000692
826.306000000000692
826.703000000000693
827.635000000000693
827.720000000000694
881.547000000000741
882.185000000000742
882.659000000000742
882.770000000000742
883.061000000000743
883.519000000000743
884.050000000000744
920.385000000000776
920.505000000000776
920.831000000000776
920.985000000000776
921.119000000000776
921.492000000000777
921.673000000000777
921.952000000000777
922.258000000000777
925.09700000000078
925.42200000000078
925.55600000000078
925.709000000000781
926.052000000000781
926.307000000000781
926.530000000000781
926.899000000000782
927.227000000000782
927.548000000000782
929.545000000000784
929.666000000000784
929.949000000000784
930.096000000000784
930.257000000000785
930.401000000000785
930.508000000000785
931.456000000000786
931.813000000000786
933.835000000000788
934.183000000000788
934.331000000000788
997.546000000000844
997.633000000000844
997.920000000000845
998.725000000000845
999.676000000000846
1004.515000000000851
1064.9510000000009
1065.1140000000009
1065.5560000000009
1065.6780000000009
1065.8180000000009
1066.39200000000091
1066.50400000000091
1436.58700000000123
1436.59600000000123
1437.69000000000124
1441.68400000000124
1441.96500000000124
1445.69500000000124
1447.30900000000124
1447.98300000000124
1448.13400000000124
1448.29000000000124
1448.46000000000124
1448.63400000000124
1450.73700000000125
1451.24800000000125
1451.40800000000125
1451.58400000000125
1451.75300000000125
1455.25000000000125
1455.47700000000125
1455.64100000000125
1455.80400000000125
1490.96600000000128
1492.82800000000128
1493.34600000000128
1493.48700000000128
1514.4590000000013
1514.5700000000013
1910.33600000000166
1911.08600000000166
1911.38300000000166
1912.10800000000166
1912.27000000000166
1912.74700000000166
1914.32000000000166
1914.78000000000166
1916.60000000000166
1916.74400000000166
1917.81700000000166
1918.62300000000166
1918.88200000000166
1919.07000000000166
1919.19000000000166
1919.37800000000166
1919.53000000000166
1919.66400000000166
1920.11400000000166
1921.43000000000166
1928.73700000000167
1933.57200000000168
1934.48200000000168
1934.79100000000168
1950.80800000000169
3388.56699999985414
3392.07199999985375
3448.76199999984751
3472.49199999984489
3475.34299999984458
3477.02899999984439
3478.7719999998442
3482.21199999984382
403
-3
35.2009999999999896
35.3079999999999897
35.58499999999999
35.8249999999999902
36.8789999999999911
37.2679999999999915
37.4629999999999916
37.6189999999999918
37.926999999999992
38.8129999999999928
39.6259999999999935
39.7669999999999937
40.9539999999999947
41.0899999999999948
41.3639999999999951
259.181000000000189
259.409000000000189
259.752000000000189
259.904000000000189
260.048000000000189
261.08500000000019
261.889000000000191
262.339000000000191
262.483000000000191
262.624000000000192
262.783000000000192
262.919000000000192
264.717000000000193
266.627000000000195
267.601000000000196
267.766000000000196
267.922000000000196
268.098000000000196
268.892000000000197
270.360000000000198
444.009000000000353
444.248000000000353
444.659000000000353
444.809000000000353
444.947000000000354
445.109000000000354
445.550000000000354
446.786000000000355
447.020000000000355
447.167000000000356
447.316000000000356
447.471000000000356
447.622000000000356
447.778000000000356
448.799000000000357
449.316000000000357
449.466000000000358
450.707000000000359
450.875000000000359
451.024000000000359
451.199000000000359
451.336000000000359
451.460000000000359
451.78500000000036
451.90300000000036
453.561000000000361
453.722000000000361
453.867000000000361
454.033000000000362
454.171000000000362
455.210000000000363
455.352000000000363
455.543000000000363
455.672000000000363
456.792000000000364
456.959000000000364
457.118000000000364
457.290000000000364
457.423000000000365
457.556000000000365
458.667000000000366
459.251000000000366
459.441000000000366
459.595000000000367
459.923000000000367
460.112000000000367
539.852000000000438
542.20400000000044
542.29500000000044
542.54600000000044
542.82100000000044
542.965000000000441
543.091000000000441
543.238000000000441
543.396000000000441
543.548000000000441
543.707000000000441
544.160000000000442
544.266000000000442
544.399000000000442
544.602000000000442
545.466000000000443
545.604000000000443
545.774000000000443
545.927000000000443
546.244000000000443
546.374000000000444
546.394000000000444
546.467000000000444
547.476000000000445
570.661000000000465
571.067000000000466
571.630000000000466
572.115000000000466
573.693000000000468
574.372000000000468
574.491000000000469
574.998000000000469
575.155000000000469
575.298000000000469
627.447000000000516
627.664000000000516
628.282000000000516
713.624000000000592
713.745000000000592
714.094000000000593
714.569000000000593
714.833000000000593
715.521000000000594
715.737000000000594
715.999000000000594
756.955000000000631
757.413000000000631
758.148000000000632
758.283000000000632
758.429000000000632
758.583000000000632
758.744000000000632
758.868000000000632
759.018000000000632
759.518000000000633
759.729000000000633
759.978000000000633
760.565000000000634
760.745000000000634
761.025000000000634
761.309000000000634
761.840000000000635
762.457000000000636
762.859000000000636
762.999000000000636
763.177000000000636
763.304000000000636
763.429000000000636
763.580000000000636
763.709000000000637
764.306000000000637
764.468000000000637
764.595000000000637
764.742000000000638
765.246000000000638
765.402000000000638
765.683000000000638
765.808000000000638
765.965000000000639
767.38900000000064
767.54600000000064
767.70500000000064
767.86800000000064
768.179000000000641
768.320000000000641
768.452000000000641
769.613000000000642
769.759000000000642
769.949000000000642
770.063000000000642
770.603000000000643
770.757000000000643
771.342000000000643
771.495000000000644
772.067000000000644
772.646000000000645
773.126000000000645
773.266000000000645
773.575000000000645
773.740000000000646
773.931000000000646
774.083000000000646
774.207000000000646
775.547000000000647
775.707000000000647
775.916000000000647
776.028000000000648
776.233000000000648
776.359000000000648
776.536000000000648
778.27200000000065
778.42200000000065
778.61400000000065
778.78600000000065
778.90700000000065
779.08800000000065
780.727000000000652
780.908000000000652
781.087000000000652
781.385000000000652
781.525000000000652
782.532000000000653
782.743000000000654
782.898000000000654
783.343000000000654
783.518000000000654
783.704000000000654
785.339000000000656
785.498000000000656
785.667000000000656
786.000000000000656
786.155000000000657
787.162000000000657
787.322000000000658
787.499000000000658
787.689000000000658
791.067000000000661
791.221000000000661
791.411000000000661
791.596000000000661
791.768000000000662
791.927000000000662
793.669000000000663
793.806000000000663
794.055000000000664
794.481000000000664
794.609000000000664
794.652000000000664
794.749000000000664
795.047000000000664
795.363000000000665
795.659000000000665
796.221000000000666
796.364000000000666
796.536000000000666
804.558000000000673
804.795000000000673
805.301000000000674
805.382000000000674
806.217000000000674
806.326000000000674
806.464000000000675
807.550000000000676
807.687000000000676
807.842000000000676
808.644000000000676
808.745000000000677
808.877000000000677
809.002000000000677
809.409000000000677
809.771000000000678
846.79000000000071
847.171000000000711
847.433000000000711
847.559000000000711
847.653000000000711
848.117000000000712
985.929000000000834
986.009000000000834
987.049000000000835
987.816000000000836
988.058000000000836
988.312000000000836
1036.24300000000088
3495.27199999984238
3498.11299999984207
3499.75899999984189
3500.5509999998418
3500.87699999984177
3510.68699999984069
3510.84399999984067
3511.01499999984065
3511.21699999984063
3512.05399999984054
3512.21799999984052
3512.3879999998405
3512.66899999984047
3514.01199999984032
3514.1739999998403
3515.80799999984012
3515.9709999998401
3516.17399999984008
3516.50499999984004
3518.47399999983983
3518.62699999983981
3519.02899999983977
3519.21599999983975
3519.38299999983973
3519.6459999998397
3522.66199999983937
3522.81499999983935
3522.99999999983933
3523.19799999983931
3523.39899999983929
3523.55699999983927
3525.50799999983905
3525.66699999983904
3525.86399999983901
3526.05899999983899
3526.23599999983897
3528.05099999983877
3528.21099999983876
3528.39799999983874
3528.59699999983871
3528.77999999983869
3528.94199999983868
3529.13799999983865
3530.40299999983851
3530.5659999998385
3530.76399999983847
3530.94799999983845
3531.15599999983843
3533.11499999983822
3533.2799999998382
3533.48399999983817
3533.68099999983815
3533.88899999983813
3534.04099999983811
3534.21799999983809
3535.59199999983794
3535.76799999983792
3535.9909999998379
3536.14899999983788
3537.43999999983774
3537.63799999983772
3537.8089999998377
3537.99399999983768
3539.5949999998375
3539.76399999983748
3539.95499999983746
3540.16199999983744
3540.37199999983742
3540.99899999983735
3542.62699999983717
3542.78399999983715
3542.97999999983713
3543.15699999983711
3543.32299999983709
3552.17799999983612
3552.40099999983609
3553.40899999983598
3553.54599999983597
3553.71699999983595
3553.97399999983592
3554.1579999998359
3554.36099999983588
3554.54699999983586
3554.74099999983583
3554.93399999983581
3556.02399999983569
3556.18699999983567
3556.37499999983565
3556.54299999983564
3556.67699999983562
3557.13299999983557
3557.33699999983555
3557.49299999983553
3557.64399999983551
3559.15899999983535
3559.32099999983533
3559.50699999983531
3559.70599999983529
3559.91299999983526
3560.21799999983523
3561.59999999983508
3561.76599999983506
3561.97299999983504
3562.11999999983502
3562.60999999983497
3562.77199999983495
3562.95199999983493
3563.12899999983491
3563.31199999983489
3564.63999999983474
3564.81899999983472
3565.0289999998347
3565.21599999983468
3565.40599999983466
3566.8829999998345
3567.06299999983448
3567.25699999983446
3567.45599999983443
3568.7089999998343
3568.87699999983428
3569.51299999983421
3569.69599999983419
3569.87299999983417
3570.08299999983414
3570.24799999983413
3571.62199999983397
3571.79699999983396
3572.01199999983393
3572.19899999983391
3572.40099999983389
3572.60399999983387
3573.49799999983377
3573.68399999983375
3573.87199999983373
3575.42199999983356
3575.59499999983354
3575.78199999983352
3576.00999999983349
-4
35.2529999999999897
35.4099999999999898
35.7959999999999901
35.8849999999999902
37.1029999999999913
37.3219999999999915
37.5129999999999917
37.6729999999999918
38.0979999999999922
38.8709999999999929
39.6779999999999936
39.8209999999999937
40.9899999999999948
41.1489999999999949
41.4459999999999952
259.243000000000189
259.445000000000189
259.815000000000189
259.970000000000189
260.139000000000189
261.15700000000019
262.044000000000191
262.396000000000191
262.531000000000192
262.695000000000192
262.826000000000192
262.969000000000192
264.799000000000194
266.781000000000195
267.654000000000196
267.821000000000196
267.994000000000196
268.164000000000197
268.948000000000197
270.467000000000199
444.109000000000353
444.330000000000353
444.715000000000353
444.870000000000353
445.039000000000354
445.160000000000354
445.753000000000354
446.852000000000355
447.075000000000355
447.223000000000356
447.379000000000356
447.530000000000356
447.681000000000356
447.830000000000356
448.865000000000357
449.361000000000357
449.522000000000358
450.757000000000359
450.922000000000359
451.089000000000359
451.233000000000359
451.360000000000359
451.535000000000359
451.80900000000036
451.97800000000036
453.614000000000361
453.776000000000361
453.933000000000362
454.077000000000362
454.225000000000362
455.259000000000363
455.424000000000363
455.573000000000363
455.751000000000363
456.854000000000364
457.021000000000364
457.188000000000364
457.329000000000365
457.446000000000365
457.613000000000365
458.710000000000366
459.309000000000366
459.482000000000366
459.661000000000367
460.002000000000367
460.125000000000367
539.886000000000438
542.24900000000044
542.35800000000044
542.60300000000044
542.89000000000044
543.015000000000441
543.164000000000441
543.319000000000441
543.472000000000441
543.627000000000441
543.747000000000441
544.210000000000442
544.318000000000442
544.428000000000442
545.094000000000442
545.527000000000443
545.677000000000443
545.841000000000443
545.989000000000443
546.318000000000444
546.390000000000444
546.422000000000444
547.020000000000444
547.636000000000445
570.670000000000465
571.305000000000466
571.704000000000466
572.602000000000467
574.087000000000468
574.463000000000469
574.818000000000469
575.112000000000469
575.224000000000469
576.760000000000471
627.511000000000516
628.026000000000516
628.672000000000517
713.637000000000592
713.800000000000592
714.178000000000593
714.655000000000593
714.937000000000593
715.585000000000594
715.961000000000594
716.177000000000594
757.009000000000631
757.506000000000631
758.204000000000632
758.355000000000632
758.509000000000632
758.667000000000632
758.786000000000632
758.937000000000632
759.074000000000632
759.527000000000633
759.826000000000633
760.107000000000633
760.618000000000634
760.891000000000634
761.224000000000634
761.633000000000635
762.428000000000636
762.758000000000636
762.905000000000636
763.068000000000636
763.215000000000636
763.353000000000636
763.492000000000636
763.632000000000637
763.736000000000637
764.364000000000637
764.496000000000637
764.631000000000637
764.762000000000638
765.307000000000638
765.467000000000638
765.710000000000638
765.864000000000638
766.012000000000639
767.43900000000064
767.60100000000064
767.76800000000064
767.93900000000064
768.222000000000641
768.358000000000641
768.479000000000641
769.667000000000642
769.829000000000642
769.972000000000642
770.134000000000642
770.653000000000643
770.830000000000643
771.390000000000643
771.568000000000644
772.126000000000644
772.705000000000645
773.152000000000645
773.297000000000645
773.630000000000645
773.810000000000646
774.003000000000646
774.125000000000646
774.241000000000646
775.610000000000647
775.790000000000647
775.948000000000648
776.116000000000648
776.276000000000648
776.438000000000648
776.573000000000648
778.31800000000065
778.49400000000065
778.67700000000065
778.81600000000065
778.98700000000065
779.14400000000065
780.796000000000652
780.974000000000652
781.168000000000652
781.423000000000652
781.564000000000652
782.593000000000653
782.779000000000654
782.965000000000654
783.419000000000654
783.625000000000654
783.741000000000654
785.400000000000656
785.569000000000656
785.746000000000656
786.048000000000656
786.174000000000657
787.215000000000658
787.393000000000658
787.578000000000658
787.764000000000658
791.118000000000661
791.285000000000661
791.478000000000661
791.664000000000661
791.832000000000662
791.998000000000662
793.731000000000663
793.863000000000663
794.143000000000664
794.578000000000664
794.649000000000664
794.667000000000664
794.865000000000664
795.168000000000665
795.434000000000665
795.979000000000665
796.271000000000666
796.427000000000666
796.599000000000666
804.597000000000673
804.868000000000673
805.330000000000674
805.446000000000674
806.289000000000674
806.393000000000675
806.516000000000675
807.609000000000676
807.757000000000676
807.920000000000676
808.688000000000677
808.823000000000677
808.991000000000677
809.216000000000677
809.477000000000677
809.824000000000678
846.82800000000071
847.251000000000711
847.517000000000711
847.601000000000711
847.810000000000711
848.213000000000712
985.964000000000834
986.054000000000834
987.094000000000835
987.915000000000836
988.169000000000836
989.003000000000837
1036.25400000000088
3495.31099999984238
3498.766999999842
3500.06699999984186
3500.74799999984178
3501.56399999984169
3510.71099999984068
3510.89399999984066
3511.06599999984064
3511.23699999984062
3512.08799999984053
3512.26799999984051
3512.42399999984049
3512.70799999984046
3514.05899999984031
3514.2319999998403
3515.85399999984012
3516.0359999998401
3516.22699999984008
3516.56799999984004
3518.51599999983982
3518.6919999998398
3519.08299999983976
3519.25399999983974
3519.40299999983973
3519.71999999983969
3522.69599999983936
3522.87399999983934
3523.06999999983932
3523.2659999998393
3523.43899999983928
3523.61799999983926
3525.55799999983905
3525.73299999983903
3525.92299999983901
3526.11599999983899
3526.30799999983897
3528.10799999983877
3528.27899999983875
3528.46299999983873
3528.64899999983871
3528.80999999983869
3529.01499999983867
3529.15499999983865
3530.45699999983851
3530.63899999983849
3530.82999999983847
3531.02499999983845
3531.21299999983842
3533.17199999983821
3533.35699999983819
3533.56399999983817
3533.75799999983814
3533.92099999983813
3534.10299999983811
3534.23999999983809
3535.64899999983794
3535.84299999983792
3536.0219999998379
3536.22899999983787
3537.49799999983773
3537.69299999983771
3537.87999999983769
3538.05899999983767
3539.6529999998375
3539.83999999983747
3540.03499999983745
3540.24599999983743
3540.44999999983741
3541.07399999983734
3542.68099999983716
3542.85599999983714
3543.03599999983712
3543.2099999998371
3543.39099999983708
3552.25399999983611
3552.45599999983609
3553.44599999983598
3553.61499999983596
3553.79499999983594
3554.04999999983591
3554.24299999983589
3554.43999999983587
3554.63099999983585
3554.82399999983582
3555.0159999998358
3556.08499999983569
3556.25999999983567
3556.42699999983565
3556.57299999983563
3556.75699999983561
3557.20299999983556
3557.37999999983554
3557.52499999983553
3557.7259999998355
3559.21699999983534
3559.39599999983532
3559.5899999998353
3559.79199999983528
3559.97699999983526
3560.29799999983522
3561.64999999983507
3561.83899999983505
3561.99799999983503
3562.20099999983501
3562.65399999983496
3562.84099999983494
3563.01599999983492
3563.1989999998349
3563.32899999983489
3564.70199999983474
3564.88499999983472
3565.08999999983469
3565.29299999983467
3565.48499999983465
3566.94599999983449
3567.13499999983447
3567.33199999983445
3567.53599999983442
3568.76299999983429
3568.94699999983427
3569.5689999998342
3569.75599999983418
3569.94299999983416
3570.12999999983414
3570.31499999983412
3571.68099999983397
3571.86899999983395
3572.06999999983392
3572.2749999998339
3572.47799999983388
3572.66799999983386
3573.55799999983376
3573.75399999983374
3573.94499999983372
3575.47299999983355
3575.66199999983353
3575.86799999983351
3576.07499999983348
0
0
0
0
0
0
0
0
0
0
0
0
0
3600.00099999983085
0
0
0
0
0
0
