10
09
18
10
09
18
IPP2.14
sacchDay1
0
2
11
52
03
12
54
25
22
4
.3
1
211
211
1
76
76
1
1
1
1
1
1
1
1
1
1
1
1
1
1
1
1
1
1
1
1
210
-1
15.54500000000000031
16.416
16.435
16.5069999999999999
16.9979999999999995
18.2229999999999984
106.9620000000000534
108.1430000000000544
154.559000000000096
154.695000000000096
154.823000000000096
154.935000000000096
154.970000000000096
295.858000000000221
385.334000000000301
385.443000000000301
385.650000000000301
386.235000000000301
386.696000000000302
386.973000000000302
387.596000000000303
387.708000000000303
498.081000000000401
498.208000000000401
498.477000000000401
498.634000000000401
498.682000000000401
498.815000000000401
499.935000000000402
548.163000000000445
548.221000000000445
548.263000000000445
549.071000000000446
549.152000000000446
552.627000000000449
616.426000000000506
702.958000000000583
703.084000000000583
703.264000000000583
703.386000000000583
703.570000000000583
704.630000000000584
704.770000000000584
705.256000000000585
705.545000000000585
705.672000000000585
705.801000000000585
705.918000000000585
706.032000000000585
706.178000000000586
706.304000000000586
706.435000000000586
707.331000000000586
707.468000000000587
707.610000000000587
707.734000000000587
708.120000000000587
708.581000000000588
708.751000000000588
708.889000000000588
709.155000000000588
709.285000000000588
709.433000000000588
709.673000000000589
709.803000000000589
709.954000000000589
712.188000000000591
712.320000000000591
712.473000000000591
712.594000000000591
712.887000000000592
713.006000000000592
713.092000000000592
713.162000000000592
713.288000000000592
713.420000000000592
713.533000000000592
713.608000000000592
713.754000000000592
713.869000000000592
714.044000000000592
715.374000000000594
715.493000000000594
715.591000000000594
715.725000000000594
715.888000000000594
716.017000000000594
716.111000000000594
716.178000000000594
716.304000000000595
716.453000000000595
716.610000000000595
716.749000000000595
716.826000000000595
716.897000000000595
717.075000000000595
717.221000000000595
717.314000000000595
717.381000000000595
718.191000000000596
718.327000000000596
718.498000000000596
718.649000000000597
718.803000000000597
718.944000000000597
719.107000000000597
719.255000000000597
719.571000000000597
719.697000000000598
719.832000000000598
719.985000000000598
720.088000000000598
720.184000000000598
720.323000000000598
720.460000000000598
720.616000000000598
720.753000000000598
720.908000000000599
721.055000000000599
721.461000000000599
721.614000000000599
722.8640000000006
722.9890000000006
723.153000000000601
723.297000000000601
723.459000000000601
723.597000000000601
723.763000000000601
723.901000000000601
724.032000000000601
724.165000000000602
724.309000000000602
724.480000000000602
724.595000000000602
724.726000000000602
724.878000000000602
726.204000000000603
726.351000000000603
726.516000000000604
726.560000000000604
726.646000000000604
726.777000000000604
726.901000000000604
727.090000000000604
728.254000000000605
728.347000000000605
728.472000000000605
728.546000000000605
728.933000000000606
729.082000000000606
729.189000000000606
729.234000000000606
729.384000000000606
729.861000000000607
730.222000000000607
732.271000000000609
746.774000000000622
747.068000000000622
747.143000000000622
747.220000000000622
747.349000000000622
747.505000000000622
747.662000000000622
748.063000000000623
748.658000000000623
748.944000000000624
822.049000000000688
822.285000000000689
822.422000000000689
822.794000000000689
1020.916000000000865
1066.60300000000091
1066.71800000000091
1066.84700000000091
1067.74800000000091
1068.16000000000091
1068.51400000000091
1068.75500000000091
1068.92900000000091
1069.73600000000091
1070.15000000000091
1070.58400000000091
1070.94900000000091
1071.26200000000091
1071.47500000000091
1071.96700000000091
1072.10600000000091
1072.33300000000091
1074.18200000000091
1075.52100000000091
1075.77500000000091
1234.67100000000105
1235.15700000000106
1485.69900000000128
1935.57300000000168
1937.54800000000168
2317.85999999997206
2958.89899999990146
2958.91899999990145
2960.46999999990128
2960.84999999990124
2961.38699999990118
2965.05299999990078
2965.19299999990076
2965.59799999990072
2965.85199999990069
2971.86299999990003
2972.21199999989999
2974.30299999989976
2974.44799999989974
-2
15.58700000000000031
16.433
16.4459999999999999
16.5929999999999998
17.0179999999999995
18.2989999999999984
107.0150000000000534
108.2360000000000545
154.633000000000096
154.771000000000096
154.922000000000096
154.952000000000096
155.072000000000096
295.887000000000221
385.376000000000301
385.470000000000301
385.688000000000301
386.288000000000301
386.769000000000302
387.036000000000302
387.664000000000303
387.804000000000303
498.133000000000401
498.249000000000401
498.569000000000401
498.653000000000401
498.729000000000401
498.881000000000401
500.022000000000402
548.212000000000445
548.239000000000445
548.572000000000446
549.148000000000446
549.341000000000446
552.645000000000449
616.464000000000506
703.023000000000583
703.162000000000583
703.308000000000583
703.476000000000583
703.637000000000583
704.674000000000584
704.812000000000584
705.284000000000585
705.592000000000585
705.718000000000585
705.834000000000585
705.947000000000585
706.066000000000585
706.218000000000586
706.351000000000586
706.500000000000586
707.373000000000587
707.520000000000587
707.647000000000587
707.790000000000587
708.178000000000587
708.607000000000588
708.806000000000588
708.938000000000588
709.200000000000588
709.350000000000588
709.466000000000588
709.718000000000589
709.866000000000589
709.995000000000589
712.242000000000591
712.393000000000591
712.506000000000591
712.653000000000591
712.924000000000592
713.079000000000592
713.141000000000592
713.203000000000592
713.333000000000592
713.522000000000592
713.568000000000592
713.645000000000592
713.776000000000592
713.945000000000592
714.077000000000593
715.408000000000594
715.519000000000594
715.642000000000594
715.800000000000594
715.932000000000594
716.091000000000594
716.114000000000594
716.213000000000594
716.335000000000594
716.517000000000595
716.660000000000595
716.802000000000595
716.841000000000595
716.940000000000595
717.134000000000595
717.296000000000595
717.349000000000595
717.422000000000596
718.244000000000596
718.408000000000596
718.560000000000596
718.715000000000597
718.846000000000597
719.021000000000597
719.173000000000597
719.307000000000597
719.605000000000598
719.746000000000598
719.877000000000598
720.072000000000598
720.149000000000598
720.214000000000598
720.378000000000598
720.538000000000598
720.667000000000598
720.821000000000599
720.983000000000599
721.110000000000599
721.529000000000599
721.656000000000599
722.9110000000006
723.0670000000006
723.209000000000601
723.369000000000601
723.503000000000601
723.673000000000601
723.809000000000601
723.938000000000601
724.082000000000601
724.212000000000602
724.369000000000602
724.520000000000602
724.639000000000602
724.791000000000602
724.918000000000602
726.272000000000603
726.425000000000604
726.542000000000604
726.581000000000604
726.688000000000604
726.867000000000604
727.068000000000604
727.149000000000604
728.277000000000605
728.374000000000605
728.509000000000605
728.592000000000605
728.970000000000606
729.129000000000606
729.211000000000606
729.302000000000606
729.464000000000606
729.909000000000607
730.299000000000607
732.319000000000609
746.789000000000622
747.119000000000622
747.153000000000622
747.260000000000622
747.415000000000622
747.573000000000622
747.723000000000622
748.100000000000623
748.720000000000623
749.005000000000624
822.091000000000688
822.338000000000689
822.459000000000689
822.834000000000689
1020.972000000000865
1066.64300000000091
1066.75900000000091
1066.87000000000091
1067.77700000000091
1068.20000000000091
1068.55200000000091
1068.81300000000091
1068.96900000000091
1069.80900000000091
1070.21800000000091
1070.67500000000091
1071.01000000000091
1071.28500000000091
1071.50500000000091
1072.01600000000091
1072.13800000000091
1072.36200000000091
1074.22300000000091
1075.57500000000091
1075.84300000000091
1234.71600000000105
1235.22400000000106
1485.74600000000128
1935.60500000000168
1937.58000000000168
2317.89199999997205
2958.91599999990145
2958.92899999990145
2960.52799999990128
2960.89999999990124
2961.40199999990118
2965.07299999990078
2965.21999999990076
2965.61999999990072
2965.89099999990069
2971.86899999990003
2972.25299999989999
2974.34199999989976
2974.50599999989974
75
-3
146.266000000000088
146.396000000000088
146.701000000000089
146.797000000000089
147.74200000000009
147.93900000000009
148.31700000000009
148.54200000000009
148.70900000000009
148.885000000000091
149.085000000000091
149.375000000000091
149.455000000000091
150.009000000000092
345.324000000000265
367.756000000000285
367.965000000000285
621.32600000000051
627.114000000000515
627.162000000000515
627.796000000000516
769.044000000000641
769.398000000000642
769.659000000000642
769.780000000000642
769.924000000000642
770.880000000000643
771.309000000000643
772.240000000000644
772.889000000000645
773.067000000000645
774.006000000000646
774.111000000000646
774.406000000000646
774.417000000000646
774.519000000000646
775.554000000000647
775.626000000000647
775.751000000000647
775.820000000000647
775.901000000000647
776.435000000000648
776.496000000000648
776.586000000000648
776.636000000000648
777.108000000000648
777.485000000000649
1547.70900000000133
1547.94900000000133
1548.05200000000133
1548.87400000000133
1549.12900000000133
1549.25000000000133
1549.41100000000133
1549.64000000000133
1549.76200000000133
1549.84800000000133
1549.93400000000133
1550.04100000000134
1550.15500000000134
1550.27300000000134
1550.39700000000134
1550.63800000000134
1550.75700000000134
1550.87500000000134
1552.53900000000134
1552.67500000000134
1552.81000000000134
1625.1280000000014
1625.3820000000014
1625.5060000000014
1628.5690000000014
1630.50700000000141
1631.15600000000141
2330.1559999999707
-4
146.354000000000088
146.502000000000088
146.741000000000089
147.268000000000089
147.87200000000009
147.98700000000009
148.34700000000009
148.66700000000009
148.836000000000091
149.023000000000091
149.212000000000091
149.392000000000091
149.597000000000091
150.067000000000092
345.353000000000265
367.783000000000285
367.986000000000285
621.37500000000051
627.159000000000515
627.299000000000516
627.819000000000516
769.062000000000641
769.430000000000642
769.702000000000642
769.837000000000642
769.965000000000642
771.112000000000643
772.083000000000644
772.852000000000645
773.008000000000645
773.155000000000645
774.070000000000646
774.225000000000646
774.415000000000646
774.508000000000646
774.653000000000646
775.583000000000647
775.663000000000647
775.800000000000647
775.835000000000647
775.948000000000648
776.478000000000648
776.540000000000648
776.615000000000648
777.030000000000648
777.139000000000649
777.518000000000649
1547.75400000000133
1547.97500000000133
1548.10400000000133
1548.89300000000133
1549.15500000000133
1549.31600000000133
1549.42900000000133
1549.67200000000133
1549.83800000000133
1549.90000000000133
1549.96400000000134
1550.07200000000134
1550.18800000000134
1550.31500000000134
1550.43800000000134
1550.68100000000134
1550.80000000000134
1550.91500000000134
1552.58800000000134
1552.71800000000134
1552.85500000000134
1625.1510000000014
1625.4310000000014
1625.5570000000014
1628.6050000000014
1630.61600000000141
1631.27500000000141
2330.2039999999707
0
0
0
0
0
0
0
0
0
0
0
0
0
3600.00099999983085
0
0
0
0
0
0
