8
15
19
8
15
19
IPPneo1.11
test2
0
3
11
24
45
12
27
00
22
4
.3
1
176
176
1
974
974
1
1
1
1
1
1
1
1
1
1
1
1
1
1
1
1
1
1
1
1
175
-1
9.62600000000000019
9.72900000000000019
9.82500000000000019
9.93300000000000019
10.0400000000000002
333.195000000000254
333.641000000000255
334.066000000000255
334.236000000000255
334.279000000000255
334.341000000000255
334.566000000000255
334.702000000000256
334.993000000000256
335.146000000000256
335.254000000000256
335.364000000000256
335.476000000000256
335.606000000000256
335.722000000000257
335.863000000000257
336.752000000000257
336.864000000000258
336.996000000000258
337.118000000000258
337.257000000000258
337.367000000000258
337.512000000000258
338.254000000000259
338.297000000000259
338.352000000000259
338.414000000000259
338.560000000000259
338.663000000000259
338.813000000000259
338.931000000000259
339.08500000000026
339.19900000000026
339.35000000000026
339.49200000000026
339.63600000000026
339.75300000000026
339.91700000000026
341.044000000000261
341.178000000000261
341.315000000000262
341.454000000000262
341.584000000000262
341.729000000000262
341.888000000000262
342.044000000000262
342.166000000000262
342.329000000000262
342.474000000000263
342.561000000000263
342.642000000000263
342.706000000000263
342.777000000000263
342.942000000000263
343.079000000000263
343.247000000000263
344.823000000000265
344.937000000000265
345.073000000000265
345.208000000000265
345.359000000000265
345.511000000000265
346.232000000000266
346.440000000000266
346.809000000000266
346.914000000000266
347.045000000000267
347.187000000000267
347.257000000000267
347.326000000000267
347.381000000000267
347.523000000000267
347.647000000000267
347.788000000000267
347.929000000000267
348.077000000000268
348.239000000000268
348.413000000000268
348.572000000000268
349.108000000000268
349.255000000000269
349.532000000000269
520.708000000000421
520.802000000000421
521.015000000000421
521.154000000000421
521.344000000000421
521.593000000000422
522.210000000000422
656.792000000000542
657.000000000000542
657.113000000000542
657.389000000000542
657.529000000000542
657.710000000000542
657.841000000000543
659.037000000000544
659.170000000000544
659.277000000000544
659.473000000000544
659.584000000000544
659.714000000000544
761.741000000000635
762.336000000000635
762.469000000000636
766.098000000000639
766.243000000000639
766.404000000000639
766.573000000000639
766.748000000000639
767.24100000000064
767.34100000000064
767.44700000000064
767.58400000000064
767.73400000000064
768.06600000000064
829.543000000000695
842.122000000000706
843.261000000000707
843.436000000000707
843.552000000000708
843.932000000000708
844.230000000000708
1072.38300000000091
1072.64200000000091
1072.90800000000091
1080.81900000000092
1081.03400000000092
1081.15900000000092
1081.38200000000092
1081.47300000000092
1082.00600000000092
1082.11100000000092
1082.22200000000092
1082.35400000000092
1082.39400000000092
1082.48800000000092
1082.52600000000092
1082.77100000000092
1082.87800000000092
1082.99900000000092
1149.94800000000098
1150.19300000000098
1150.66900000000098
1150.74100000000098
1215.49300000000104
1216.18700000000104
1216.32900000000104
1216.52200000000104
1216.64100000000104
1216.80500000000104
3409.39199999985184
3409.7509999998518
3410.13299999985176
3481.98599999984385
3483.17199999984372
3483.57699999984367
3484.2639999998436
3484.95299999984352
3486.58599999984334
3486.69399999984333
3487.56299999984323
3487.8449999998432
3487.97099999984319
3488.09599999984317
3488.12499999984317
3488.14699999984317
3562.97399999983493
3563.31199999983489
3563.45399999983487
-2
9.67000000000000019
9.76000000000000019
9.86800000000000019
9.97200000000000019
10.0780000000000002
333.225000000000254
333.675000000000255
334.137000000000255
334.275000000000255
334.285000000000255
334.500000000000255
334.643000000000256
334.838000000000256
335.065000000000256
335.186000000000256
335.294000000000256
335.407000000000256
335.535000000000256
335.655000000000256
335.793000000000257
335.900000000000257
336.788000000000257
336.911000000000258
337.042000000000258
337.175000000000258
337.294000000000258
337.435000000000258
337.540000000000258
338.278000000000259
338.334000000000259
338.389000000000259
338.478000000000259
338.590000000000259
338.736000000000259
338.855000000000259
339.013000000000259
339.12100000000026
339.27400000000026
339.39900000000026
339.55800000000026
339.67700000000026
339.83800000000026
339.94000000000026
341.103000000000261
341.238000000000261
341.373000000000262
341.507000000000262
341.647000000000262
341.812000000000262
341.969000000000262
342.086000000000262
342.255000000000262
342.395000000000262
342.543000000000263
342.594000000000263
342.689000000000263
342.724000000000263
342.864000000000263
343.000000000000263
343.170000000000263
343.307000000000263
344.873000000000265
345.001000000000265
345.131000000000265
345.280000000000265
345.425000000000265
345.619000000000265
346.282000000000266
346.546000000000266
346.839000000000266
346.973000000000266
347.117000000000267
347.250000000000267
347.271000000000267
347.364000000000267
347.488000000000267
347.606000000000267
347.723000000000267
347.859000000000267
348.011000000000267
348.160000000000268
348.306000000000268
348.495000000000268
348.652000000000268
349.226000000000269
349.320000000000269
349.608000000000269
520.746000000000421
520.841000000000421
521.076000000000421
521.218000000000421
521.395000000000421
521.616000000000422
522.287000000000422
656.847000000000542
657.050000000000542
657.146000000000542
657.431000000000542
657.631000000000542
657.797000000000543
657.917000000000543
659.124000000000544
659.258000000000544
659.285000000000544
659.516000000000544
659.635000000000544
659.764000000000544
761.792000000000635
762.401000000000636
762.540000000000636
766.154000000000639
766.342000000000639
766.499000000000639
766.664000000000639
766.828000000000639
767.27200000000064
767.37100000000064
767.49900000000064
767.60000000000064
767.82100000000064
768.139000000000641
829.599000000000695
842.155000000000706
843.366000000000707
843.522000000000708
843.619000000000708
844.017000000000708
844.367000000000708
1072.43900000000091
1072.72400000000091
1072.97800000000091
1080.85100000000092
1081.09200000000092
1081.20700000000092
1081.40900000000092
1081.51600000000092
1082.03400000000092
1082.13800000000092
1082.25200000000092
1082.38000000000092
1082.44300000000092
1082.52400000000092
1082.53500000000092
1082.82100000000092
1082.93700000000092
1083.04800000000092
1149.98000000000098
1150.23700000000098
1150.68800000000098
1150.80700000000098
1215.53800000000104
1216.27900000000104
1216.42600000000104
1216.57700000000104
1216.71300000000104
1216.87300000000104
3409.45199999985184
3409.81999999985179
3410.17299999985176
3481.99999999984384
3483.19299999984371
3483.61199999984367
3484.29399999984359
3485.02699999984351
3486.61699999984334
3486.72399999984332
3487.58799999984323
3487.8769999998432
3487.99199999984318
3488.11299999984317
3488.13599999984317
3488.16899999984317
3563.02199999983492
3563.35399999983488
3563.47099999983487
973
-3
27.6089999999999905
27.7889999999999903
27.8939999999999902
27.9959999999999902
28.1079999999999901
28.23399999999999
28.3249999999999899
30.8029999999999878
30.9239999999999877
31.0569999999999876
31.2019999999999874
31.3249999999999873
31.4729999999999872
31.5919999999999871
31.718999999999987
31.8719999999999869
32.0249999999999868
32.1769999999999869
33.1809999999999878
33.2869999999999879
33.430999999999988
33.5739999999999882
33.7169999999999883
33.8689999999999884
34.0159999999999886
34.1679999999999887
34.3109999999999888
34.4429999999999889
34.6089999999999891
34.7759999999999892
34.9309999999999894
35.0909999999999895
35.2529999999999897
35.3949999999999898
35.5579999999999899
35.6959999999999901
35.8649999999999902
36.0199999999999903
36.1669999999999905
36.3059999999999906
36.4699999999999907
36.6499999999999909
36.812999999999991
41.4229999999999951
41.5439999999999952
41.6789999999999954
41.8209999999999955
41.9659999999999956
42.1219999999999958
42.2829999999999959
42.435999999999996
42.5899999999999962
43.2559999999999968
43.3859999999999969
43.538999999999997
43.6949999999999972
43.8579999999999973
44.0539999999999975
44.1649999999999976
44.3189999999999977
44.4729999999999979
44.647999999999998
44.8199999999999982
44.9879999999999983
45.1149999999999984
45.2449999999999985
45.3779999999999987
45.5379999999999988
45.707999999999999
45.8599999999999991
46.0309999999999992
46.1759999999999994
46.3339999999999995
46.4839999999999996
46.6479999999999998
46.7919999999999999
46.947
47.1040000000000002
47.2610000000000003
47.4310000000000005
47.5830000000000006
48.5400000000000015
48.6620000000000016
48.8040000000000017
48.9600000000000018
49.108000000000002
49.2810000000000021
49.4360000000000023
49.5710000000000024
49.7360000000000025
49.8890000000000027
50.0550000000000028
50.221000000000003
50.3640000000000031
50.5290000000000032
50.6820000000000034
50.8360000000000035
50.9880000000000036
51.1000000000000037
51.2390000000000039
51.380000000000004
53.1140000000000055
53.2450000000000056
53.3990000000000058
53.5650000000000059
53.7310000000000061
53.8860000000000062
54.0400000000000064
54.1810000000000065
54.3370000000000066
54.4700000000000067
54.6000000000000068
54.747000000000007
54.9050000000000071
55.0630000000000073
55.2190000000000074
55.3620000000000075
55.5190000000000077
55.6660000000000078
55.8090000000000079
55.9550000000000081
56.0920000000000082
56.2440000000000083
56.3710000000000084
56.5070000000000085
56.6480000000000087
56.7860000000000088
56.9230000000000089
57.065000000000009
57.2040000000000092
57.6640000000000096
57.7820000000000097
57.9330000000000098
58.0870000000000099
58.2330000000000101
58.3880000000000102
58.5380000000000103
58.7000000000000105
58.8550000000000106
59.0110000000000108
59.1440000000000109
59.293000000000011
59.4440000000000112
59.6070000000000113
59.7450000000000114
59.8880000000000115
60.0390000000000117
60.1870000000000118
60.3330000000000119
60.4780000000000121
60.6440000000000122
60.7770000000000123
60.9340000000000125
61.0870000000000126
67.4880000000000183
67.5980000000000184
67.7320000000000185
67.8750000000000186
68.0270000000000188
68.1830000000000189
68.338000000000019
68.4920000000000192
68.6450000000000193
68.8020000000000195
68.9600000000000196
69.1160000000000197
69.2530000000000199
69.41000000000002
69.5890000000000202
69.7290000000000203
69.8700000000000204
70.0320000000000206
70.1860000000000207
70.3350000000000208
70.487000000000021
70.6380000000000211
70.7910000000000212
70.9480000000000214
71.0930000000000215
71.2450000000000216
71.3910000000000218
71.5500000000000219
71.697000000000022
73.5910000000000237
73.7130000000000238
73.8510000000000239
74.0070000000000241
74.1550000000000242
74.3130000000000244
74.4610000000000245
74.6000000000000246
74.7590000000000248
74.9100000000000249
75.068000000000025
75.2150000000000252
75.3680000000000253
75.5150000000000254
75.6660000000000256
75.7970000000000257
75.9570000000000258
76.103000000000026
76.2670000000000261
76.4280000000000262
76.5840000000000264
76.7430000000000265
76.8960000000000266
77.0420000000000268
77.2070000000000269
77.3560000000000271
77.5040000000000272
77.6610000000000273
77.8130000000000275
77.9600000000000276
78.1180000000000277
100.4930000000000476
100.5840000000000477
100.7060000000000478
100.8410000000000479
100.976000000000048
101.1150000000000482
101.2600000000000483
101.3990000000000484
101.5320000000000485
101.6550000000000486
101.8040000000000488
101.9580000000000489
102.077000000000049
102.2470000000000492
102.3650000000000493
102.5020000000000494
102.6270000000000495
102.7930000000000496
102.9390000000000498
103.0930000000000499
103.23700000000005
103.3920000000000502
103.5530000000000503
103.7100000000000505
103.8700000000000506
104.0240000000000508
104.1730000000000509
104.339000000000051
104.5080000000000512
104.6640000000000513
104.8090000000000514
104.9640000000000516
105.1230000000000517
105.2890000000000519
105.451000000000052
105.6180000000000522
105.7780000000000523
105.9390000000000524
106.1030000000000526
106.2640000000000527
106.4350000000000529
106.572000000000053
107.3540000000000537
107.4850000000000538
107.633000000000054
107.7870000000000541
107.9450000000000542
108.1060000000000544
108.2690000000000545
108.4090000000000546
108.5640000000000548
108.7120000000000549
108.870000000000055
109.0210000000000552
109.1610000000000553
109.3090000000000554
109.4570000000000556
109.6070000000000557
109.7580000000000558
109.908000000000056
110.0620000000000561
110.2150000000000562
110.3520000000000564
110.5060000000000565
110.6490000000000566
110.8030000000000568
110.9660000000000569
111.105000000000057
111.2410000000000572
111.3890000000000573
111.5340000000000574
111.6770000000000575
111.8190000000000577
111.9660000000000578
112.1220000000000579
112.2730000000000581
112.4160000000000582
112.5690000000000583
112.7100000000000585
112.8540000000000586
113.0030000000000587
113.1720000000000589
113.303000000000059
113.4410000000000591
113.5910000000000592
113.7450000000000594
113.8900000000000595
114.0290000000000596
114.1620000000000598
114.2950000000000599
114.44100000000006
114.6040000000000601
114.7670000000000603
114.9140000000000604
115.0550000000000605
115.1980000000000607
115.3350000000000608
115.4920000000000609
115.632000000000061
115.7710000000000612
115.9190000000000613
116.0720000000000614
116.2170000000000616
116.3690000000000617
116.5380000000000619
116.683000000000062
116.8230000000000621
116.9590000000000622
117.0950000000000624
117.2580000000000625
117.4190000000000626
117.5520000000000628
117.7220000000000629
117.862000000000063
118.0310000000000632
118.1800000000000633
118.3570000000000635
118.4990000000000636
118.6450000000000637
118.8080000000000639
118.964000000000064
119.1160000000000642
122.4040000000000671
122.5380000000000672
122.6790000000000673
122.8280000000000674
122.9850000000000676
123.1570000000000677
123.3110000000000679
123.476000000000068
123.6180000000000682
123.7580000000000683
123.9080000000000684
124.0640000000000686
124.2210000000000687
124.3730000000000688
124.525000000000069
124.6860000000000691
124.8340000000000692
125.0110000000000694
125.1700000000000695
125.3080000000000696
125.4670000000000698
125.6220000000000699
125.7820000000000701
125.9240000000000702
126.0610000000000703
126.2190000000000705
126.3740000000000706
126.5200000000000707
126.6700000000000708
126.813000000000071
126.9700000000000711
127.1220000000000713
127.2670000000000714
127.4100000000000715
127.5610000000000716
127.7220000000000718
127.8840000000000719
128.040000000000072
128.193000000000072
130.473000000000074
130.605000000000074
130.755000000000074
130.902000000000075
131.063000000000075
131.223000000000075
131.382000000000075
131.558000000000075
131.714000000000075
131.856000000000075
132.007000000000076
132.353000000000076
132.488000000000076
132.624000000000076
132.779000000000076
132.923000000000076
133.071000000000077
133.242000000000077
133.399000000000077
133.543000000000077
133.697000000000077
133.857000000000077
134.011000000000077
134.162000000000078
134.315000000000078
134.472000000000078
134.633000000000078
134.782000000000078
135.321000000000079
135.464000000000079
135.618000000000079
135.770000000000079
135.931000000000079
136.095000000000079
136.275000000000079
136.46000000000008
136.59700000000008
136.75900000000008
136.92000000000008
137.08500000000008
137.25300000000008
137.41900000000008
137.586000000000081
137.750000000000081
137.898000000000081
138.059000000000081
138.231000000000081
138.375000000000081
138.516000000000081
138.674000000000082
138.824000000000082
138.976000000000082
139.129000000000082
139.289000000000082
141.934000000000084
142.050000000000085
142.188000000000085
142.335000000000085
142.485000000000085
142.646000000000085
142.805000000000085
142.964000000000085
143.125000000000085
143.270000000000086
143.413000000000086
143.557000000000086
143.714000000000086
143.877000000000086
144.024000000000086
144.164000000000086
144.325000000000087
144.480000000000087
144.643000000000087
144.799000000000087
144.943000000000087
145.088000000000087
145.255000000000087
145.411000000000088
145.843000000000088
145.949000000000088
146.101000000000088
146.263000000000088
146.420000000000088
146.581000000000089
146.747000000000089
146.904000000000089
147.074000000000089
147.262000000000089
147.409000000000089
147.572000000000089
147.72300000000009
147.90600000000009
148.18500000000009
148.31800000000009
148.46500000000009
148.62600000000009
148.78200000000009
148.939000000000091
149.111000000000091
149.288000000000091
149.438000000000091
149.587000000000091
149.733000000000091
161.472000000000102
173.711000000000113
212.555000000000147
220.937000000000155
221.116000000000155
221.445000000000155
262.353000000000191
300.180000000000225
309.389000000000233
309.404000000000233
353.948000000000273
396.20300000000031
396.49700000000031
398.168000000000312
398.186000000000312
416.722000000000328
416.857000000000329
456.744000000000364
458.829000000000366
459.005000000000366
465.915000000000372
466.499000000000373
481.111000000000386
482.050000000000386
495.611000000000399
499.151000000000402
563.237000000000459
566.380000000000461
605.918000000000496
605.938000000000496
668.391000000000552
685.784000000000567
710.207000000000589
772.809000000000645
772.905000000000645
773.125000000000645
773.182000000000645
773.376000000000645
774.031000000000646
774.043000000000646
774.054000000000646
774.075000000000646
774.095000000000646
938.270000000000792
939.010000000000792
939.146000000000792
939.359000000000793
960.188000000000811
960.308000000000811
960.501000000000811
960.633000000000812
960.831000000000812
961.019000000000812
961.147000000000812
961.338000000000812
961.527000000000812
961.738000000000813
961.865000000000813
961.996000000000813
962.184000000000813
962.375000000000813
962.538000000000813
962.704000000000813
962.862000000000814
963.018000000000814
963.177000000000814
963.371000000000814
964.036000000000815
964.171000000000815
964.338000000000815
964.517000000000815
964.710000000000815
964.888000000000815
965.039000000000815
965.206000000000816
965.374000000000816
965.526000000000816
965.688000000000816
965.872000000000816
966.035000000000816
966.201000000000816
966.369000000000817
966.508000000000817
966.679000000000817
966.863000000000817
967.032000000000817
967.641000000000818
967.764000000000818
967.893000000000818
968.067000000000818
968.230000000000818
968.404000000000818
968.737000000000819
968.852000000000819
968.968000000000819
969.138000000000819
969.274000000000819
969.439000000000819
969.600000000000819
969.76700000000082
969.89400000000082
970.07600000000082
970.24200000000082
970.42200000000082
970.58400000000082
970.73300000000082
970.909000000000821
971.081000000000821
971.253000000000821
971.430000000000821
971.559000000000821
971.733000000000821
971.871000000000821
972.025000000000822
972.219000000000822
972.393000000000822
972.525000000000822
972.696000000000822
972.843000000000822
973.014000000000822
973.179000000000823
973.352000000000823
973.522000000000823
973.658000000000823
974.254000000000824
974.378000000000824
974.549000000000824
974.733000000000824
974.904000000000824
975.084000000000824
975.266000000000824
976.586000000000826
976.701000000000826
976.846000000000826
977.007000000000826
977.851000000000827
977.953000000000827
978.105000000000827
978.259000000000827
978.407000000000827
978.564000000000827
978.724000000000828
978.864000000000828
979.039000000000828
979.181000000000828
979.340000000000828
979.490000000000828
979.682000000000828
979.809000000000829
979.936000000000829
980.122000000000829
980.303000000000829
980.440000000000829
980.592000000000829
980.744000000000829
980.92300000000083
981.08900000000083
981.26100000000083
981.42300000000083
981.56900000000083
981.75600000000083
981.89600000000083
982.073000000000831
982.250000000000831
982.436000000000831
982.570000000000831
982.747000000000831
982.916000000000831
983.084000000000832
983.238000000000832
983.396000000000832
983.558000000000832
983.690000000000832
983.839000000000832
984.013000000000832
984.174000000000832
984.361000000000833
984.534000000000833
984.702000000000833
984.867000000000833
984.993000000000833
985.163000000000833
985.323000000000833
985.505000000000834
985.679000000000834
985.857000000000834
986.019000000000834
986.167000000000834
986.347000000000834
986.507000000000834
986.656000000000835
986.838000000000835
987.013000000000835
987.165000000000835
987.292000000000835
987.550000000000835
987.689000000000836
987.857000000000836
988.029000000000836
988.205000000000836
988.387000000000836
988.597000000000836
988.709000000000836
988.874000000000837
989.034000000000837
989.171000000000837
989.344000000000837
989.515000000000837
989.705000000000837
990.154000000000838
990.276000000000838
990.400000000000838
990.559000000000838
990.711000000000838
990.814000000000838
990.944000000000838
991.075000000000839
991.227000000000839
991.387000000000839
991.556000000000839
991.713000000000839
991.866000000000839
992.054000000000839
992.17600000000084
992.35200000000084
992.54300000000084
992.67400000000084
992.85300000000084
993.15400000000084
993.403000000000841
993.530000000000841
993.679000000000841
993.844000000000841
993.997000000000841
994.168000000000841
994.326000000000841
994.451000000000842
994.622000000000842
994.781000000000842
994.963000000000842
995.112000000000842
995.253000000000842
995.411000000000842
995.579000000000843
995.716000000000843
996.388000000000843
996.545000000000843
997.001000000000844
997.139000000000844
997.309000000000844
997.439000000000844
997.626000000000844
998.204000000000845
998.311000000000845
998.467000000000845
1225.79800000000105
1226.57200000000105
1226.82400000000105
1226.92600000000105
1227.06300000000105
1227.17100000000105
1227.52800000000105
1228.01200000000105
1228.16100000000105
1228.27100000000105
1228.43500000000105
1228.72900000000105
1228.88100000000105
1229.03900000000105
1229.15400000000105
1229.28100000000105
1229.42800000000105
1230.02100000000105
1230.12700000000105
1230.27200000000105
1230.63100000000105
1230.78500000000105
1230.95400000000105
1231.06200000000105
1231.23100000000105
1231.35000000000105
1231.51100000000105
1231.65100000000105
1231.81900000000105
1231.97900000000105
1232.16100000000105
1232.32800000000105
1232.45400000000105
1232.58200000000105
1232.75600000000105
1232.89300000000105
1233.05000000000105
1233.20600000000105
1233.38200000000105
1233.50700000000105
1233.67400000000105
1234.26600000000105
1234.38000000000105
1234.55100000000105
1234.70500000000105
1234.85100000000106
1235.01100000000106
1235.24800000000106
1235.35200000000106
1235.51600000000106
1235.67800000000106
1235.81600000000106
1235.99100000000106
1236.11700000000106
1236.27200000000106
1236.45400000000106
1236.59500000000106
1236.70600000000106
1236.89900000000106
1237.01500000000106
1237.18000000000106
1237.30800000000106
1237.50200000000106
1237.68200000000106
1238.97900000000106
1239.13300000000106
1239.29400000000106
1239.42900000000106
1239.59600000000106
1239.76200000000106
1239.88400000000106
1240.07500000000106
1240.27100000000106
1240.38900000000106
1240.55700000000106
1240.71700000000106
1240.91700000000106
1241.03900000000106
1241.21000000000106
1241.33500000000106
1241.51600000000106
1241.69500000000106
1241.81700000000106
1241.99000000000106
1242.11700000000106
1242.30000000000106
1242.45200000000106
1242.61600000000106
1242.74100000000106
1242.91400000000106
1243.04500000000106
1243.19200000000106
1243.37300000000106
1243.50300000000106
1243.69500000000106
1243.82500000000106
1243.96000000000106
1244.14600000000106
1244.32500000000106
1244.49000000000106
1244.66300000000106
1244.79400000000106
1244.95500000000106
1245.08500000000106
1245.21600000000106
1245.41000000000106
1245.58900000000106
1245.70900000000106
1245.88900000000106
1246.01600000000106
1246.19800000000107
1246.36300000000107
1246.51800000000107
1246.67900000000107
1247.99400000000107
1248.13800000000107
1248.30300000000107
1248.43300000000107
1248.61400000000107
1248.78400000000107
1248.90300000000107
1249.07200000000107
1249.25200000000107
1249.42600000000107
1249.54400000000107
1249.73700000000107
1249.85100000000107
1250.01100000000107
1250.13400000000107
1250.54800000000107
1250.70600000000107
1250.87800000000107
1251.03700000000107
1251.21500000000107
1251.33800000000107
1251.52300000000107
1251.68900000000107
1251.88000000000107
1252.07500000000107
1252.19300000000107
1252.32800000000107
1252.49800000000107
1252.67700000000107
1252.84800000000107
1253.81600000000107
1253.97500000000107
1254.14300000000107
1254.29800000000107
1254.48400000000107
1254.67000000000107
1254.80100000000107
1254.94900000000107
1255.13200000000107
1255.31000000000107
1255.49900000000107
1255.68300000000107
1255.88100000000107
1256.03400000000107
1256.21100000000107
1256.36100000000107
1256.55300000000107
1256.71700000000107
1256.85900000000107
1257.03600000000107
1257.19200000000107
1257.85800000000108
1258.01500000000108
1258.17200000000108
1258.32800000000108
1258.50600000000108
1258.69400000000108
1258.88200000000108
1259.02200000000108
1259.21400000000108
1259.38100000000108
1259.55300000000108
1259.71000000000108
1259.88900000000108
1260.03500000000108
1260.16400000000108
1260.35200000000108
1260.50500000000108
1260.68000000000108
1260.83600000000108
1260.96900000000108
1261.15900000000108
1261.32100000000108
1261.48200000000108
1261.63800000000108
1261.84900000000108
1261.97000000000108
1262.14100000000108
1262.27600000000108
1262.46000000000108
1262.61700000000108
1262.78400000000108
1262.91500000000108
1263.08600000000108
1263.27000000000108
1263.43500000000108
1263.61800000000108
1263.79400000000108
1263.93500000000108
1264.08000000000108
1264.24100000000108
1264.42200000000108
1264.54600000000108
1264.73000000000108
1264.90800000000108
1265.07700000000108
1265.25500000000108
1266.35700000000108
1266.52200000000108
1266.69100000000108
1266.85800000000108
1267.03300000000108
1267.15700000000108
1267.32400000000108
1267.50900000000108
1267.71400000000108
1267.88200000000108
1268.00800000000108
1268.18400000000108
1268.48600000000108
1268.64800000000109
1268.83500000000109
1268.99500000000109
1269.12000000000109
1269.31500000000109
1269.47500000000109
1269.66700000000109
1269.85700000000109
1269.97600000000109
1270.11600000000109
1270.29900000000109
1270.47900000000109
1270.65800000000109
1270.78800000000109
1270.96700000000109
1271.15400000000109
-4
27.6359999999999905
27.8209999999999903
27.9189999999999902
28.0309999999999901
28.14499999999999
28.24499999999999
28.3789999999999898
30.8389999999999878
30.9739999999999876
31.1209999999999875
31.2459999999999874
31.3909999999999873
31.5039999999999872
31.6259999999999871
31.789999999999987
31.9449999999999868
32.0939999999999869
32.205999999999987
33.2039999999999878
33.343999999999988
33.4899999999999881
33.6349999999999882
33.7829999999999884
33.9319999999999885
34.0799999999999886
34.2239999999999888
34.3569999999999889
34.525999999999989
34.6859999999999892
34.8529999999999893
35.0149999999999895
35.1709999999999896
35.3119999999999897
35.4789999999999899
35.60999999999999
35.7809999999999901
35.9359999999999903
36.0899999999999904
36.2109999999999905
36.3899999999999907
36.5559999999999908
36.736999999999991
36.8649999999999911
41.4699999999999952
41.5939999999999953
41.7469999999999954
41.8919999999999956
42.0509999999999957
42.2069999999999958
42.354999999999996
42.5059999999999961
42.6229999999999962
43.3029999999999968
43.4539999999999969
43.6139999999999971
43.7749999999999972
43.9279999999999974
44.0769999999999975
44.2359999999999976
44.3959999999999978
44.5649999999999979
44.7309999999999981
44.9109999999999982
45.0379999999999984
45.1589999999999985
45.2949999999999986
45.4589999999999987
45.6249999999999989
45.780999999999999
45.9489999999999992
46.0959999999999993
46.2479999999999994
46.3919999999999996
46.5589999999999997
46.7089999999999998
46.865
47.0260000000000001
47.1880000000000003
47.3430000000000004
47.5020000000000005
47.6500000000000007
48.5770000000000015
48.7200000000000016
48.8740000000000018
49.0250000000000019
49.185000000000002
49.3610000000000022
49.4850000000000023
49.6510000000000024
49.8160000000000026
49.9750000000000027
50.1430000000000029
50.286000000000003
50.4530000000000032
50.6140000000000033
50.7600000000000034
50.8960000000000036
51.0390000000000037
51.1720000000000038
51.3220000000000039
51.437000000000004
53.1660000000000056
53.3200000000000057
53.4840000000000059
53.644000000000006
53.8000000000000061
53.9570000000000063
54.1000000000000064
54.2500000000000065
54.3990000000000067
54.5180000000000068
54.6570000000000069
54.821000000000007
54.9810000000000072
55.1400000000000073
55.3120000000000075
55.4440000000000076
55.5880000000000077
55.7330000000000079
55.871000000000008
56.0020000000000081
56.1510000000000082
56.3010000000000084
56.4260000000000085
56.5670000000000086
56.7010000000000087
56.8400000000000088
56.981000000000009
57.1290000000000091
57.2630000000000092
57.7120000000000096
57.8430000000000097
57.9930000000000099
58.15100000000001
58.2990000000000101
58.4470000000000103
58.6050000000000104
58.7630000000000105
58.9050000000000107
59.0620000000000108
59.217000000000011
59.3680000000000111
59.5410000000000112
59.6930000000000114
59.8180000000000115
59.9660000000000116
60.1110000000000117
60.2590000000000119
60.402000000000012
60.5610000000000121
60.7100000000000123
60.8620000000000124
61.0000000000000125
61.1510000000000127
67.5340000000000183
67.6630000000000184
67.8030000000000186
67.9570000000000187
68.1120000000000188
68.267000000000019
68.4190000000000191
68.5720000000000193
68.7250000000000194
68.8820000000000195
69.0370000000000197
69.1810000000000198
69.3340000000000199
69.4910000000000201
69.6500000000000202
69.7990000000000203
69.9530000000000205
70.1070000000000206
70.2550000000000208
70.4220000000000209
70.558000000000021
70.7140000000000212
70.8680000000000213
71.0140000000000214
71.1660000000000216
71.3130000000000217
71.4710000000000218
71.619000000000022
71.7440000000000221
73.6370000000000238
73.7780000000000239
73.928000000000024
74.0760000000000241
74.2330000000000243
74.3770000000000244
74.5200000000000245
74.6700000000000247
74.8360000000000248
74.991000000000025
75.1350000000000251
75.2910000000000252
75.4400000000000254
75.5830000000000255
75.7500000000000256
75.8820000000000258
76.0410000000000259
76.189000000000026
76.3530000000000262
76.5180000000000263
76.6730000000000265
76.8330000000000266
76.9780000000000267
77.1320000000000269
77.291000000000027
77.4440000000000271
77.5990000000000273
77.7500000000000274
77.9010000000000275
78.0440000000000277
78.1650000000000278
100.5180000000000476
100.6320000000000477
100.7630000000000478
100.898000000000048
101.0360000000000481
101.1760000000000482
101.3160000000000483
101.4480000000000485
101.5700000000000486
101.7210000000000487
101.8770000000000488
101.9950000000000489
102.1560000000000491
102.2870000000000492
102.4180000000000493
102.5450000000000494
102.7090000000000496
102.8570000000000497
103.0140000000000498
103.15700000000005
103.3110000000000501
103.4720000000000503
103.6380000000000504
103.7930000000000505
103.9460000000000507
104.0940000000000508
104.260000000000051
104.4320000000000511
104.5930000000000512
104.7420000000000514
104.8790000000000515
105.0410000000000516
105.2070000000000518
105.3700000000000519
105.5340000000000521
105.7040000000000522
105.8580000000000524
106.0210000000000525
106.2000000000000527
106.3490000000000528
106.519000000000053
106.6330000000000531
107.4090000000000538
107.5500000000000539
107.706000000000054
107.8630000000000542
108.0250000000000543
108.1870000000000544
108.3270000000000546
108.4770000000000547
108.6320000000000548
108.792000000000055
108.9530000000000551
109.1060000000000553
109.2290000000000554
109.3850000000000555
109.5320000000000556
109.6900000000000558
109.8570000000000559
109.989000000000056
110.1390000000000562
110.2780000000000563
110.4310000000000564
110.5730000000000566
110.7360000000000567
110.8750000000000568
111.040000000000057
111.1770000000000571
111.3120000000000572
111.4640000000000574
111.6040000000000575
111.7370000000000576
111.8920000000000577
112.0440000000000579
112.197000000000058
112.3520000000000581
112.4980000000000583
112.6410000000000584
112.7910000000000585
112.9380000000000587
113.0820000000000588
113.2340000000000589
113.380000000000059
113.5240000000000592
113.6730000000000593
113.8180000000000594
113.9560000000000596
114.0870000000000597
114.2330000000000598
114.3710000000000599
114.5250000000000601
114.6770000000000602
114.8440000000000604
115.0000000000000605
115.1320000000000606
115.2730000000000607
115.4310000000000609
115.570000000000061
115.7130000000000611
115.8620000000000613
116.0030000000000614
116.1570000000000615
116.2990000000000616
116.4580000000000618
116.6310000000000619
116.753000000000062
116.8980000000000622
117.0400000000000623
117.2090000000000625
117.3320000000000626
117.4760000000000627
117.6400000000000628
117.783000000000063
117.9570000000000631
118.1090000000000633
118.2680000000000634
118.4380000000000636
118.5700000000000637
118.7280000000000638
118.8820000000000639
119.0480000000000641
119.1830000000000642
122.4620000000000671
122.5990000000000672
122.7500000000000674
122.9060000000000675
123.0610000000000676
123.2310000000000678
123.3900000000000679
123.5380000000000681
123.6770000000000682
123.8250000000000683
123.9780000000000685
124.1380000000000686
124.2900000000000687
124.4420000000000689
124.602000000000069
124.7540000000000692
124.9120000000000693
125.0870000000000694
125.2230000000000696
125.3830000000000697
125.5380000000000698
125.69800000000007
125.8480000000000701
125.9880000000000702
126.1410000000000704
126.2860000000000705
126.4540000000000707
126.5970000000000708
126.7460000000000709
126.878000000000071
127.0420000000000712
127.1820000000000713
127.3290000000000714
127.4890000000000716
127.6410000000000717
127.8160000000000719
127.961000000000072
128.112000000000072
128.274000000000072
130.529000000000074
130.675000000000074
130.823000000000075
130.981000000000075
131.140000000000075
131.297000000000075
131.462000000000075
131.632000000000075
131.772000000000075
131.924000000000076
132.063000000000076
132.400000000000076
132.543000000000076
132.699000000000076
132.832000000000076
132.993000000000076
133.147000000000077
133.320000000000077
133.461000000000077
133.611000000000077
133.768000000000077
133.927000000000077
134.075000000000077
134.229000000000078
134.388000000000078
134.549000000000078
134.698000000000078
134.826000000000078
135.385000000000079
135.534000000000079
135.688000000000079
135.852000000000079
136.018000000000079
136.182000000000079
136.356000000000079
136.53400000000008
136.68700000000008
136.84200000000008
137.00300000000008
137.17100000000008
137.33500000000008
137.49600000000008
137.656000000000081
137.813000000000081
137.962000000000081
138.126000000000081
138.308000000000081
138.444000000000081
138.618000000000081
138.742000000000082
138.902000000000082
139.049000000000082
139.204000000000082
139.358000000000082
141.975000000000084
142.114000000000085
142.263000000000085
142.409000000000085
142.569000000000085
142.723000000000085
142.884000000000085
143.041000000000085
143.186000000000086
143.332000000000086
143.472000000000086
143.629000000000086
143.779000000000086
143.936000000000086
144.078000000000086
144.238000000000086
144.396000000000087
144.559000000000087
144.716000000000087
144.878000000000087
145.015000000000087
145.182000000000087
145.317000000000087
145.482000000000088
145.892000000000088
146.019000000000088
146.180000000000088
146.341000000000088
146.499000000000088
146.665000000000089
146.826000000000089
146.997000000000089
147.161000000000089
147.336000000000089
147.501000000000089
147.65600000000009
147.82200000000009
147.97600000000009
148.22000000000009
148.37200000000009
148.54500000000009
148.70100000000009
148.868000000000091
149.034000000000091
149.199000000000091
149.365000000000091
149.527000000000091
149.660000000000091
161.402000000000102
161.780000000000102
212.482000000000147
218.733000000000153
220.988000000000155
221.132000000000155
249.95200000000018
296.373000000000222
309.289000000000233
309.395000000000233
309.498000000000233
395.55000000000031
396.37800000000031
397.563000000000311
398.183000000000312
401.585000000000315
416.801000000000329
456.719000000000364
456.750000000000364
458.977000000000366
465.827000000000372
466.365000000000373
481.106000000000386
481.117000000000386
495.486000000000398
498.344000000000401
500.476000000000403
563.350000000000459
605.916000000000496
605.934000000000496
605.949000000000496
685.766000000000567
710.203000000000589
710.214000000000589
772.849000000000645
773.070000000000645
773.170000000000645
773.325000000000645
774.030000000000646
774.041000000000646
774.049000000000646
774.060000000000646
774.079000000000646
774.099000000000646
938.302000000000792
939.058000000000792
939.173000000000792
960.075000000000811
960.217000000000811
960.406000000000811
960.544000000000811
960.737000000000812
960.926000000000812
961.054000000000812
961.250000000000812
961.436000000000812
961.630000000000812
961.781000000000812
961.894000000000813
962.083000000000813
962.285000000000813
962.452000000000813
962.617000000000813
962.775000000000813
962.925000000000814
963.088000000000814
963.268000000000814
963.407000000000814
964.090000000000815
964.255000000000815
964.430000000000815
964.614000000000815
964.801000000000815
964.921000000000815
965.121000000000816
965.287000000000816
965.440000000000816
965.601000000000816
965.785000000000816
965.950000000000816
966.116000000000816
966.266000000000816
966.414000000000817
966.589000000000817
966.759000000000817
966.946000000000817
967.105000000000817
967.677000000000818
967.807000000000818
967.978000000000818
968.154000000000818
968.319000000000818
968.448000000000818
968.773000000000819
968.889000000000819
969.048000000000819
969.188000000000819
969.352000000000819
969.508000000000819
969.68300000000082
969.80600000000082
969.99100000000082
970.16000000000082
970.33600000000082
970.48500000000082
970.64900000000082
970.822000000000821
971.002000000000821
971.166000000000821
971.340000000000821
971.469000000000821
971.649000000000821
971.784000000000821
971.942000000000822
972.117000000000822
972.307000000000822
972.430000000000822
972.611000000000822
972.754000000000822
972.928000000000822
973.091000000000823
973.266000000000823
973.436000000000823
973.562000000000823
973.686000000000823
974.291000000000824
974.468000000000824
974.649000000000824
974.821000000000824
975.001000000000824
975.178000000000824
975.359000000000825
976.623000000000826
976.771000000000826
976.925000000000826
977.049000000000826
977.870000000000827
978.014000000000827
978.181000000000827
978.331000000000827
978.484000000000827
978.644000000000828
978.771000000000828
978.958000000000828
979.097000000000828
979.260000000000828
979.406000000000828
979.582000000000828
979.723000000000828
979.845000000000829
980.036000000000829
980.217000000000829
980.356000000000829
980.514000000000829
980.663000000000829
980.84200000000083
980.99600000000083
981.17500000000083
981.31400000000083
981.47800000000083
981.67100000000083
981.80800000000083
981.99400000000083
982.167000000000831
982.351000000000831
982.488000000000831
982.667000000000831
982.828000000000831
983.007000000000831
983.152000000000832
983.282000000000832
983.481000000000832
983.601000000000832
983.759000000000832
983.930000000000832
984.096000000000832
984.279000000000832
984.455000000000833
984.626000000000833
984.787000000000833
984.903000000000833
985.073000000000833
985.239000000000833
985.419000000000834
985.596000000000834
985.774000000000834
985.941000000000834
986.089000000000834
986.268000000000834
986.431000000000834
986.578000000000835
986.755000000000835
986.917000000000835
987.089000000000835
987.208000000000835
987.335000000000835
987.604000000000835
987.775000000000836
987.944000000000836
988.123000000000836
988.297000000000836
988.484000000000836
988.616000000000836
988.779000000000836
988.950000000000837
989.077000000000837
989.264000000000837
989.430000000000837
989.611000000000837
989.748000000000837
990.192000000000838
990.326000000000838
990.478000000000838
990.613000000000838
990.727000000000838
990.861000000000838
990.986000000000838
991.150000000000839
991.313000000000839
991.471000000000839
991.628000000000839
991.786000000000839
991.962000000000839
992.081000000000839
992.27000000000084
992.44100000000084
992.58800000000084
992.77200000000084
992.94600000000084
993.17900000000084
993.454000000000841
993.600000000000841
993.764000000000841
993.913000000000841
994.067000000000841
994.242000000000841
994.364000000000842
994.535000000000842
994.700000000000842
994.878000000000842
995.026000000000842
995.171000000000842
995.332000000000842
995.504000000000842
995.642000000000843
995.748000000000843
996.463000000000843
996.636000000000844
997.066000000000844
997.221000000000844
997.357000000000844
997.540000000000844
997.690000000000844
998.228000000000845
998.376000000000845
998.529000000000845
1225.83100000000105
1226.60400000000105
1226.84300000000105
1226.96600000000105
1227.08400000000105
1227.21800000000105
1227.59700000000105
1228.06500000000105
1228.18500000000105
1228.33700000000105
1228.48500000000105
1228.77300000000105
1228.94100000000105
1229.06600000000105
1229.18800000000105
1229.32800000000105
1229.45400000000105
1230.04200000000105
1230.18200000000105
1230.31600000000105
1230.69600000000105
1230.85100000000105
1230.97100000000105
1231.13200000000105
1231.25600000000105
1231.42100000000105
1231.55700000000105
1231.72400000000105
1231.88400000000105
1232.07500000000105
1232.22300000000105
1232.36900000000105
1232.48700000000105
1232.66600000000105
1232.79900000000105
1232.95800000000105
1233.11200000000105
1233.28700000000105
1233.41400000000105
1233.55700000000105
1233.74200000000105
1234.29300000000105
1234.45500000000105
1234.61300000000105
1234.75500000000105
1234.91000000000106
1235.07800000000106
1235.26600000000106
1235.42900000000106
1235.58800000000106
1235.70100000000106
1235.90100000000106
1236.01800000000106
1236.17500000000106
1236.35300000000106
1236.47500000000106
1236.60900000000106
1236.79000000000106
1236.92300000000106
1237.08500000000106
1237.21500000000106
1237.40100000000106
1237.58700000000106
1237.71000000000106
1239.04100000000106
1239.19800000000106
1239.33800000000106
1239.50700000000106
1239.66900000000106
1239.79200000000106
1239.97100000000106
1240.14700000000106
1240.28500000000106
1240.45300000000106
1240.60100000000106
1240.80200000000106
1240.94300000000106
1241.12100000000106
1241.23900000000106
1241.42100000000106
1241.60100000000106
1241.72200000000106
1241.89700000000106
1242.02300000000106
1242.21100000000106
1242.36100000000106
1242.52600000000106
1242.64600000000106
1242.82400000000106
1242.94300000000106
1243.07300000000106
1243.27500000000106
1243.40100000000106
1243.60200000000106
1243.72400000000106
1243.86200000000106
1244.05200000000106
1244.23400000000106
1244.40200000000106
1244.55900000000106
1244.69600000000106
1244.86600000000106
1244.98400000000106
1245.10700000000106
1245.30100000000106
1245.49800000000106
1245.61500000000106
1245.79200000000106
1245.91500000000106
1246.10500000000106
1246.26800000000107
1246.42100000000107
1246.58100000000107
1246.75800000000107
1248.05300000000107
1248.20300000000107
1248.33900000000107
1248.52100000000107
1248.68700000000107
1248.80700000000107
1248.98400000000107
1249.15800000000107
1249.33400000000107
1249.44800000000107
1249.63000000000107
1249.75700000000107
1249.89200000000107
1250.03800000000107
1250.16100000000107
1250.62100000000107
1250.79000000000107
1250.94500000000107
1251.12200000000107
1251.24400000000107
1251.42800000000107
1251.59900000000107
1251.78500000000107
1251.97500000000107
1252.10500000000107
1252.22300000000107
1252.40100000000107
1252.57800000000107
1252.74400000000107
1252.93700000000107
1253.88900000000107
1254.05300000000107
1254.21000000000107
1254.39100000000107
1254.56800000000107
1254.68500000000107
1254.85800000000107
1255.04000000000107
1255.21900000000107
1255.40400000000107
1255.59200000000107
1255.77900000000107
1255.93300000000107
1256.12200000000107
1256.26500000000107
1256.45400000000107
1256.62200000000107
1256.76800000000107
1256.93900000000107
1257.10100000000107
1257.22500000000107
1257.92300000000108
1258.08100000000108
1258.23800000000108
1258.41600000000108
1258.60300000000108
1258.78800000000108
1258.92600000000108
1259.12100000000108
1259.29300000000108
1259.45700000000108
1259.60300000000108
1259.79800000000108
1259.92700000000108
1260.06300000000108
1260.25500000000108
1260.41600000000108
1260.58900000000108
1260.74200000000108
1260.87700000000108
1261.05800000000108
1261.23300000000108
1261.38800000000108
1261.53800000000108
1261.73900000000108
1261.88100000000108
1262.04900000000108
1262.17600000000108
1262.35200000000108
1262.51800000000108
1262.69500000000108
1262.81900000000108
1262.99400000000108
1263.17600000000108
1263.34400000000108
1263.52100000000108
1263.69000000000108
1263.84200000000108
1263.97900000000108
1264.14300000000108
1264.32700000000108
1264.45300000000108
1264.63900000000108
1264.81200000000108
1264.98700000000108
1265.16800000000108
1265.28400000000108
1266.43300000000108
1266.60400000000108
1266.76800000000108
1266.93900000000108
1267.06200000000108
1267.23300000000108
1267.41000000000108
1267.60700000000108
1267.79200000000108
1267.90900000000108
1268.09200000000108
1268.26100000000108
1268.55700000000108
1268.74000000000109
1268.90500000000109
1269.02200000000109
1269.21600000000109
1269.38400000000109
1269.57200000000109
1269.75300000000109
1269.88700000000109
1270.01600000000109
1270.21000000000109
1270.39100000000109
1270.57000000000109
1270.69500000000109
1270.88100000000109
1271.06600000000109
1271.20600000000109
0
0
0
0
0
0
0
0
0
0
0
0
0
3600.00099999983085
0
0
0
0
0
0
