10
12
18
10
12
18
IPP2.12
Test1
0
4
10
12
14
11
16
03
22
4
.3
1
1980
1980
1
147
147
1
1
1
1
1
1
1
1
1
1
1
1
1
1
1
1
1
1
1
1
1979
-1
91.4210000000000396
91.6020000000000397
91.7640000000000399
91.92700000000004
92.0720000000000401
92.2260000000000403
92.3770000000000404
93.020000000000041
93.1410000000000411
93.3220000000000412
93.4780000000000414
93.6350000000000415
93.8010000000000417
95.1610000000000429
95.284000000000043
95.4510000000000431
95.6130000000000433
95.7780000000000434
95.9370000000000436
96.0990000000000437
96.2390000000000438
96.407000000000044
96.5710000000000441
96.7090000000000442
96.8600000000000444
97.0300000000000445
97.6300000000000451
97.9060000000000453
98.0730000000000455
98.2410000000000456
98.4120000000000458
98.5670000000000459
98.730000000000046
98.8760000000000462
99.0470000000000463
99.2010000000000465
99.3570000000000466
99.5140000000000467
99.6800000000000469
99.838000000000047
101.2690000000000483
101.4240000000000484
101.6100000000000486
101.7640000000000487
101.9190000000000489
102.076000000000049
102.7160000000000496
102.8770000000000497
103.0470000000000499
103.21400000000005
103.3760000000000502
130.663000000000074
130.795000000000075
130.941000000000075
131.095000000000075
131.247000000000075
134.148000000000078
134.299000000000078
134.455000000000078
134.606000000000078
232.544000000000165
232.677000000000165
232.827000000000165
234.818000000000167
234.949000000000167
235.109000000000167
235.251000000000167
238.27100000000017
238.49600000000017
238.60800000000017
238.76200000000017
238.922000000000171
239.072000000000171
266.844000000000195
267.579000000000196
268.703000000000197
270.020000000000198
270.313000000000198
270.812000000000199
271.050000000000199
271.245000000000199
271.7030000000002
272.2090000000002
272.3200000000002
272.4730000000002
272.6390000000002
274.367000000000202
274.479000000000202
274.770000000000202
275.058000000000203
275.412000000000203
275.753000000000203
279.142000000000206
279.970000000000207
287.278000000000213
287.401000000000214
291.288000000000217
293.766000000000219
363.105000000000281
363.412000000000281
367.655000000000285
367.775000000000285
368.582000000000286
368.602000000000286
368.732000000000286
368.888000000000286
369.044000000000286
369.190000000000286
369.449000000000286
369.583000000000287
369.730000000000287
369.845000000000287
372.275000000000289
372.443000000000289
372.95300000000029
373.27000000000029
373.40900000000029
373.47200000000029
373.74900000000029
373.86500000000029
374.028000000000291
374.312000000000291
374.460000000000291
374.617000000000291
374.772000000000291
374.920000000000291
375.077000000000291
375.221000000000292
375.368000000000292
375.532000000000292
384.2710000000003
384.4250000000003
384.5750000000003
384.7310000000003
384.8930000000003
385.0620000000003
385.2240000000003
386.447000000000302
386.621000000000302
386.779000000000302
386.942000000000302
387.131000000000302
387.288000000000302
387.486000000000302
387.610000000000303
387.778000000000303
389.254000000000304
389.410000000000304
389.579000000000304
389.740000000000304
389.898000000000305
390.062000000000305
390.800000000000305
390.972000000000306
391.157000000000306
391.346000000000306
391.508000000000306
391.923000000000306
394.945000000000309
395.094000000000309
395.84600000000031
396.00600000000031
396.05400000000031
397.117000000000311
397.263000000000311
397.415000000000311
397.569000000000311
397.728000000000312
397.885000000000312
398.046000000000312
398.212000000000312
398.391000000000312
398.477000000000312
398.566000000000312
398.722000000000312
398.864000000000313
399.027000000000313
399.207000000000313
399.368000000000313
399.486000000000313
399.619000000000313
403.579000000000317
403.715000000000317
403.887000000000317
404.050000000000317
404.192000000000317
404.354000000000317
404.500000000000318
404.631000000000318
404.807000000000318
404.942000000000318
405.094000000000318
405.249000000000318
405.439000000000318
405.597000000000319
405.722000000000319
405.886000000000319
406.026000000000319
406.179000000000319
406.314000000000319
406.466000000000319
406.63000000000032
406.80500000000032
406.97800000000032
407.11900000000032
407.30100000000032
407.44200000000032
407.58200000000032
407.768000000000321
407.905000000000321
408.051000000000321
408.722000000000321
408.921000000000322
423.167000000000334
423.364000000000334
423.490000000000334
423.639000000000335
423.786000000000335
423.945000000000335
424.117000000000335
424.256000000000335
424.425000000000335
424.603000000000335
424.784000000000336
424.921000000000336
425.030000000000336
425.202000000000336
425.389000000000336
425.509000000000336
425.674000000000336
425.803000000000337
425.968000000000337
426.093000000000337
426.331000000000337
427.040000000000338
427.369000000000338
427.605000000000338
427.780000000000338
428.476000000000339
428.891000000000339
429.27500000000034
429.66700000000034
430.722000000000341
435.360000000000345
436.113000000000346
436.242000000000346
436.396000000000346
436.554000000000346
436.692000000000346
436.846000000000346
437.010000000000346
437.173000000000347
437.325000000000347
437.481000000000347
437.656000000000347
437.772000000000347
437.930000000000347
438.110000000000347
438.280000000000348
438.397000000000348
438.550000000000348
438.715000000000348
438.880000000000348
439.039000000000348
439.226000000000348
439.381000000000349
439.564000000000349
439.740000000000349
439.856000000000349
440.51600000000035
441.40600000000035
441.55200000000035
441.625000000000351
441.845000000000351
442.230000000000351
442.385000000000351
442.417000000000351
442.528000000000351
442.532000000000351
442.605000000000351
442.807000000000352
442.815000000000352
442.983000000000352
443.226000000000352
443.244000000000352
443.267000000000352
443.424000000000352
443.654000000000352
443.845000000000353
444.037000000000353
444.911000000000354
546.576000000000444
546.870000000000444
547.014000000000444
547.168000000000444
547.306000000000444
547.431000000000444
548.276000000000445
548.585000000000446
549.188000000000446
550.609000000000447
550.755000000000448
550.909000000000448
551.054000000000448
551.196000000000448
551.348000000000448
551.489000000000448
551.639000000000448
551.779000000000448
551.927000000000449
552.070000000000449
552.211000000000449
552.375000000000449
552.513000000000449
552.660000000000449
552.802000000000449
552.956000000000449
553.07800000000045
553.24900000000045
553.37700000000045
553.53700000000045
553.66000000000045
553.82100000000045
553.97700000000045
554.10900000000045
554.278000000000451
554.400000000000451
554.575000000000451
554.701000000000451
554.882000000000451
555.034000000000451
555.155000000000451
555.332000000000452
555.463000000000452
555.611000000000452
555.753000000000452
555.909000000000452
556.061000000000452
556.217000000000452
556.380000000000452
556.503000000000453
556.662000000000453
556.823000000000453
556.973000000000453
557.136000000000453
557.301000000000453
557.437000000000453
557.595000000000454
557.753000000000454
557.872000000000454
558.031000000000454
558.196000000000454
558.360000000000454
558.517000000000454
558.648000000000454
558.786000000000455
558.957000000000455
559.124000000000455
559.280000000000455
559.661000000000455
559.836000000000456
560.000000000000456
560.147000000000456
560.321000000000456
560.477000000000456
561.173000000000457
561.345000000000457
561.543000000000457
561.744000000000457
562.108000000000458
562.240000000000458
562.407000000000458
562.569000000000458
562.730000000000458
563.409000000000459
563.545000000000459
563.706000000000459
563.875000000000459
564.042000000000459
564.170000000000459
564.33900000000046
564.47900000000046
564.64100000000046
564.79700000000046
564.95200000000046
565.10800000000046
565.25600000000046
565.39600000000046
565.561000000000461
565.708000000000461
565.889000000000461
566.043000000000461
566.233000000000461
566.366000000000461
566.523000000000462
566.646000000000462
566.813000000000462
566.943000000000462
567.080000000000462
567.273000000000462
567.409000000000462
567.593000000000462
568.729000000000463
568.902000000000464
569.069000000000464
569.229000000000464
569.393000000000464
569.540000000000464
569.711000000000464
569.870000000000464
570.009000000000465
570.190000000000465
570.331000000000465
570.504000000000465
570.649000000000465
570.829000000000465
570.982000000000465
571.123000000000466
571.310000000000466
571.431000000000466
571.607000000000466
571.758000000000466
571.927000000000466
572.091000000000466
572.224000000000467
572.402000000000467
572.526000000000467
572.696000000000467
572.843000000000467
572.999000000000467
573.141000000000467
573.301000000000468
573.473000000000468
579.391000000000473
579.548000000000473
579.715000000000473
579.874000000000473
580.025000000000474
580.194000000000474
580.366000000000474
580.533000000000474
580.687000000000474
580.848000000000474
581.003000000000474
581.368000000000475
581.485000000000475
581.822000000000475
585.339000000000478
585.479000000000478
585.641000000000478
585.807000000000479
585.962000000000479
586.122000000000479
586.296000000000479
586.456000000000479
586.600000000000479
586.763000000000479
586.91500000000048
587.06700000000048
587.23300000000048
587.41100000000048
587.57700000000048
587.75100000000048
587.89700000000048
588.075000000000481
588.241000000000481
588.388000000000481
588.554000000000481
588.694000000000481
588.845000000000481
588.981000000000481
589.132000000000482
589.273000000000482
589.425000000000482
589.589000000000482
589.747000000000482
589.925000000000482
590.095000000000482
624.328000000000513
624.939000000000513
626.245000000000515
626.403000000000515
626.559000000000515
626.710000000000515
627.128000000000515
627.285000000000515
627.452000000000516
627.624000000000516
627.782000000000516
628.179000000000516
628.325000000000516
628.471000000000516
628.642000000000517
628.810000000000517
628.954000000000517
629.111000000000517
629.292000000000517
630.290000000000518
630.452000000000518
630.624000000000518
630.796000000000519
630.984000000000519
631.173000000000519
631.346000000000519
631.507000000000519
631.665000000000519
631.85000000000052
632.02400000000052
632.27800000000052
633.348000000000521
633.519000000000521
633.696000000000521
633.868000000000521
634.058000000000521
634.234000000000522
634.408000000000522
634.625000000000522
634.809000000000522
635.000000000000522
635.162000000000522
635.341000000000523
635.535000000000523
635.730000000000523
635.866000000000523
636.037000000000523
636.224000000000523
636.408000000000524
636.592000000000524
636.790000000000524
636.972000000000524
637.150000000000524
637.342000000000524
637.529000000000525
637.668000000000525
637.852000000000525
638.054000000000525
638.185000000000525
638.329000000000525
638.507000000000525
641.509000000000528
641.659000000000528
641.825000000000528
641.975000000000528
642.121000000000529
642.281000000000529
642.438000000000529
642.583000000000529
642.721000000000529
642.859000000000529
645.649000000000532
646.969000000000533
647.383000000000533
647.521000000000533
647.683000000000534
647.841000000000534
647.953000000000534
648.101000000000534
648.262000000000534
648.431000000000534
648.559000000000534
648.723000000000534
653.641000000000539
654.34800000000054
654.44800000000054
654.58800000000054
654.75000000000054
655.981000000000541
657.915000000000543
658.036000000000543
658.204000000000543
658.356000000000543
660.916000000000545
661.596000000000546
662.735000000000547
662.855000000000547
663.021000000000547
663.191000000000547
663.348000000000548
663.496000000000548
663.619000000000548
663.743000000000548
663.867000000000548
664.021000000000548
664.566000000000549
664.685000000000549
664.844000000000549
665.178000000000549
665.520000000000549
668.640000000000552
668.795000000000552
668.961000000000552
669.115000000000553
669.260000000000553
669.426000000000553
669.576000000000553
669.712000000000553
669.860000000000553
670.012000000000553
670.155000000000554
670.311000000000554
670.440000000000554
670.611000000000554
671.177000000000554
694.570000000000575
694.758000000000575
694.873000000000576
695.057000000000576
695.253000000000576
695.429000000000576
696.359000000000577
697.381000000000578
697.724000000000578
698.028000000000578
698.301000000000579
698.657000000000579
699.060000000000579
699.41900000000058
699.53800000000058
699.90600000000058
701.017000000000581
701.492000000000581
701.647000000000582
701.805000000000582
701.929000000000582
702.072000000000582
702.223000000000582
702.381000000000582
702.523000000000582
702.669000000000582
702.812000000000582
702.976000000000583
703.799000000000583
703.963000000000584
704.084000000000584
704.235000000000584
704.386000000000584
704.534000000000584
704.699000000000584
704.858000000000584
705.001000000000584
705.164000000000585
705.309000000000585
773.238000000000645
773.370000000000645
773.546000000000645
773.750000000000646
773.951000000000646
774.333000000000646
774.536000000000646
774.727000000000646
774.910000000000647
775.085000000000647
775.265000000000647
775.431000000000647
775.608000000000647
775.827000000000647
779.12400000000065
779.768000000000651
780.034000000000651
780.444000000000652
781.629000000000653
781.740000000000653
781.889000000000653
782.046000000000653
782.254000000000653
782.385000000000653
782.558000000000653
806.777000000000675
806.920000000000675
807.077000000000675
807.478000000000676
807.914000000000676
808.098000000000676
808.224000000000676
808.412000000000676
810.935000000000679
821.408000000000688
821.508000000000688
821.658000000000688
821.808000000000688
821.942000000000688
822.086000000000688
822.249000000000689
822.511000000000689
822.668000000000689
825.680000000000692
825.830000000000692
825.980000000000692
826.122000000000692
826.267000000000692
826.415000000000692
826.542000000000692
826.689000000000693
826.837000000000693
826.963000000000693
827.127000000000693
827.249000000000693
827.402000000000693
827.542000000000693
827.715000000000694
827.864000000000694
827.984000000000694
828.145000000000694
828.304000000000694
828.466000000000694
828.593000000000694
828.761000000000694
828.912000000000694
829.078000000000695
829.228000000000695
829.389000000000695
829.517000000000695
829.680000000000695
829.836000000000695
829.959000000000696
830.130000000000696
830.253000000000696
830.426000000000696
830.560000000000696
830.692000000000696
830.879000000000696
831.015000000000696
831.166000000000697
831.305000000000697
831.477000000000697
831.594000000000697
831.766000000000697
831.888000000000697
832.068000000000697
832.222000000000698
832.362000000000698
832.549000000000698
832.660000000000698
832.790000000000698
832.927000000000698
833.101000000000698
834.9340000000007
835.0740000000007
835.2390000000007
835.3920000000007
835.5340000000007
835.715000000000701
835.886000000000701
836.041000000000701
836.190000000000701
836.354000000000701
836.483000000000701
836.655000000000701
836.806000000000702
836.960000000000702
837.132000000000702
837.286000000000702
837.468000000000702
837.615000000000702
837.773000000000702
837.908000000000702
838.096000000000703
838.225000000000703
838.406000000000703
838.534000000000703
838.710000000000703
838.845000000000703
839.015000000000704
839.144000000000704
839.344000000000704
839.461000000000704
839.614000000000704
839.766000000000704
839.955000000000704
840.120000000000704
840.246000000000705
840.430000000000705
840.600000000000705
840.760000000000705
840.889000000000705
841.078000000000705
841.204000000000705
841.336000000000706
841.497000000000706
841.643000000000706
841.823000000000706
841.943000000000706
842.105000000000706
842.226000000000706
842.401000000000706
842.532000000000707
844.381000000000708
844.552000000000708
844.701000000000709
844.847000000000709
844.989000000000709
845.115000000000709
845.296000000000709
845.412000000000709
845.578000000000709
845.704000000000709
845.86700000000071
846.05400000000071
846.20900000000071
846.36400000000071
846.51200000000071
846.69000000000071
846.85800000000071
846.981000000000711
847.158000000000711
847.283000000000711
847.465000000000711
847.604000000000711
847.794000000000711
847.921000000000711
848.097000000000712
848.256000000000712
848.414000000000712
848.574000000000712
848.744000000000712
848.895000000000712
849.080000000000712
849.248000000000713
849.378000000000713
849.563000000000713
849.730000000000713
849.882000000000713
850.953000000000714
851.111000000000714
851.273000000000714
851.444000000000714
851.586000000000715
851.760000000000715
854.196000000000717
854.349000000000717
854.529000000000717
854.689000000000717
854.817000000000718
854.984000000000718
855.139000000000718
855.305000000000718
855.470000000000718
855.641000000000718
855.809000000000718
855.969000000000718
856.133000000000719
856.294000000000719
856.462000000000719
856.615000000000719
856.791000000000719
857.58200000000072
857.72300000000072
857.90500000000072
858.06300000000072
858.242000000000721
858.407000000000721
858.572000000000721
858.751000000000721
858.922000000000721
859.083000000000721
859.240000000000722
859.406000000000722
859.580000000000722
859.735000000000722
859.909000000000722
860.083000000000722
860.250000000000722
860.399000000000722
860.553000000000723
860.705000000000723
860.876000000000723
861.028000000000723
861.214000000000723
861.372000000000723
861.542000000000724
861.698000000000724
861.867000000000724
862.030000000000724
862.197000000000724
862.376000000000724
862.539000000000724
862.704000000000724
862.861000000000725
868.084000000000729
868.40700000000073
868.58900000000073
868.78600000000073
868.99400000000073
869.22000000000073
869.653000000000731
869.789000000000731
869.862000000000731
871.867000000000733
872.596000000000733
872.701000000000733
873.631000000000734
873.776000000000734
873.933000000000734
874.092000000000735
874.248000000000735
874.392000000000735
874.542000000000735
874.693000000000735
874.860000000000735
875.028000000000736
875.180000000000736
875.326000000000736
875.481000000000736
875.644000000000736
875.772000000000736
875.951000000000736
876.119000000000736
876.242000000000737
876.410000000000737
876.555000000000737
876.726000000000737
876.865000000000737
877.031000000000737
877.198000000000737
877.349000000000738
877.509000000000738
877.674000000000738
877.854000000000738
877.976000000000738
878.153000000000738
878.307000000000738
878.473000000000738
878.625000000000739
878.811000000000739
878.961000000000739
879.083000000000739
879.264000000000739
879.412000000000739
879.58900000000074
879.73700000000074
879.92200000000074
880.06200000000074
880.24700000000074
880.39200000000074
880.56700000000074
880.69100000000074
880.864000000000741
880.997000000000741
881.177000000000741
881.324000000000741
881.482000000000741
881.647000000000741
881.782000000000742
881.951000000000742
882.104000000000742
882.276000000000742
882.425000000000742
882.585000000000742
882.754000000000742
882.911000000000742
883.058000000000743
883.227000000000743
883.366000000000743
883.540000000000743
883.667000000000743
883.846000000000743
883.994000000000743
884.153000000000744
884.312000000000744
884.465000000000744
884.632000000000744
884.771000000000744
884.940000000000744
885.090000000000744
885.281000000000745
885.442000000000745
885.574000000000745
885.750000000000745
885.911000000000745
886.080000000000745
886.241000000000745
886.418000000000746
886.567000000000746
886.736000000000746
886.869000000000746
887.038000000000746
887.200000000000746
887.368000000000746
887.547000000000747
887.690000000000747
887.891000000000747
888.056000000000747
888.193000000000747
888.385000000000747
888.512000000000747
888.689000000000748
888.820000000000748
890.113000000000749
890.280000000000749
890.442000000000749
890.595000000000749
890.756000000000749
890.91200000000075
891.07800000000075
891.23100000000075
891.36900000000075
891.50300000000075
892.167000000000751
892.356000000000751
892.520000000000751
892.704000000000751
892.928000000000751
893.102000000000752
893.402000000000752
893.607000000000752
893.809000000000752
893.968000000000752
894.186000000000753
894.413000000000753
894.640000000000753
894.996000000000753
895.188000000000753
895.556000000000754
895.861000000000754
896.038000000000754
896.203000000000754
896.386000000000754
896.594000000000755
896.806000000000755
897.031000000000755
897.117000000000755
897.190000000000755
897.388000000000755
897.582000000000756
897.768000000000756
898.363000000000756
899.092000000000757
900.463000000000758
900.584000000000758
900.744000000000758
901.416000000000759
901.714000000000759
901.877000000000759
902.25300000000076
902.39700000000076
902.99200000000076
904.017000000000761
904.143000000000761
904.297000000000762
904.465000000000762
904.604000000000762
904.755000000000762
904.912000000000762
905.072000000000762
905.228000000000762
905.385000000000762
905.522000000000763
906.014000000000763
906.577000000000764
919.042000000000775
919.192000000000775
919.369000000000775
919.547000000000775
919.710000000000775
920.156000000000776
921.043000000000776
921.392000000000777
921.555000000000777
921.678000000000777
921.888000000000777
922.570000000000778
922.714000000000778
922.888000000000778
923.035000000000778
923.200000000000778
923.363000000000778
923.506000000000778
923.661000000000779
923.822000000000779
923.965000000000779
924.59200000000078
924.73900000000078
924.88600000000078
925.64100000000078
926.002000000000781
926.223000000000781
926.361000000000781
926.449000000000781
926.534000000000781
926.657000000000781
926.812000000000782
926.940000000000782
927.094000000000782
927.245000000000782
927.407000000000782
927.545000000000782
927.710000000000782
927.864000000000782
928.047000000000783
928.189000000000783
928.339000000000783
928.509000000000783
928.631000000000783
929.377000000000784
1002.993000000000849
1003.74200000000085
1003.76300000000085
1003.94900000000085
1004.14100000000085
1004.35000000000085
1004.557000000000851
1004.749000000000851
1005.146000000000851
1005.574000000000851
1005.580000000000851
1005.899000000000852
1006.486000000000852
1006.635000000000852
1006.768000000000852
1006.967000000000853
1007.635000000000853
1007.774000000000853
1007.972000000000854
1008.160000000000854
1008.325000000000854
1015.70000000000086
1072.10600000000091
1072.23100000000091
1073.66500000000091
1074.34300000000091
1078.73700000000092
1078.75400000000092
1258.67800000000108
1258.82700000000108
1258.84400000000108
1259.01400000000108
1259.28900000000108
1259.31800000000108
1259.41100000000108
1259.89800000000108
1260.05800000000108
1260.21400000000108
1260.40800000000108
1260.56900000000108
1260.76700000000108
1261.16700000000108
1261.32400000000108
1261.49800000000108
1261.65800000000108
1261.85000000000108
1274.07400000000109
1274.75100000000109
1274.93700000000109
1275.07900000000109
1275.20000000000109
1275.20900000000109
1275.70700000000109
1281.0240000000011
1306.79200000000112
1306.97400000000112
1360.52100000000117
1360.96500000000117
1361.05100000000117
1361.49000000000117
1361.64100000000117
1362.52300000000117
1397.8940000000012
1478.42900000000127
1478.54800000000127
1478.67700000000127
1478.84500000000127
1479.66200000000127
1480.09900000000127
1486.55500000000128
1490.29700000000128
1490.51500000000128
1493.98400000000129
1494.85300000000129
1494.89200000000129
1507.1980000000013
1511.2030000000013
1511.6250000000013
1511.7830000000013
1524.14300000000131
1525.05900000000131
1525.30400000000131
1527.47900000000132
1527.84100000000132
1617.27600000000139
1617.5510000000014
1618.5870000000014
1631.20200000000141
1631.89900000000141
1632.04600000000141
1632.18000000000141
1683.44900000000145
1687.14700000000146
1687.33400000000146
1731.6860000000015
1731.8120000000015
1732.5460000000015
1733.8530000000015
1735.1680000000015
1735.6520000000015
1735.7890000000015
1735.9420000000015
1736.2110000000015
1736.3540000000015
1736.5090000000015
1736.6470000000015
1736.8120000000015
1736.9570000000015
1737.1110000000015
1737.2790000000015
1737.4410000000015
1737.5830000000015
1737.8680000000015
1738.0010000000015
1738.2010000000015
1738.3280000000015
1738.5110000000015
1738.6610000000015
1738.8300000000015
1738.9950000000015
1739.1570000000015
1739.3350000000015
1739.4840000000015
1739.6550000000015
1739.8200000000015
1740.0060000000015
1740.1670000000015
1740.3320000000015
1740.4980000000015
1740.6490000000015
1740.8300000000015
1740.9980000000015
1741.1530000000015
1741.3390000000015
1742.17100000000151
1742.33700000000151
1742.50000000000151
1742.81200000000151
1742.98200000000151
1743.14000000000151
1743.31900000000151
1743.44400000000151
1743.62200000000151
1743.74700000000151
1743.92800000000151
1744.06800000000151
1744.24900000000151
1744.40100000000151
1744.58400000000151
1744.71100000000151
1744.89300000000151
1745.04000000000151
1745.23100000000151
1745.37100000000151
1747.26500000000151
1747.44500000000151
1747.62400000000151
1747.79900000000151
1747.95000000000151
1748.83200000000151
1749.04400000000151
1749.37700000000151
1749.52800000000151
1753.13600000000152
1753.29100000000152
1753.47400000000152
1784.82600000000154
1785.11900000000154
1786.51700000000154
1786.65500000000154
1786.81200000000155
1786.97200000000155
1787.13300000000155
1787.27200000000155
1787.45600000000155
1787.60300000000155
1787.94400000000155
1788.96000000000155
1789.11100000000155
1789.86600000000155
1790.00800000000155
1790.17400000000155
1790.34300000000155
1790.48800000000155
1790.64800000000155
1790.81400000000155
1790.98400000000155
1791.15700000000155
1791.36000000000155
1791.51400000000155
1791.69800000000155
1791.82600000000155
1792.01800000000155
1792.15600000000155
1792.33400000000155
1793.25400000000155
1793.44300000000155
1795.54800000000155
1795.68300000000155
1796.29600000000155
1796.67800000000155
1797.11000000000155
1797.53100000000155
1816.65000000000157
1816.67000000000157
1816.78400000000157
1816.97900000000157
1818.10200000000157
1818.41200000000157
1818.53900000000157
1818.68700000000157
1818.83500000000157
1818.96200000000157
1819.12600000000157
1819.26700000000157
1819.43500000000157
1819.59000000000157
1819.74100000000157
1819.90600000000157
1820.04500000000157
1820.22000000000157
1820.37600000000158
1820.50400000000158
1820.69200000000158
1821.61600000000158
1821.81200000000158
1822.07000000000158
1822.21700000000158
1822.42900000000158
1823.51500000000158
1824.29300000000158
1824.43000000000158
1824.58800000000158
1824.72100000000158
1824.89200000000158
1825.03700000000158
1825.20700000000158
1825.37300000000158
1825.55000000000158
1825.69600000000158
1825.85700000000158
1826.00800000000158
1826.18300000000158
1826.33200000000158
1826.46000000000158
1826.59400000000158
1826.78300000000158
1826.91300000000158
1827.23200000000158
1827.38600000000158
1827.56400000000158
1827.72300000000158
1827.91600000000158
1828.06300000000158
1828.27500000000158
1828.39200000000158
1828.55000000000158
1828.86700000000158
1829.04700000000158
1829.17300000000158
1829.35500000000158
1829.53600000000158
1829.67600000000158
1829.87000000000158
1830.00000000000158
1830.19500000000158
1830.31800000000158
1830.50600000000158
1830.63800000000158
1830.80600000000158
1830.96000000000158
1831.11100000000158
1831.24500000000158
1831.43300000000158
1831.55700000000158
1833.85200000000159
1834.00400000000159
1834.17500000000159
1834.30000000000159
1834.46400000000159
1834.61200000000159
1834.78100000000159
1834.91800000000159
1835.09700000000159
1835.25600000000159
1835.41200000000159
1835.56700000000159
1835.74100000000159
1835.89900000000159
1836.03500000000159
1836.22000000000159
1837.64600000000159
1837.82900000000159
1838.06300000000159
1838.24300000000159
1839.18700000000159
1839.55300000000159
1841.51400000000159
1841.65400000000159
1842.23800000000159
1842.50700000000159
1842.66400000000159
1842.8400000000016
1842.9910000000016
1843.1610000000016
1843.3270000000016
1843.5030000000016
1843.6470000000016
1843.7710000000016
1843.9590000000016
1844.1120000000016
1844.2600000000016
1844.4740000000016
1844.5980000000016
1844.7920000000016
1844.9220000000016
1845.2310000000016
1845.4220000000016
1845.5580000000016
1845.7460000000016
1847.7100000000016
1847.8610000000016
1848.0250000000016
1848.1730000000016
1848.3490000000016
1848.5160000000016
1848.6460000000016
1848.8310000000016
1848.9750000000016
1849.1680000000016
1849.3300000000016
1849.4920000000016
1849.6150000000016
1849.7920000000016
1849.9600000000016
1850.1350000000016
1850.2630000000016
1852.6330000000016
1852.7900000000016
1852.9540000000016
1853.1160000000016
1853.2860000000016
1853.4370000000016
1853.6080000000016
1853.7890000000016
1853.9440000000016
1854.1380000000016
1854.29700000000161
1854.44400000000161
1854.60800000000161
1854.73500000000161
1854.90200000000161
1855.02500000000161
1855.23400000000161
1855.37400000000161
1855.56900000000161
1855.71800000000161
1855.93300000000161
1856.05800000000161
1856.24900000000161
1856.39000000000161
1856.58900000000161
1856.75600000000161
1856.94400000000161
1857.10900000000161
1857.27600000000161
1857.47400000000161
1857.63100000000161
1857.84100000000161
1857.96700000000161
1858.10600000000161
1858.23200000000161
1858.42100000000161
1858.55300000000161
1858.73800000000161
1860.24900000000161
1860.42200000000161
1860.63800000000161
1860.85400000000161
1861.21700000000161
1861.83800000000161
1862.10300000000161
1862.25000000000161
1862.41900000000161
1862.57000000000161
1862.73200000000161
1862.85700000000161
1863.02600000000161
1863.19600000000161
1863.32500000000161
1863.49300000000161
1863.65500000000161
1863.83000000000161
1863.98900000000161
1864.16900000000161
1864.35300000000161
1864.49000000000161
1864.68700000000161
1864.80800000000161
1864.99100000000161
1865.14700000000161
1865.32600000000162
1865.45400000000162
1865.64400000000162
1865.76600000000162
1865.96500000000162
1866.09300000000162
1866.28200000000162
1866.41100000000162
1866.56600000000162
1970.03500000000171
1970.05000000000171
1970.20400000000171
1970.39700000000171
1970.59400000000171
1971.37700000000171
1972.06800000000171
1974.80200000000171
1974.95600000000171
1975.11800000000171
1975.24900000000171
1975.53800000000171
1975.95900000000171
1976.21600000000171
1976.38100000000171
1976.55800000000171
1976.71100000000171
1976.83800000000171
1977.14500000000171
1977.33500000000171
1977.48500000000171
1977.61500000000171
1977.95300000000172
1978.27400000000172
1979.31400000000172
1979.58500000000172
1980.03200000000172
1985.52400000000172
1994.22300000000173
1994.56600000000173
1996.93700000000173
2000.94500000000174
2019.83900000000175
2020.31200000000175
2021.87700000000175
2023.18800000000176
2023.44500000000176
2023.57000000000176
2037.41600000000177
2045.99100000000178
2048.10300000000177
2048.23600000000175
2048.41600000000173
2048.59400000000171
2048.64000000000171
2056.19600000000087
2056.32600000000086
2063.86600000000003
2064.65799999999994
2064.81999999999992
2064.95799999999991
2066.91799999999969
2067.03799999999968
2067.18499999999966
2067.29799999999965
2068.49599999999952
2074.17999999999889
2074.75599999999883
2075.71899999999872
2076.05499999999869
2076.97499999999859
2077.29499999999855
2077.97899999999848
2078.51699999999842
2088.6489999999973
2134.68599999999223
2134.82899999999221
2135.65799999999212
2135.98099999999209
2138.32699999999183
2138.46699999999181
2138.6309999999918
2138.77899999999178
2138.93299999999176
2139.08499999999175
2139.24699999999173
2139.40999999999171
2139.5259999999917
2139.68899999999168
2139.81299999999167
2139.97999999999165
2140.10499999999163
2140.3949999999916
2140.51899999999159
2140.65299999999157
2140.83099999999155
2140.98599999999154
2141.14099999999152
2141.2949999999915
2141.46999999999148
2141.61199999999147
2141.78899999999145
2141.90999999999143
2142.04999999999142
2142.2319999999914
2142.36899999999138
2143.1319999999913
2143.31199999999128
2143.47899999999126
2143.59999999999125
2143.77799999999123
2143.92499999999121
2144.09799999999119
2144.22399999999118
2144.40999999999116
2144.52999999999115
2144.65999999999113
2144.82099999999111
2145.00099999999109
2145.15099999999108
2145.33399999999106
2145.51999999999104
2145.63699999999102
2145.809999999991
2145.94999999999099
2146.13799999999097
2146.27099999999095
2146.40799999999094
2146.55999999999092
2146.7629999999909
2146.92499999999088
2147.09199999999086
2147.24399999999085
2147.43599999999083
2147.56299999999081
2147.7029999999908
2147.90099999999077
2148.07199999999076
2148.22599999999074
2148.35899999999072
2148.5439999999907
2148.67699999999069
2148.83399999999067
2149.00799999999065
2149.19299999999063
2149.31399999999062
2149.4939999999906
2149.61199999999059
2149.75399999999057
2149.87899999999056
2150.07699999999054
2150.21599999999052
2150.3559999999905
2150.55899999999048
2150.67199999999047
2150.85599999999045
2150.97899999999044
2151.13099999999042
2151.3069999999904
2151.44899999999038
2151.62499999999036
2151.75599999999035
2151.95199999999033
2152.07599999999031
2152.2239999999903
2152.40999999999028
2152.53099999999026
2152.72999999999024
2152.86899999999023
2153.06499999999021
2153.18499999999019
2153.37399999999017
2155.64299999998992
2155.79099999998991
2155.96399999998989
2156.13199999998987
2156.27499999998985
2156.40999999998984
2156.57599999998982
2156.7179999999898
2156.88099999998979
2157.00399999998977
2157.18299999998975
2159.4949999999895
2159.66199999998948
2159.82899999998946
2159.98999999998944
2160.14699999998943
2160.31399999998941
2160.47199999998939
2160.64799999998937
2160.78399999998936
2160.95199999998934
2161.07499999998932
2161.24099999998931
2161.36999999998929
2161.53699999998927
2161.71599999998925
2161.87899999998924
2162.05499999998922
2162.26799999998919
2162.38999999998918
2162.70699999998914
2164.57999999998894
2164.74599999998892
2164.9259999999889
2165.10299999998888
2165.25599999998886
2165.43299999998884
2165.56399999998883
2165.76199999998881
2165.89299999998879
2166.07199999998877
2166.19499999998876
2166.37599999998874
2166.50599999998873
2166.6959999999887
2166.82999999998869
2166.97999999998867
2167.15899999998865
2167.32399999998864
2167.50499999998862
2167.6429999999886
2167.81499999998858
2171.19999999998821
2171.35999999998819
2171.52899999998817
2171.67799999998816
2171.82399999998814
2172.00499999998812
2172.2069999999881
2172.31799999998809
2172.50699999998806
2172.67199999998805
2172.80499999998803
2173.129999999988
2173.31299999998798
2173.43499999998796
2173.62499999998794
2173.75899999998793
2173.88999999998791
2174.20799999998788
2174.39799999998786
2174.51499999998784
2174.70899999998782
2174.82899999998781
2175.14199999998777
2175.31599999998776
2175.48599999998774
2175.65899999998772
2175.8529999999877
2175.97199999998768
2176.15199999998766
2177.25699999998754
2177.41699999998752
2177.5959999999875
2177.76699999998749
2177.91999999998747
2178.09899999998745
2178.24299999998743
2178.41999999998741
2178.5689999999874
2178.77799999998737
2178.90299999998736
2179.08599999998734
2179.21599999998733
2179.34299999998731
2179.51199999998729
2179.66299999998728
2179.85199999998726
2180.00999999998724
2180.18899999998722
2180.3359999999872
2180.52399999998718
2180.69199999998716
2180.87599999998714
2200.27299999998501
2234.54199999998123
2234.70099999998122
2235.98699999998107
2236.15099999998106
2236.32899999998104
2236.47099999998102
2236.625999999981
2236.77699999998099
2236.94699999998097
2237.10399999998095
2237.25899999998093
2237.37799999998092
2237.5269999999809
2238.99199999998074
2239.32499999998071
2239.47999999998069
2241.1909999999805
2270.01399999997733
2270.20299999997731
2270.38399999997729
2270.63699999997726
2377.16299999996553
2378.15699999996542
2453.6329999999571
2453.77299999995709
2453.94099999995707
2454.22099999995704
2458.89499999995652
2459.04099999995651
2459.19899999995649
2459.36199999995647
2459.50099999995646
2459.81999999995642
2459.9889999999564
2460.28199999995637
2460.45699999995635
2460.77499999995632
2462.06899999995617
2462.18699999995616
2462.38999999995614
2462.7499999999561
2463.14499999995606
2464.17199999995594
2464.18799999995594
2464.20799999995594
2464.22799999995594
2464.28699999995593
2467.37399999995559
2467.51699999995557
2467.68799999995556
2467.83499999995554
2468.00399999995552
2468.1559999999555
2468.32099999995549
2468.47099999995547
2468.79199999995543
2469.0659999999554
2469.26799999995538
2471.64899999995512
2471.8069999999551
2471.97299999995508
2472.12299999995507
2472.29299999995505
2472.44199999995503
2472.60999999995501
2472.760999999955
2472.93799999995498
2473.07599999995496
2473.25399999995494
2473.36899999995493
2473.54899999995491
2473.83299999995488
2474.13199999995485
2474.34199999995482
2474.47699999995481
2474.61199999995479
2474.81899999995477
2474.96199999995475
2475.29099999995472
2475.4619999999547
2475.62999999995468
2475.83499999995466
2476.03299999995464
2476.19999999995462
2476.41299999995459
2476.56599999995458
2476.88299999995454
2477.15799999995451
2477.46599999995448
2479.16399999995429
2480.81999999995411
2481.69599999995401
2553.5459999999461
2553.70099999994608
2553.97599999994605
2554.10299999994604
2554.25899999994602
2554.405999999946
2554.56099999994599
2554.71799999994597
2554.83399999994596
2555.01499999994594
2556.2859999999458
2556.44199999994578
2556.60299999994576
2556.75599999994575
2556.92999999994573
2557.11799999994571
2557.23399999994569
2557.40399999994567
2557.53999999994566
2557.72399999994564
2557.86199999994562
2558.02899999994561
2558.18599999994559
2558.35699999994557
2558.47899999994556
2558.66499999994554
2558.79799999994552
2558.9789999999455
2559.09299999994549
2559.28799999994547
2559.39699999994546
2559.57299999994544
2559.72599999994542
2559.8699999999454
2560.04999999994538
2560.17099999994537
2563.41599999994501
2563.550999999945
2563.573999999945
2563.59399999994499
2563.61299999994499
2567.1199999999446
2567.27199999994459
2567.42799999994457
2567.59799999994455
2567.72199999994454
2567.88299999994452
2567.99999999994451
2568.17899999994449
2569.16299999994438
2569.95399999994429
2572.99199999994396
2576.78499999994354
2577.05999999994351
2577.25499999994349
2577.56699999994345
2577.73899999994344
2579.22699999994327
2579.39999999994325
2584.07699999994274
2584.21199999994272
2584.62499999994268
2584.71899999994267
2587.78399999994233
2588.88199999994221
2593.03599999994175
2593.13999999994174
2593.4659999999417
2593.68099999994168
2594.3889999999416
2595.42699999994149
2608.08599999994009
2839.72799999991458
2840.13099999991454
2840.13599999991454
2909.00199999990695
2909.13099999990694
2909.54699999990689
2909.70799999990687
2909.87099999990686
2910.03399999990684
2910.18999999990682
2912.62199999990655
2912.76499999990654
2912.92799999990652
2913.0779999999065
2913.22799999990649
2913.39599999990647
2913.70699999990643
2913.86699999990642
2914.0339999999064
2914.20299999990638
2914.38599999990636
2914.56699999990634
2914.70699999990632
2914.8889999999063
2915.02899999990629
2915.18499999990627
2915.36099999990625
2915.51099999990623
2915.68999999990622
2915.8509999999062
2916.00399999990618
2916.18399999990616
2916.33599999990614
2916.54399999990612
2916.6899999999061
2916.91199999990608
2917.03399999990607
2917.24199999990604
2917.36399999990603
2917.72199999990599
2921.36799999990559
2921.51299999990557
2921.74599999990555
2921.85799999990554
-2
91.5050000000000396
91.6740000000000398
91.8390000000000399
91.9880000000000401
92.1390000000000402
92.2830000000000403
92.4250000000000404
93.059000000000041
93.2250000000000412
93.3970000000000413
93.5570000000000414
93.7060000000000416
93.8400000000000417
95.1950000000000429
95.3630000000000431
95.5290000000000432
95.6870000000000433
95.8520000000000435
96.0100000000000436
96.1510000000000438
96.3180000000000439
96.4890000000000441
96.6250000000000442
96.7700000000000443
96.9310000000000444
97.0710000000000446
97.6500000000000451
97.9880000000000454
98.1500000000000455
98.3100000000000457
98.4800000000000458
98.640000000000046
98.7870000000000461
98.9610000000000462
99.1150000000000464
99.2810000000000465
99.4390000000000467
99.5920000000000468
99.7500000000000469
99.9150000000000471
101.3280000000000484
101.5010000000000485
101.6710000000000486
101.8190000000000488
101.9800000000000489
102.095000000000049
102.7840000000000496
102.9540000000000498
103.12700000000005
103.2830000000000501
103.4220000000000502
130.709000000000074
130.873000000000075
131.025000000000075
131.166000000000075
131.298000000000075
134.219000000000078
134.375000000000078
134.525000000000078
134.664000000000078
232.601000000000165
232.760000000000165
232.916000000000165
234.883000000000167
235.029000000000167
235.174000000000167
235.313000000000167
238.30600000000017
238.52700000000017
238.69000000000017
238.85300000000017
239.001000000000171
239.139000000000171
266.951000000000195
267.603000000000196
268.741000000000197
270.207000000000198
270.464000000000199
270.943000000000199
271.191000000000199
271.317000000000199
271.9310000000002
272.2360000000002
272.3960000000002
272.5560000000002
272.688000000000201
274.392000000000202
274.558000000000202
274.875000000000202
275.303000000000203
275.710000000000203
279.044000000000206
279.728000000000207
286.807000000000213
287.343000000000214
291.134000000000217
293.646000000000219
294.05900000000022
363.165000000000281
363.489000000000281
367.747000000000285
368.047000000000285
368.591000000000286
368.643000000000286
368.809000000000286
368.963000000000286
369.116000000000286
369.251000000000286
369.499000000000287
369.641000000000287
369.758000000000287
369.920000000000287
372.373000000000289
372.649000000000289
373.18100000000029
373.31900000000029
373.45200000000029
373.51900000000029
373.79400000000029
373.91200000000029
374.073000000000291
374.372000000000291
374.537000000000291
374.685000000000291
374.837000000000291
374.997000000000291
375.136000000000292
375.281000000000292
375.447000000000292
375.567000000000292
384.3390000000003
384.4990000000003
384.6540000000003
384.8170000000003
384.9780000000003
385.1380000000003
385.283000000000301
386.522000000000302
386.689000000000302
386.853000000000302
387.030000000000302
387.190000000000302
387.390000000000302
387.527000000000303
387.687000000000303
387.799000000000303
389.318000000000304
389.491000000000304
389.652000000000304
389.805000000000305
389.970000000000305
390.113000000000305
390.875000000000306
391.063000000000306
391.255000000000306
391.416000000000306
391.568000000000306
391.951000000000306
394.987000000000309
395.63600000000031
395.95500000000031
396.04700000000031
396.600000000000311
397.178000000000311
397.344000000000311
397.492000000000311
397.645000000000312
397.798000000000312
397.962000000000312
398.131000000000312
398.304000000000312
398.475000000000312
398.485000000000312
398.627000000000312
398.772000000000313
398.942000000000313
399.136000000000313
399.287000000000313
399.397000000000313
399.528000000000313
399.705000000000313
403.643000000000317
403.819000000000317
403.962000000000317
404.112000000000317
404.269000000000317
404.410000000000318
404.547000000000318
404.730000000000318
404.884000000000318
405.021000000000318
405.168000000000318
405.344000000000318
405.506000000000318
405.632000000000319
405.803000000000319
405.939000000000319
406.097000000000319
406.225000000000319
406.375000000000319
406.550000000000319
406.72700000000032
406.90000000000032
407.03100000000032
407.22200000000032
407.35800000000032
407.52200000000032
407.68000000000032
407.822000000000321
407.968000000000321
408.076000000000321
408.823000000000321
409.003000000000322
423.198000000000334
423.375000000000334
423.537000000000335
423.694000000000335
423.856000000000335
424.020000000000335
424.163000000000335
424.338000000000335
424.514000000000335
424.692000000000336
424.799000000000336
424.937000000000336
425.115000000000336
425.293000000000336
425.438000000000336
425.584000000000336
425.717000000000336
425.881000000000337
426.007000000000337
426.137000000000337
426.345000000000337
427.090000000000338
427.513000000000338
427.753000000000338
428.388000000000339
428.597000000000339
428.993000000000339
429.28200000000034
429.76300000000034
430.796000000000341
435.598000000000345
436.144000000000346
436.317000000000346
436.467000000000346
436.608000000000346
436.761000000000346
436.926000000000346
437.075000000000347
437.236000000000347
437.386000000000347
437.560000000000347
437.680000000000347
437.841000000000347
438.024000000000347
438.206000000000348
438.303000000000348
438.460000000000348
438.621000000000348
438.774000000000348
438.947000000000348
439.114000000000348
439.277000000000348
439.473000000000349
439.647000000000349
439.766000000000349
439.935000000000349
440.55300000000035
441.543000000000351
441.574000000000351
441.815000000000351
442.002000000000351
442.383000000000351
442.393000000000351
442.521000000000351
442.531000000000351
442.542000000000351
442.797000000000352
442.813000000000352
442.982000000000352
443.212000000000352
443.235000000000352
443.261000000000352
443.273000000000352
443.513000000000352
443.811000000000353
443.963000000000353
444.156000000000353
444.982000000000354
546.623000000000444
546.919000000000444
547.087000000000444
547.229000000000444
547.358000000000444
547.488000000000445
548.406000000000445
548.681000000000446
549.312000000000446
550.668000000000447
550.839000000000448
550.977000000000448
551.117000000000448
551.263000000000448
551.404000000000448
551.557000000000448
551.698000000000448
551.846000000000448
551.987000000000449
552.126000000000449
552.287000000000449
552.428000000000449
552.570000000000449
552.709000000000449
552.865000000000449
552.998000000000449
553.17100000000045
553.29900000000045
553.45300000000045
553.57900000000045
553.73000000000045
553.89200000000045
554.02200000000045
554.196000000000451
554.317000000000451
554.492000000000451
554.621000000000451
554.795000000000451
554.953000000000451
555.074000000000451
555.251000000000452
555.402000000000452
555.527000000000452
555.674000000000452
555.823000000000452
555.970000000000452
556.119000000000452
556.289000000000452
556.413000000000452
556.583000000000453
556.745000000000453
556.890000000000453
557.059000000000453
557.221000000000453
557.353000000000453
557.517000000000453
557.654000000000454
557.784000000000454
557.951000000000454
558.123000000000454
558.278000000000454
558.430000000000454
558.554000000000454
558.695000000000455
558.882000000000455
559.042000000000455
559.167000000000455
559.306000000000455
559.749000000000455
559.926000000000456
560.063000000000456
560.227000000000456
560.385000000000456
560.509000000000456
561.270000000000457
561.490000000000457
561.708000000000457
561.992000000000457
562.162000000000458
562.331000000000458
562.513000000000458
562.696000000000458
563.206000000000459
563.460000000000459
563.627000000000459
563.793000000000459
563.950000000000459
564.090000000000459
564.257000000000459
564.39400000000046
564.54600000000046
564.71100000000046
564.86500000000046
565.02300000000046
565.16900000000046
565.31100000000046
565.482000000000461
565.625000000000461
565.798000000000461
565.951000000000461
566.129000000000461
566.281000000000461
566.434000000000461
566.565000000000462
566.725000000000462
566.849000000000462
566.993000000000462
567.178000000000462
567.332000000000462
567.512000000000462
567.634000000000462
568.817000000000464
568.990000000000464
569.151000000000464
569.302000000000464
569.458000000000464
569.628000000000464
569.784000000000464
569.922000000000464
570.106000000000465
570.250000000000465
570.421000000000465
570.574000000000465
570.761000000000465
570.901000000000465
571.039000000000466
571.224000000000466
571.369000000000466
571.536000000000466
571.699000000000466
571.862000000000466
572.039000000000466
572.142000000000466
572.303000000000467
572.441000000000467
572.611000000000467
572.771000000000467
572.930000000000467
573.067000000000467
573.227000000000467
573.386000000000468
573.507000000000468
579.449000000000473
579.630000000000473
579.788000000000473
579.945000000000473
580.116000000000474
580.287000000000474
580.457000000000474
580.611000000000474
580.770000000000474
580.922000000000474
581.087000000000474
581.408000000000475
581.611000000000475
584.867000000000478
585.400000000000478
585.564000000000478
585.733000000000478
585.891000000000479
586.057000000000479
586.213000000000479
586.382000000000479
586.524000000000479
586.689000000000479
586.83900000000048
586.98700000000048
587.15500000000048
587.33200000000048
587.50400000000048
587.67100000000048
587.81300000000048
587.993000000000481
588.154000000000481
588.297000000000481
588.475000000000481
588.609000000000481
588.757000000000481
588.899000000000481
589.044000000000482
589.184000000000482
589.347000000000482
589.508000000000482
589.663000000000482
589.837000000000482
590.013000000000482
590.121000000000482
624.351000000000513
625.009000000000513
626.284000000000515
626.478000000000515
626.618000000000515
626.759000000000515
627.169000000000515
627.357000000000516
627.535000000000516
627.693000000000516
627.842000000000516
628.221000000000516
628.374000000000516
628.548000000000517
628.703000000000517
628.857000000000517
629.014000000000517
629.184000000000517
629.318000000000517
630.360000000000518
630.541000000000518
630.706000000000518
630.879000000000519
631.080000000000519
631.259000000000519
631.412000000000519
631.572000000000519
631.763000000000519
631.94300000000052
632.05500000000052
632.35300000000052
633.419000000000521
633.608000000000521
633.785000000000521
633.954000000000521
634.143000000000522
634.316000000000522
634.506000000000522
634.720000000000522
634.899000000000522
635.072000000000522
635.243000000000522
635.444000000000523
635.648000000000523
635.780000000000523
635.961000000000523
636.142000000000523
636.323000000000524
636.508000000000524
636.694000000000524
636.886000000000524
637.062000000000524
637.256000000000524
637.459000000000524
637.600000000000525
637.773000000000525
637.966000000000525
638.105000000000525
638.247000000000525
638.420000000000525
638.549000000000525
641.569000000000528
641.750000000000528
641.888000000000528
642.038000000000529
642.202000000000529
642.349000000000529
642.490000000000529
642.627000000000529
642.767000000000529
642.890000000000529
645.812000000000532
647.070000000000533
647.433000000000533
647.599000000000534
647.752000000000534
647.868000000000534
648.016000000000534
648.178000000000534
648.337000000000534
648.474000000000534
648.631000000000534
648.744000000000534
653.680000000000539
654.36800000000054
654.51400000000054
654.66400000000054
654.79800000000054
656.042000000000541
657.941000000000543
658.118000000000543
658.270000000000543
658.417000000000543
661.525000000000546
661.679000000000546
662.762000000000547
662.944000000000547
663.110000000000547
663.274000000000547
663.407000000000548
663.536000000000548
663.655000000000548
663.779000000000548
663.912000000000548
664.040000000000548
664.613000000000549
664.772000000000549
664.938000000000549
665.298000000000549
668.374000000000552
668.716000000000552
668.878000000000552
669.033000000000552
669.180000000000553
669.347000000000553
669.493000000000553
669.633000000000553
669.779000000000553
669.927000000000553
670.071000000000553
670.228000000000554
670.355000000000554
670.532000000000554
670.678000000000554
671.254000000000554
694.645000000000575
694.784000000000575
694.995000000000576
695.176000000000576
695.345000000000576
695.543000000000576
696.433000000000577
697.450000000000578
697.763000000000578
698.088000000000578
698.553000000000579
698.775000000000579
699.137000000000579
699.42500000000058
699.66000000000058
700.02000000000058
701.120000000000581
701.559000000000581
701.716000000000582
701.834000000000582
701.993000000000582
702.141000000000582
702.297000000000582
702.440000000000582
702.583000000000582
702.726000000000582
702.887000000000583
703.042000000000583
703.867000000000584
703.999000000000584
704.147000000000584
704.304000000000584
704.447000000000584
704.606000000000584
704.770000000000584
704.912000000000584
705.079000000000585
705.221000000000585
705.339000000000585
773.266000000000645
773.476000000000645
773.677000000000646
773.858000000000646
774.075000000000646
774.449000000000646
774.582000000000646
774.828000000000646
775.010000000000647
775.204000000000647
775.357000000000647
775.562000000000647
775.712000000000647
775.899000000000647
779.15500000000065
779.786000000000651
780.112000000000651
780.463000000000652
781.660000000000653
781.838000000000653
781.995000000000653
782.171000000000653
782.341000000000653
782.528000000000653
786.801000000000657
806.848000000000675
807.017000000000675
807.436000000000676
807.845000000000676
808.008000000000676
808.178000000000676
808.386000000000676
810.531000000000678
811.207000000000679
821.425000000000688
821.576000000000688
821.727000000000688
821.857000000000688
821.998000000000688
822.158000000000688
822.290000000000689
822.573000000000689
822.725000000000689
825.750000000000692
825.901000000000692
826.042000000000692
826.190000000000692
826.334000000000692
826.462000000000692
826.611000000000692
826.759000000000693
826.880000000000693
827.043000000000693
827.161000000000693
827.313000000000693
827.459000000000693
827.626000000000693
827.780000000000694
827.891000000000694
828.062000000000694
828.224000000000694
828.383000000000694
828.501000000000694
828.677000000000694
828.829000000000694
828.990000000000695
829.135000000000695
829.302000000000695
829.430000000000695
829.590000000000695
829.743000000000695
829.871000000000695
830.039000000000696
830.177000000000696
830.349000000000696
830.481000000000696
830.601000000000696
830.779000000000696
830.932000000000696
831.069000000000696
831.214000000000697
831.388000000000697
831.508000000000697
831.683000000000697
831.809000000000697
831.996000000000697
832.147000000000697
832.282000000000698
832.455000000000698
832.598000000000698
832.705000000000698
832.842000000000698
833.013000000000698
833.171000000000698
834.9880000000007
835.1560000000007
835.3120000000007
835.4490000000007
835.6240000000007
835.786000000000701
835.953000000000701
836.110000000000701
836.277000000000701
836.413000000000701
836.573000000000701
836.741000000000702
836.867000000000702
837.049000000000702
837.198000000000702
837.377000000000702
837.532000000000702
837.685000000000702
837.820000000000702
837.999000000000703
838.148000000000703
838.318000000000703
838.455000000000703
838.631000000000703
838.763000000000703
838.934000000000703
839.063000000000704
839.237000000000704
839.394000000000704
839.520000000000704
839.674000000000704
839.865000000000704
840.038000000000704
840.158000000000704
840.348000000000705
840.505000000000705
840.674000000000705
840.803000000000705
841.008000000000705
841.128000000000705
841.263000000000706
841.420000000000706
841.574000000000706
841.736000000000706
841.884000000000706
842.031000000000706
842.162000000000706
842.327000000000706
842.470000000000707
842.590000000000707
844.472000000000708
844.627000000000708
844.769000000000709
844.911000000000709
845.042000000000709
845.197000000000709
845.335000000000709
845.493000000000709
845.637000000000709
845.78900000000071
845.94800000000071
846.13600000000071
846.28900000000071
846.43400000000071
846.59500000000071
846.76400000000071
846.88900000000071
847.072000000000711
847.221000000000711
847.383000000000711
847.543000000000711
847.708000000000711
847.848000000000711
848.010000000000712
848.171000000000712
848.339000000000712
848.512000000000712
848.671000000000712
848.814000000000712
848.994000000000712
849.166000000000712
849.300000000000713
849.483000000000713
849.650000000000713
849.802000000000713
849.976000000000713
851.032000000000714
851.179000000000714
851.363000000000714
851.523000000000715
851.691000000000715
854.107000000000717
854.264000000000717
854.441000000000717
854.605000000000717
854.735000000000717
854.908000000000718
855.051000000000718
855.220000000000718
855.385000000000718
855.549000000000718
855.721000000000718
855.873000000000718
856.050000000000719
856.222000000000719
856.380000000000719
856.527000000000719
856.691000000000719
856.827000000000719
857.62900000000072
857.81900000000072
857.99000000000072
858.15200000000072
858.320000000000721
858.494000000000721
858.671000000000721
858.849000000000721
859.002000000000721
859.156000000000721
859.323000000000722
859.494000000000722
859.656000000000722
859.813000000000722
860.000000000000722
860.171000000000722
860.314000000000722
860.462000000000723
860.616000000000723
860.798000000000723
860.945000000000723
861.116000000000723
861.282000000000723
861.454000000000723
861.610000000000724
861.782000000000724
861.939000000000724
862.110000000000724
862.294000000000724
862.455000000000724
862.613000000000724
862.759000000000725
862.921000000000725
868.138000000000729
868.50400000000073
868.71700000000073
868.94300000000073
869.16500000000073
869.601000000000731
869.781000000000731
869.792000000000731
871.695000000000733
872.371000000000733
872.651000000000733
873.325000000000734
873.696000000000734
873.860000000000734
874.016000000000735
874.180000000000735
874.316000000000735
874.465000000000735
874.621000000000735
874.784000000000735
874.949000000000735
875.099000000000736
875.241000000000736
875.396000000000736
875.559000000000736
875.692000000000736
875.860000000000736
876.031000000000736
876.159000000000736
876.325000000000737
876.469000000000737
876.651000000000737
876.782000000000737
876.953000000000737
877.118000000000737
877.265000000000738
877.424000000000738
877.594000000000738
877.768000000000738
877.895000000000738
878.076000000000738
878.240000000000738
878.401000000000738
878.554000000000739
878.724000000000739
878.882000000000739
879.000000000000739
879.173000000000739
879.335000000000739
879.50500000000074
879.65800000000074
879.83900000000074
879.98500000000074
880.16500000000074
880.30700000000074
880.49100000000074
880.61000000000074
880.782000000000741
880.919000000000741
881.099000000000741
881.244000000000741
881.389000000000741
881.565000000000741
881.699000000000741
881.870000000000742
882.026000000000742
882.193000000000742
882.339000000000742
882.493000000000742
882.661000000000742
882.827000000000742
882.973000000000742
883.141000000000743
883.281000000000743
883.456000000000743
883.588000000000743
883.760000000000743
883.905000000000743
884.077000000000744
884.231000000000744
884.391000000000744
884.550000000000744
884.691000000000744
884.859000000000744
885.005000000000744
885.178000000000744
885.350000000000745
885.488000000000745
885.669000000000745
885.826000000000745
885.990000000000745
886.150000000000745
886.308000000000746
886.483000000000746
886.650000000000746
886.777000000000746
886.957000000000746
887.118000000000746
887.287000000000746
887.458000000000746
887.601000000000747
887.795000000000747
887.972000000000747
888.108000000000747
888.295000000000747
888.426000000000747
888.596000000000748
888.734000000000748
888.924000000000748
890.198000000000749
890.365000000000749
890.530000000000749
890.678000000000749
890.83100000000075
890.99000000000075
891.14700000000075
891.28100000000075
891.41300000000075
891.55400000000075
892.218000000000751
892.425000000000751
892.628000000000751
892.840000000000751
893.015000000000752
893.200000000000752
893.538000000000752
893.725000000000752
893.887000000000752
894.106000000000752
894.302000000000753
894.486000000000753
894.674000000000753
895.051000000000753
895.241000000000753
895.593000000000754
895.981000000000754
896.172000000000754
896.341000000000754
896.522000000000755
896.741000000000755
896.960000000000755
897.116000000000755
897.129000000000755
897.309000000000755
897.500000000000755
897.738000000000756
898.232000000000756
898.966000000000757
900.273000000000758
900.545000000000758
900.705000000000758
900.887000000000758
901.448000000000759
901.780000000000759
901.933000000000759
902.32500000000076
902.89100000000076
903.839000000000761
904.058000000000761
904.222000000000761
904.381000000000762
904.521000000000762
904.667000000000762
904.829000000000762
904.986000000000762
905.134000000000762
905.298000000000762
905.433000000000762
905.569000000000763
906.284000000000763
907.268000000000764
919.120000000000775
919.300000000000775
919.486000000000775
919.647000000000775
920.059000000000776
920.266000000000776
921.085000000000776
921.429000000000777
921.603000000000777
921.827000000000777
921.935000000000777
922.628000000000778
922.801000000000778
922.953000000000778
923.112000000000778
923.275000000000778
923.420000000000778
923.578000000000779
923.740000000000779
923.882000000000779
924.037000000000779
924.68600000000078
924.87400000000078
925.60900000000078
925.711000000000781
926.069000000000781
926.270000000000781
926.447000000000781
926.456000000000781
926.589000000000781
926.730000000000781
926.857000000000782
927.012000000000782
927.165000000000782
927.324000000000782
927.461000000000782
927.630000000000782
927.782000000000782
927.949000000000782
928.103000000000783
928.251000000000783
928.423000000000783
928.538000000000783
928.660000000000783
929.424000000000784
1003.031000000000849
1003.75400000000085
1003.86500000000085
1004.06000000000085
1004.27400000000085
1004.47800000000085
1004.697000000000851
1004.889000000000851
1005.270000000000851
1005.579000000000851
1005.632000000000852
1005.989000000000852
1006.489000000000852
1006.689000000000852
1006.891000000000853
1007.068000000000853
1007.720000000000853
1007.898000000000854
1008.083000000000854
1008.177000000000854
1015.58700000000086
1025.82400000000087
1072.16800000000091
1073.48000000000091
1074.32500000000091
1078.16500000000092
1078.74400000000092
1078.76200000000092
1258.72600000000108
1258.84100000000108
1258.96400000000108
1259.28700000000108
1259.30700000000108
1259.32600000000108
1259.74400000000108
1259.93500000000108
1260.15100000000108
1260.33700000000108
1260.54600000000108
1260.72400000000108
1260.90100000000108
1261.23600000000108
1261.40800000000108
1261.62600000000108
1261.79800000000108
1264.42700000000108
1274.59600000000109
1274.78100000000109
1274.95200000000109
1275.10900000000109
1275.20800000000109
1275.52600000000109
1275.73400000000109
1281.0760000000011
1306.83700000000112
1307.02000000000112
1360.87100000000117
1360.99700000000117
1361.18400000000117
1361.61000000000117
1362.04500000000117
1362.55200000000117
1398.0100000000012
1478.48900000000127
1478.62900000000127
1478.83900000000127
1479.52900000000127
1479.90700000000127
1485.56600000000128
1489.79200000000128
1490.31600000000128
1492.75300000000128
1494.79200000000129
1494.85900000000129
1496.83700000000129
1511.0790000000013
1511.3820000000013
1511.6860000000013
1516.44900000000131
1524.73400000000131
1525.11400000000131
1527.10200000000131
1527.71800000000132
1543.86700000000133
1617.52300000000139
1618.2330000000014
1620.0920000000014
1631.39700000000141
1631.90800000000141
1632.09000000000141
1634.67800000000141
1684.41600000000145
1687.20800000000146
1688.69800000000146
1731.7550000000015
1732.4180000000015
1733.2210000000015
1734.9440000000015
1735.3020000000015
1735.6900000000015
1735.8550000000015
1735.9950000000015
1736.2590000000015
1736.4060000000015
1736.5550000000015
1736.7130000000015
1736.8620000000015
1737.0140000000015
1737.1800000000015
1737.3390000000015
1737.4920000000015
1737.6470000000015
1737.8990000000015
1738.0800000000015
1738.2310000000015
1738.4090000000015
1738.5660000000015
1738.7320000000015
1738.8930000000015
1739.0590000000015
1739.2330000000015
1739.3870000000015
1739.5590000000015
1739.7200000000015
1739.9000000000015
1740.0760000000015
1740.2260000000015
1740.3990000000015
1740.5500000000015
1740.7370000000015
1740.9090000000015
1741.0610000000015
1741.2520000000015
1741.3900000000015
1742.24400000000151
1742.40100000000151
1742.57300000000151
1742.88900000000151
1743.04900000000151
1743.22200000000151
1743.36400000000151
1743.53300000000151
1743.65900000000151
1743.83700000000151
1743.97600000000151
1744.15300000000151
1744.29900000000151
1744.48900000000151
1744.62400000000151
1744.80900000000151
1744.95500000000151
1745.15200000000151
1745.28800000000151
1745.41400000000151
1747.33800000000151
1747.52300000000151
1747.70200000000151
1747.85600000000151
1748.03600000000151
1748.89200000000151
1749.11800000000151
1749.47000000000151
1752.41900000000151
1753.19500000000152
1753.36600000000152
1753.52900000000152
1784.92500000000154
1785.22400000000154
1786.56300000000154
1786.72600000000155
1786.88000000000155
1787.03300000000155
1787.16900000000155
1787.35100000000155
1787.48900000000155
1787.68600000000155
1788.00300000000155
1789.06000000000155
1789.43200000000155
1789.91700000000155
1790.08700000000155
1790.24800000000155
1790.39500000000155
1790.55400000000155
1790.71800000000155
1790.88700000000155
1791.05100000000155
1791.26100000000155
1791.41900000000155
1791.59700000000155
1791.73400000000155
1791.92400000000155
1792.06100000000155
1792.24100000000155
1792.36700000000155
1793.38300000000155
1795.43900000000155
1795.64200000000155
1796.01800000000155
1796.63800000000155
1797.00500000000155
1797.45100000000155
1797.55800000000155
1816.65900000000157
1816.71100000000157
1816.87300000000157
1817.01900000000157
1818.11100000000157
1818.46000000000157
1818.60600000000157
1818.74300000000157
1818.87900000000157
1819.03800000000157
1819.18200000000157
1819.34900000000157
1819.50200000000157
1819.65200000000157
1819.81200000000157
1819.95300000000157
1820.11800000000157
1820.28100000000158
1820.40700000000158
1820.60400000000158
1820.71700000000158
1821.74300000000158
1821.94400000000158
1822.13200000000158
1822.34500000000158
1823.29600000000158
1823.62400000000158
1824.34900000000158
1824.50300000000158
1824.64200000000158
1824.80300000000158
1824.94700000000158
1825.11700000000158
1825.27700000000158
1825.44800000000158
1825.60900000000158
1825.76900000000158
1825.91800000000158
1826.09100000000158
1826.24800000000158
1826.36800000000158
1826.50800000000158
1826.68700000000158
1826.82100000000158
1827.00400000000158
1827.29500000000158
1827.48300000000158
1827.63100000000158
1827.81100000000158
1827.96000000000158
1828.16600000000158
1828.29700000000158
1828.45800000000158
1828.64700000000158
1828.95400000000158
1829.08900000000158
1829.27400000000158
1829.46300000000158
1829.59100000000158
1829.80100000000158
1829.92000000000158
1830.09000000000158
1830.24600000000158
1830.41700000000158
1830.57600000000158
1830.72800000000158
1830.90700000000158
1831.03200000000158
1831.16200000000158
1831.34300000000158
1831.47900000000158
1831.67300000000159
1833.92600000000159
1834.07600000000159
1834.22200000000159
1834.37900000000159
1834.53000000000159
1834.69700000000159
1834.83300000000159
1835.00800000000159
1835.16100000000159
1835.31800000000159
1835.48300000000159
1835.63900000000159
1835.80800000000159
1835.94700000000159
1836.13300000000159
1836.24800000000159
1837.75000000000159
1837.96000000000159
1838.13300000000159
1839.06600000000159
1839.23200000000159
1839.61100000000159
1841.58200000000159
1841.77700000000159
1842.31700000000159
1842.56900000000159
1842.7470000000016
1842.9040000000016
1843.0700000000016
1843.2350000000016
1843.3990000000016
1843.5430000000016
1843.6730000000016
1843.8610000000016
1843.9970000000016
1844.1640000000016
1844.3540000000016
1844.5170000000016
1844.7000000000016
1844.8350000000016
1845.0140000000016
1845.3210000000016
1845.4710000000016
1845.6570000000016
1845.7970000000016
1847.7790000000016
1847.9390000000016
1848.0900000000016
1848.2570000000016
1848.4200000000016
1848.5550000000016
1848.7310000000016
1848.8900000000016
1849.0800000000016
1849.2270000000016
1849.3990000000016
1849.5230000000016
1849.6970000000016
1849.8520000000016
1850.0460000000016
1850.1630000000016
1850.2880000000016
1852.7060000000016
1852.8680000000016
1853.0300000000016
1853.1980000000016
1853.3500000000016
1853.5140000000016
1853.6960000000016
1853.8560000000016
1854.0400000000016
1854.20300000000161
1854.34600000000161
1854.51500000000161
1854.63900000000161
1854.80400000000161
1854.92800000000161
1855.11900000000161
1855.28000000000161
1855.47600000000161
1855.63000000000161
1855.82300000000161
1855.97200000000161
1856.15300000000161
1856.30000000000161
1856.48800000000161
1856.62600000000161
1856.85100000000161
1857.02300000000161
1857.18300000000161
1857.38000000000161
1857.54300000000161
1857.73400000000161
1857.89600000000161
1858.01400000000161
1858.13500000000161
1858.31400000000161
1858.46500000000161
1858.66900000000161
1858.78200000000161
1860.33500000000161
1860.57300000000161
1860.77900000000161
1861.08000000000161
1861.23500000000161
1861.88000000000161
1862.16400000000161
1862.33300000000161
1862.48200000000161
1862.64500000000161
1862.77700000000161
1862.94500000000161
1863.11000000000161
1863.24700000000161
1863.40900000000161
1863.57100000000161
1863.74900000000161
1863.90300000000161
1864.07400000000161
1864.25300000000161
1864.40000000000161
1864.59300000000161
1864.72600000000161
1864.90000000000161
1865.06400000000161
1865.23800000000162
1865.37500000000162
1865.55300000000162
1865.67900000000162
1865.84500000000162
1866.00700000000162
1866.18700000000162
1866.32200000000162
1866.47000000000162
1866.60000000000162
1970.04100000000171
1970.08100000000171
1970.31200000000171
1970.53200000000171
1970.98300000000171
1971.39800000000171
1974.44900000000171
1974.86800000000171
1975.02500000000171
1975.15400000000171
1975.31400000000171
1975.62900000000171
1975.99900000000171
1976.28500000000171
1976.45100000000171
1976.61300000000171
1976.73700000000171
1976.90100000000171
1977.20300000000171
1977.36300000000171
1977.50000000000171
1977.69200000000171
1978.02100000000172
1978.34500000000172
1979.46000000000172
1979.84100000000172
1981.93400000000172
1994.08400000000173
1994.44000000000173
1996.76600000000173
1999.70700000000173
2002.33500000000174
2020.27300000000175
2020.60700000000175
2022.80700000000175
2023.26800000000176
2023.46700000000176
2033.22200000000176
2040.56100000000177
2047.90000000000178
2048.15700000000176
2048.33800000000174
2048.53500000000172
2048.62300000000171
2048.6910000000017
2056.25300000000087
2059.5600000000005
2064.53799999999996
2064.75499999999993
2064.85199999999992
2066.8459999999997
2066.95699999999969
2067.11599999999967
2067.27899999999965
2068.24899999999955
2068.6669999999995
2074.43099999999887
2074.98099999999881
2075.79399999999872
2076.10499999999868
2077.21499999999856
2077.92999999999848
2078.16099999999846
2078.52899999999842
2088.92699999999727
2134.68999999999223
2135.18499999999218
2135.68999999999212
2136.12899999999207
2138.35599999999183
2138.53399999999181
2138.68499999999179
2138.84399999999177
2138.99299999999176
2139.15699999999174
2139.31299999999172
2139.43799999999171
2139.59499999999169
2139.72499999999168
2139.88699999999166
2140.01399999999164
2140.17399999999163
2140.4199999999916
2140.54999999999158
2140.73999999999156
2140.89299999999155
2141.04699999999153
2141.20199999999151
2141.37599999999149
2141.52299999999148
2141.67899999999146
2141.81799999999144
2141.95199999999143
2142.13099999999141
2142.28199999999139
2142.45699999999137
2143.21699999999129
2143.38099999999127
2143.52899999999126
2143.68199999999124
2143.83699999999122
2144.0039999999912
2144.12899999999119
2144.30199999999117
2144.43599999999116
2144.55799999999114
2144.72499999999112
2144.9029999999911
2145.05599999999109
2145.23899999999107
2145.43099999999105
2145.54399999999103
2145.71499999999102
2145.851999999991
2146.04699999999098
2146.17099999999097
2146.30699999999095
2146.46499999999093
2146.64999999999091
2146.82899999999089
2146.99299999999087
2147.15199999999086
2147.33799999999084
2147.46699999999082
2147.60399999999081
2147.79399999999079
2147.99299999999076
2148.13599999999075
2148.26899999999073
2148.45599999999071
2148.5869999999907
2148.74099999999068
2148.91299999999066
2149.07999999999064
2149.22299999999063
2149.39199999999061
2149.5209999999906
2149.66299999999058
2149.78499999999057
2149.97599999999055
2150.12199999999053
2150.26699999999051
2150.44299999999049
2150.58099999999048
2150.75599999999046
2150.88999999999045
2151.03999999999043
2151.21699999999041
2151.35999999999039
2151.53799999999037
2151.66999999999036
2151.85199999999034
2151.98499999999032
2152.12899999999031
2152.31899999999029
2152.44499999999027
2152.62699999999025
2152.77699999999024
2152.96299999999022
2153.0909999999902
2153.27099999999018
2153.40299999999017
2155.68999999998992
2155.8789999999899
2156.04199999998988
2156.18399999998986
2156.32199999998985
2156.46699999998983
2156.62899999998981
2156.7939999999898
2156.91999999998978
2157.07799999998976
2157.22399999998975
2159.57399999998949
2159.73799999998947
2159.89899999998945
2160.05899999998944
2160.22199999998942
2160.3789999999894
2160.53299999998938
2160.69799999998937
2160.85699999998935
2160.98199999998933
2161.14699999998932
2161.2739999999893
2161.43799999998928
2161.61599999998926
2161.78799999998925
2161.96699999998923
2162.14799999998921
2162.29999999998919
2162.48999999998917
2162.73799999998914
2164.65399999998893
2164.83299999998891
2165.00799999998889
2165.16599999998887
2165.33599999998885
2165.47499999998884
2165.65199999998882
2165.8099999999888
2165.97899999998878
2166.10199999998877
2166.27499999998875
2166.41299999998874
2166.61399999998871
2166.7459999999887
2166.88499999998868
2167.06299999998866
2167.23299999998865
2167.40899999998863
2167.55799999998861
2167.73099999998859
2167.86399999998858
2171.2709999999882
2171.43899999998818
2171.58799999998817
2171.73599999998815
2171.91699999998813
2172.09599999998811
2172.2249999999881
2172.41199999998808
2172.57599999998806
2172.71299999998804
2172.90199999998802
2173.21299999998799
2173.34499999998797
2173.54499999998795
2173.67499999998794
2173.79299999998792
2173.9769999999879
2174.28999999998787
2174.42099999998785
2174.60199999998783
2174.74199999998782
2174.9099999999878
2175.21299999998777
2175.38599999998775
2175.55499999998773
2175.75499999998771
2175.88199999998769
2176.05799999998767
2176.18499999998766
2177.32599999998753
2177.49999999998751
2177.6779999999875
2177.82999999998748
2178.00499999998746
2178.15299999998744
2178.31999999998742
2178.47699999998741
2178.65699999998739
2178.81599999998737
2179.00999999998735
2179.13099999998734
2179.24299999998732
2179.4149999999873
2179.57099999998729
2179.75299999998727
2179.91499999998725
2180.10399999998723
2180.25099999998721
2180.43199999998719
2180.60399999998717
2180.78999999998715
2180.93699999998714
2200.372999999985
2234.59299999998123
2234.72199999998121
2236.05499999998107
2236.21899999998105
2236.37699999998103
2236.53099999998101
2236.683999999981
2236.85199999998098
2237.00699999998096
2237.15899999998094
2237.27099999998093
2237.42599999998091
2237.5899999999809
2239.08599999998073
2239.42699999998069
2240.96899999998052
2255.41099999997893
2270.14399999997731
2270.32299999997729
2270.38899999997728
2270.67099999997725
2377.21699999996552
2378.15899999996542
2453.6639999999571
2453.83299999995708
2453.98599999995706
2454.28199999995703
2458.93299999995652
2459.1059999999565
2459.25799999995648
2459.40499999995647
2459.56899999995645
2459.89999999995641
2460.0629999999564
2460.36299999995636
2460.52699999995634
2460.85999999995631
2462.12199999995617
2462.37899999995614
2462.60899999995611
2463.05999999995606
2464.16399999995594
2464.17499999995594
2464.20499999995594
2464.22499999995594
2464.23699999995594
2466.80799999995565
2467.42299999995558
2467.58499999995557
2467.74299999995555
2467.90299999995553
2468.05999999995551
2468.2169999999555
2468.37599999995548
2468.54699999995546
2468.81999999995543
2469.14599999995539
2469.29099999995538
2471.70899999995511
2471.87099999995509
2472.03199999995508
2472.19599999995506
2472.35199999995504
2472.51299999995502
2472.66799999995501
2472.83699999995499
2472.98599999995497
2473.15399999995495
2473.27199999995494
2473.46199999995492
2473.58699999995491
2473.85999999995488
2474.21799999995484
2474.35699999995482
2474.5049999999548
2474.69799999995478
2474.83699999995477
2475.04699999995474
2475.33499999995471
2475.50699999995469
2475.71599999995467
2475.88099999995465
2476.06299999995463
2476.27799999995461
2476.44099999995459
2476.65299999995457
2476.90599999995454
2477.2319999999545
2477.55299999995447
2479.23699999995428
2480.8689999999541
2481.819999999954
2553.60899999994609
2553.77299999994607
2554.01299999994605
2554.16799999994603
2554.31599999994601
2554.471999999946
2554.61899999994598
2554.74599999994597
2554.90999999994595
2555.04099999994593
2556.34899999994579
2556.50699999994577
2556.66299999994576
2556.83499999994574
2556.99899999994572
2557.1429999999457
2557.30199999994569
2557.44599999994567
2557.62499999994565
2557.76999999994563
2557.92999999994562
2558.0839999999456
2558.26199999994558
2558.38999999994557
2558.56499999994555
2558.70199999994553
2558.87399999994551
2558.9999999999455
2559.17799999994548
2559.30099999994547
2559.46099999994545
2559.63099999994543
2559.77799999994541
2559.95099999994539
2560.07699999994538
2560.25199999994536
2563.549999999945
2563.564999999945
2563.58099999994499
2563.60299999994499
2566.68199999994465
2567.1779999999446
2567.34099999994458
2567.49599999994456
2567.62799999994455
2567.77999999994453
2567.90799999994452
2568.0769999999445
2568.22699999994448
2569.24899999994437
2570.01799999994429
2576.33699999994359
2576.82299999994354
2577.19699999994349
2577.48399999994346
2577.63099999994345
2577.77999999994343
2579.28099999994327
2579.72299999994322
2584.14199999994273
2584.50999999994269
2584.68499999994267
2587.62899999994235
2587.97699999994231
2589.53899999994214
2593.04499999994175
2593.27999999994172
2593.61399999994169
2594.28699999994161
2595.38099999994149
2595.46199999994148
2608.13599999994009
2839.88799999991456
2840.13499999991454
2840.20799999991453
2909.03599999990695
2909.19699999990693
2909.60999999990688
2909.77299999990687
2909.94099999990685
2910.08699999990683
2910.22099999990682
2912.67399999990655
2912.82899999990653
2912.98199999990651
2913.1299999999065
2913.28299999990648
2913.42599999990646
2913.76999999990643
2913.94099999990641
2914.11199999990639
2914.29199999990637
2914.46899999990635
2914.61999999990633
2914.78899999990631
2914.9309999999063
2915.07999999990628
2915.26199999990626
2915.40999999990625
2915.58499999990623
2915.73499999990621
2915.89399999990619
2916.06599999990617
2916.22099999990616
2916.43099999990613
2916.58499999990612
2916.7759999999061
2916.94199999990608
2917.12399999990606
2917.26399999990604
2917.44799999990602
2917.74699999990599
2921.48099999990558
2921.63499999990556
2921.80599999990554
2924.43599999990525
146
-3
184.991000000000123
185.121000000000123
185.236000000000123
185.355000000000123
185.484000000000123
185.617000000000123
185.756000000000123
185.890000000000123
186.025000000000124
186.166000000000124
186.286000000000124
186.421000000000124
186.560000000000124
186.689000000000124
186.836000000000124
187.878000000000125
188.007000000000125
188.680000000000126
188.801000000000126
188.939000000000126
189.100000000000126
189.245000000000126
189.402000000000127
189.548000000000127
189.691000000000127
189.824000000000127
195.161000000000132
195.273000000000132
195.395000000000132
195.534000000000132
195.669000000000132
195.806000000000132
195.949000000000132
196.087000000000133
196.224000000000133
196.367000000000133
196.502000000000133
196.642000000000133
196.776000000000133
196.915000000000133
197.050000000000133
197.182000000000133
197.337000000000134
197.474000000000134
197.630000000000134
197.748000000000134
198.901000000000135
199.043000000000135
199.359000000000135
199.489000000000136
199.633000000000136
199.796000000000136
199.955000000000136
200.092000000000136
200.243000000000136
200.374000000000136
201.127000000000137
201.268000000000137
201.683000000000137
201.829000000000138
201.972000000000138
202.121000000000138
202.268000000000138
202.436000000000138
202.612000000000138
202.773000000000138
202.949000000000139
203.075000000000139
203.259000000000139
203.386000000000139
204.39100000000014
204.45300000000014
204.53600000000014
204.59700000000014
204.68800000000014
204.84000000000014
204.97100000000014
205.137000000000141
205.296000000000141
205.439000000000141
205.609000000000141
205.767000000000141
205.916000000000141
206.049000000000141
206.114000000000141
206.191000000000141
207.189000000000142
207.329000000000142
207.385000000000143
207.482000000000143
207.608000000000143
207.720000000000143
207.884000000000143
208.027000000000143
208.185000000000143
208.422000000000143
208.548000000000144
208.699000000000144
208.859000000000144
209.075000000000144
209.184000000000144
209.340000000000144
209.494000000000144
209.642000000000145
209.819000000000145
209.969000000000145
210.094000000000145
210.262000000000145
210.434000000000145
214.902000000000149
215.021000000000149
215.158000000000149
215.30200000000015
215.45100000000015
215.63800000000015
215.76500000000015
215.92900000000015
216.10000000000015
216.346000000000151
216.496000000000151
216.639000000000151
216.805000000000151
217.033000000000151
219.605000000000153
219.745000000000154
219.901000000000154
220.041000000000154
220.202000000000154
220.347000000000154
220.486000000000154
220.629000000000154
220.779000000000154
251.236000000000181
251.361000000000182
251.489000000000182
251.633000000000182
251.761000000000182
251.900000000000182
252.039000000000182
252.173000000000182
252.330000000000182
252.482000000000183
252.631000000000183
252.766000000000183
252.899000000000183
254.150000000000184
-4
185.061000000000123
185.176000000000123
185.294000000000123
185.426000000000123
185.556000000000123
185.692000000000123
185.821000000000123
185.954000000000124
186.091000000000124
186.211000000000124
186.342000000000124
186.479000000000124
186.616000000000124
186.748000000000124
186.872000000000124
187.930000000000125
188.060000000000125
188.719000000000126
188.863000000000126
189.015000000000126
189.166000000000126
189.323000000000126
189.473000000000127
189.612000000000127
189.744000000000127
189.865000000000127
195.205000000000132
195.335000000000132
195.469000000000132
195.602000000000132
195.740000000000132
195.880000000000132
196.019000000000132
196.156000000000133
196.296000000000133
196.426000000000133
196.558000000000133
196.709000000000133
196.846000000000133
196.980000000000133
197.109000000000133
197.263000000000134
197.402000000000134
197.554000000000134
197.676000000000134
197.793000000000134
198.960000000000135
199.111000000000135
199.416000000000135
199.549000000000136
199.695000000000136
199.866000000000136
200.015000000000136
200.165000000000136
200.294000000000136
200.409000000000136
201.187000000000137
201.332000000000137
201.745000000000138
201.897000000000138
202.046000000000138
202.193000000000138
202.358000000000138
202.528000000000138
202.698000000000138
202.859000000000139
202.993000000000139
203.162000000000139
203.322000000000139
203.430000000000139
204.43200000000014
204.46600000000014
204.59400000000014
204.61800000000014
204.74700000000014
204.89400000000014
205.05600000000014
205.208000000000141
205.355000000000141
205.528000000000141
205.689000000000141
205.842000000000141
205.977000000000141
206.102000000000141
206.128000000000141
206.234000000000142
207.240000000000142
207.363000000000143
207.415000000000143
207.516000000000143
207.633000000000143
207.792000000000143
207.940000000000143
208.097000000000143
208.255000000000143
208.462000000000144
208.615000000000144
208.768000000000144
208.916000000000144
209.100000000000144
209.259000000000144
209.415000000000144
209.574000000000144
209.730000000000145
209.890000000000145
210.016000000000145
210.181000000000145
210.344000000000145
210.473000000000145
214.957000000000149
215.087000000000149
215.23800000000015
215.38700000000015
215.52900000000015
215.68800000000015
215.84600000000015
216.00600000000015
216.15500000000015
216.396000000000151
216.559000000000151
216.721000000000151
216.875000000000151
217.078000000000151
219.677000000000153
219.824000000000154
219.977000000000154
220.134000000000154
220.276000000000154
220.425000000000154
220.562000000000154
220.703000000000154
220.835000000000154
251.293000000000182
251.432000000000182
251.569000000000182
251.696000000000182
251.835000000000182
251.972000000000182
252.102000000000182
252.254000000000182
252.406000000000183
252.555000000000183
252.694000000000183
252.829000000000183
252.942000000000183
254.206000000000184
0
0
0
0
0
0
0
0
0
0
0
0
0
3600.00099999983085
0
0
0
0
0
0
