8
12
19
8
12
19
IPPneo1.13
sacch2
0
1
12
23
18
13
24
48
22
4
.3
1
1351
1351
1
707
707
1
1
1
1
1
1
1
1
1
1
1
1
1
1
1
1
1
1
1
1
1350
-1
39.4159999999999934
39.6519999999999936
39.7839999999999937
39.9009999999999938
40.2059999999999941
41.250999999999995
41.3789999999999951
41.5069999999999952
41.7909999999999955
41.9049999999999956
42.2089999999999958
42.5669999999999962
42.7169999999999963
42.8409999999999964
42.9949999999999965
43.1619999999999967
43.2599999999999968
43.4079999999999969
43.517999999999997
43.6759999999999971
43.8029999999999973
43.9289999999999974
45.0209999999999983
45.1599999999999985
45.2959999999999986
45.4189999999999987
45.5699999999999988
46.2219999999999994
46.3509999999999995
46.4849999999999996
46.6229999999999998
46.7779999999999999
46.939
47.0740000000000002
47.1980000000000003
48.033000000000001
48.1660000000000011
48.3140000000000013
52.4010000000000049
52.524000000000005
52.6290000000000051
52.7610000000000052
52.9010000000000053
53.0440000000000055
53.1750000000000056
53.3240000000000057
53.4450000000000058
53.588000000000006
53.7160000000000061
54.6520000000000069
54.767000000000007
54.9080000000000071
55.0430000000000072
55.1990000000000074
55.3310000000000075
55.4750000000000076
55.6310000000000078
55.7840000000000079
55.950000000000008
56.0800000000000082
56.2330000000000083
56.3640000000000084
57.8520000000000097
58.0010000000000099
58.10700000000001
58.2650000000000101
58.4120000000000102
58.5720000000000104
58.7190000000000105
58.8760000000000106
59.0260000000000108
59.1930000000000109
59.3450000000000111
59.5000000000000112
59.6410000000000113
126.768000000000071
127.0030000000000712
127.1090000000000712
127.2180000000000714
127.3350000000000714
127.4590000000000716
197.128000000000133
197.448000000000134
197.552000000000134
197.666000000000134
197.790000000000134
197.913000000000134
198.034000000000134
198.161000000000134
198.293000000000134
198.413000000000135
198.560000000000135
198.677000000000135
198.801000000000135
198.947000000000135
199.064000000000135
199.189000000000135
199.666000000000136
199.800000000000136
199.926000000000136
200.057000000000136
200.183000000000136
200.311000000000136
200.455000000000136
200.571000000000136
200.737000000000137
200.879000000000137
201.018000000000137
201.146000000000137
201.272000000000137
201.384000000000137
201.522000000000137
201.677000000000137
201.830000000000138
201.966000000000138
202.086000000000138
202.224000000000138
202.346000000000138
202.499000000000138
202.646000000000138
203.262000000000139
203.384000000000139
203.539000000000139
203.97400000000014
204.12300000000014
204.43200000000014
204.56600000000014
204.71000000000014
204.86000000000014
205.01500000000014
205.178000000000141
205.316000000000141
205.440000000000141
205.878000000000141
206.014000000000141
206.393000000000142
206.530000000000142
206.664000000000142
206.807000000000142
208.989000000000144
209.223000000000144
209.680000000000145
210.048000000000145
212.346000000000147
212.494000000000147
212.718000000000147
213.655000000000148
284.757000000000211
284.899000000000211
285.252000000000212
397.245000000000311
397.621000000000312
397.743000000000312
398.736000000000312
399.284000000000313
399.885000000000314
400.024000000000314
401.473000000000315
401.648000000000315
401.776000000000315
401.920000000000315
402.053000000000315
402.191000000000316
402.355000000000316
402.524000000000316
402.696000000000316
402.864000000000316
402.981000000000316
403.141000000000316
403.291000000000317
403.460000000000317
403.605000000000317
403.770000000000317
403.931000000000317
404.089000000000317
404.220000000000317
404.503000000000318
404.643000000000318
404.806000000000318
404.965000000000318
405.122000000000318
405.293000000000318
405.470000000000318
405.655000000000319
405.860000000000319
406.036000000000319
406.206000000000319
406.357000000000319
406.86400000000032
407.01500000000032
407.17100000000032
407.34000000000032
407.51300000000032
407.60700000000032
407.69500000000032
407.867000000000321
408.030000000000321
408.212000000000321
408.383000000000321
408.544000000000321
408.721000000000321
408.889000000000322
409.590000000000322
409.732000000000322
409.873000000000322
409.991000000000322
410.124000000000323
410.284000000000323
410.458000000000323
410.628000000000323
410.781000000000323
410.963000000000323
411.126000000000323
411.300000000000324
411.473000000000324
411.646000000000324
411.827000000000324
412.008000000000324
412.152000000000324
412.321000000000325
412.487000000000325
412.656000000000325
412.840000000000325
413.028000000000325
413.194000000000325
413.370000000000326
414.474000000000326
414.606000000000327
414.765000000000327
414.944000000000327
415.158000000000327
415.335000000000327
415.511000000000327
415.695000000000328
415.874000000000328
416.069000000000328
416.247000000000328
416.424000000000328
416.596000000000328
416.757000000000328
417.288000000000329
417.438000000000329
417.619000000000329
417.719000000000329
417.845000000000329
418.03500000000033
418.21400000000033
418.39400000000033
418.57700000000033
418.76300000000033
418.94900000000033
419.684000000000331
419.935000000000331
420.045000000000331
420.204000000000332
420.365000000000332
420.535000000000332
420.715000000000332
420.888000000000332
421.072000000000332
421.305000000000333
421.489000000000333
428.048000000000338
428.166000000000339
428.332000000000339
428.471000000000339
428.615000000000339
428.788000000000339
429.010000000000339
429.38800000000034
429.51600000000034
429.64200000000034
429.79000000000034
430.08900000000034
431.361000000000341
431.716000000000342
432.013000000000342
432.495000000000342
432.699000000000343
432.912000000000343
435.868000000000345
435.997000000000346
436.114000000000346
436.255000000000346
436.406000000000346
436.701000000000346
436.906000000000346
437.219000000000347
437.405000000000347
437.725000000000347
438.067000000000347
439.370000000000349
439.787000000000349
439.821000000000349
441.20000000000035
441.35600000000035
441.658000000000351
441.916000000000351
442.026000000000351
442.133000000000351
442.271000000000351
442.538000000000351
442.666000000000352
442.803000000000352
442.860000000000352
442.936000000000352
442.998000000000352
443.239000000000352
443.367000000000352
443.472000000000352
443.497000000000352
443.558000000000352
443.592000000000352
443.671000000000352
443.815000000000353
444.249000000000353
446.734000000000355
447.047000000000355
447.119000000000355
447.214000000000356
447.469000000000356
447.596000000000356
447.688000000000356
447.825000000000356
549.316000000000446
549.921000000000447
550.168000000000447
550.305000000000447
550.532000000000447
550.654000000000447
552.188000000000449
624.859000000000513
675.573000000000558
675.705000000000558
676.025000000000559
676.467000000000559
676.608000000000559
676.758000000000559
676.91300000000056
677.07200000000056
677.22400000000056
677.37800000000056
677.54500000000056
677.91000000000056
678.051000000000561
678.212000000000561
678.384000000000561
678.561000000000561
678.736000000000561
678.908000000000561
679.080000000000562
679.407000000000562
679.545000000000562
679.708000000000562
679.896000000000562
680.147000000000562
680.237000000000562
680.664000000000563
681.648000000000564
681.855000000000564
682.099000000000564
682.241000000000564
682.387000000000564
682.527000000000565
682.690000000000565
682.870000000000565
683.036000000000565
683.207000000000565
683.383000000000565
683.566000000000565
683.749000000000566
683.944000000000566
684.782000000000566
685.124000000000567
685.236000000000567
685.492000000000567
685.680000000000567
685.774000000000567
685.852000000000568
685.992000000000568
686.359000000000568
687.063000000000569
687.203000000000569
687.513000000000569
687.663000000000569
687.822000000000569
687.976000000000569
688.14100000000057
688.31100000000057
688.50000000000057
688.69600000000057
729.430000000000606
729.659000000000606
729.791000000000606
729.967000000000607
730.125000000000607
730.253000000000607
730.421000000000607
730.589000000000607
730.891000000000608
730.982000000000608
731.261000000000608
731.498000000000608
731.596000000000608
731.770000000000608
731.909000000000608
732.062000000000608
732.238000000000609
732.692000000000609
732.773000000000609
733.041000000000609
733.41300000000061
749.706000000000624
750.052000000000624
750.135000000000625
750.381000000000625
750.516000000000625
750.663000000000625
750.803000000000625
750.954000000000625
751.118000000000625
751.285000000000626
751.467000000000626
751.649000000000626
751.829000000000626
752.042000000000626
752.220000000000626
788.180000000000658
788.865000000000659
789.090000000000659
789.246000000000659
789.343000000000659
789.434000000000659
789.73700000000066
789.95100000000066
790.21800000000066
791.003000000000661
791.114000000000661
791.724000000000662
791.860000000000662
809.688000000000678
809.934000000000678
810.402000000000678
810.436000000000678
825.605000000000692
1210.60000000000103
1210.72000000000103
1210.85600000000103
1211.06400000000103
1211.21700000000103
1211.36600000000103
1211.53000000000103
1211.69600000000103
1211.86300000000103
1212.70800000000104
1213.65400000000104
1213.76900000000104
1213.87600000000104
1214.02500000000104
1214.10100000000104
1214.27300000000104
1226.40200000000105
1233.53600000000105
1233.66000000000105
1233.79800000000105
1233.94700000000105
1234.02700000000105
1234.10000000000105
1234.25800000000105
1234.40900000000105
1234.58400000000105
1351.05200000000116
1351.19300000000116
1351.29800000000116
1351.44700000000116
1351.57700000000116
1351.67100000000116
1351.84200000000116
1352.24800000000116
1352.84300000000116
1353.72800000000116
1353.81000000000116
1354.04900000000116
1354.18100000000116
1354.34300000000116
1354.50200000000116
1354.66200000000116
1354.80300000000116
1354.93500000000116
1355.23500000000116
1355.37300000000116
1355.50800000000116
1355.64600000000116
1355.78300000000116
1355.92000000000116
1356.05000000000116
1356.21800000000116
1356.37700000000116
1356.51800000000116
1356.67300000000116
1356.93800000000116
1357.06800000000116
1357.19100000000116
1357.34100000000116
1357.41200000000116
1357.49600000000116
1357.63400000000116
1357.79000000000116
1357.90200000000116
1358.05500000000116
1358.20700000000116
1358.38800000000116
1358.56600000000116
1358.75000000000117
1359.65100000000117
1359.77500000000117
1359.91300000000117
1360.03900000000117
1360.18700000000117
1360.32100000000117
1360.44200000000117
1360.52000000000117
1360.59500000000117
1361.18000000000117
1361.31500000000117
1361.47700000000117
1361.54600000000117
1361.62500000000117
1361.68500000000117
1361.76200000000117
1361.91400000000117
1362.05100000000117
1362.19600000000117
1362.34500000000117
1362.39800000000117
1362.48200000000117
1362.62300000000117
1362.77900000000117
1362.85300000000117
1362.94700000000117
1363.09900000000117
1363.18100000000117
1363.28200000000117
1363.38800000000117
1363.45200000000117
1363.58900000000117
1363.96000000000117
1364.11500000000117
1364.27200000000117
1364.42100000000117
1365.05900000000117
1365.20000000000117
1365.34900000000117
1365.50700000000117
1365.58300000000117
1365.66000000000117
1365.84500000000117
1365.93900000000117
1366.03600000000117
1366.13000000000117
1366.21700000000117
1366.39900000000117
1367.11600000000117
1367.25000000000117
1367.38400000000117
1367.47700000000117
1367.57400000000117
1368.17600000000117
1368.38700000000117
1368.50700000000117
1368.59500000000117
1368.67300000000117
1368.74000000000117
1368.83700000000117
1368.92600000000117
1368.99500000000117
1369.10000000000117
1369.15900000000117
1369.39700000000117
1369.78100000000117
1370.02500000000118
1370.15000000000118
1370.30500000000118
1370.38400000000118
1370.45700000000118
1370.60700000000118
1370.76400000000118
1370.92100000000118
1371.37100000000118
1371.52600000000118
1371.69900000000118
1371.87900000000118
1372.37900000000118
1372.54900000000118
1373.35800000000118
1373.48900000000118
1373.62700000000118
1373.79100000000118
1373.96200000000118
1374.06900000000118
1374.14500000000118
1374.22600000000118
1374.30700000000118
1374.45700000000118
1374.61500000000118
1374.80100000000118
1375.48300000000118
1375.61800000000118
1375.72100000000118
1375.93900000000118
1376.07300000000118
1376.24700000000118
1376.40000000000118
1376.56300000000118
1376.73500000000118
1376.90600000000118
1377.08800000000118
1378.01000000000118
1378.85200000000118
1379.02800000000118
1379.16800000000118
1379.36800000000118
1379.51900000000118
1379.67900000000118
1379.85400000000118
1380.02500000000118
1380.17800000000118
1380.35300000000118
1382.31100000000119
1382.40800000000119
1382.54000000000119
1382.66900000000119
1382.81300000000119
1383.27900000000119
1383.58900000000119
1383.70100000000119
1383.87300000000119
1384.01500000000119
1384.16300000000119
1384.39900000000119
1384.75900000000119
1384.90700000000119
1385.04600000000119
1385.20800000000119
1385.37700000000119
1385.50900000000119
1386.23900000000119
1386.41000000000119
1387.18800000000119
1387.78200000000119
1387.96300000000119
1388.10800000000119
1388.19500000000119
1388.32200000000119
1388.49200000000119
1388.62400000000119
1388.77000000000119
1388.92600000000119
1389.09400000000119
1389.26400000000119
1389.44000000000119
1389.63100000000119
1405.16300000000121
1405.26100000000121
1405.37400000000121
1405.57300000000121
1405.69900000000121
1405.84200000000121
1406.29300000000121
1406.46300000000121
1406.64800000000121
1406.78100000000121
1406.93500000000121
1407.08000000000121
1407.56400000000121
1407.69100000000121
1407.84700000000121
1407.99700000000121
1408.14400000000121
1408.31100000000121
1408.51400000000121
1408.66400000000121
1408.97700000000121
1409.07500000000121
1409.22300000000121
1409.42300000000121
1409.82500000000121
1409.88600000000121
1409.93100000000121
1410.06300000000121
1410.40000000000121
1412.18400000000121
1412.24100000000121
1412.78800000000121
1412.92300000000121
1413.10600000000121
1413.21900000000121
1413.23700000000121
1413.45700000000121
1413.87500000000121
1414.11700000000121
1414.23500000000121
1414.33000000000121
1414.60000000000121
1414.91400000000122
1415.02500000000122
1415.57600000000122
1415.86400000000122
1416.28800000000122
1416.43800000000122
1416.80300000000122
1417.42600000000122
1418.48600000000122
1418.63500000000122
1418.75400000000122
1418.98100000000122
1419.06900000000122
1419.19100000000122
1419.36900000000122
1419.50200000000122
1419.63800000000122
1419.79200000000122
1420.05000000000122
1420.20700000000122
1564.96300000000135
1565.08800000000135
1565.20300000000135
1565.33100000000135
1566.96100000000135
1567.06700000000135
1567.28600000000135
1567.40500000000135
1567.53400000000135
1580.31200000000136
1581.11700000000136
1581.45000000000136
1581.91200000000136
1582.02500000000136
1582.06900000000136
1582.12500000000136
1653.58900000000143
1654.21900000000143
1654.33100000000143
1654.45300000000143
1654.58400000000143
1654.93700000000143
1655.04700000000143
1655.36600000000143
1655.57500000000143
1655.71000000000143
1655.82000000000143
1655.94800000000143
1656.07000000000143
1656.18700000000143
1656.28700000000143
1656.36000000000143
1656.60600000000143
1656.75300000000143
1657.05300000000143
1657.15100000000143
1657.29000000000143
1657.43200000000143
1657.56800000000143
1657.67800000000143
1657.83700000000143
1658.03200000000143
1658.14400000000143
1658.29600000000143
1658.44300000000143
1658.58300000000143
1659.13900000000143
1659.25400000000143
1659.38900000000143
1659.53700000000143
1659.67900000000143
1659.81100000000143
1659.93400000000143
1660.08600000000143
1660.23700000000143
1660.36400000000143
1660.51600000000143
1660.67100000000143
1660.82400000000143
1660.98200000000143
1661.06800000000143
1661.14800000000143
1661.30700000000143
1661.40600000000143
1661.46800000000143
1661.56700000000143
1661.63700000000143
1661.81500000000143
1661.98100000000143
1662.16300000000143
1662.31300000000143
1662.45900000000143
1662.52500000000143
1662.60400000000144
1663.31200000000144
1663.44100000000144
1663.60500000000144
1663.77300000000144
1663.94500000000144
1664.10900000000144
1664.58400000000144
1664.72500000000144
1664.84000000000144
1664.92100000000144
1664.98400000000144
1665.08900000000144
1665.23900000000144
1665.69900000000144
1665.93700000000144
1666.04300000000144
1666.17400000000144
1666.33200000000144
1666.48500000000144
1666.64700000000144
1666.80800000000144
1666.98000000000144
1667.16600000000144
1667.61900000000144
1667.71600000000144
1667.95400000000144
1668.02200000000144
1668.08600000000144
1668.25700000000144
1668.66600000000144
1668.76500000000144
1668.91100000000144
1669.01300000000144
1669.15400000000144
1669.31600000000144
1669.83700000000144
1669.95700000000144
1670.19900000000144
1670.42000000000144
1670.44500000000144
1670.55400000000144
1670.69300000000144
1670.85700000000144
1671.02200000000144
1671.18600000000144
1671.57900000000144
1672.03700000000144
1672.15100000000144
1672.25700000000144
1672.50200000000144
1672.63900000000144
1672.80500000000144
1672.99000000000144
1674.41700000000145
1674.58800000000145
1675.04200000000145
1675.19200000000145
1675.38500000000145
1675.50000000000145
1675.61100000000145
1675.76300000000145
1675.90100000000145
1676.07000000000145
1676.31700000000145
1676.42900000000145
1676.56400000000145
1676.81600000000145
1677.18300000000145
1677.28600000000145
1677.55300000000145
1678.03600000000145
1678.16700000000145
1678.40800000000145
1678.46300000000145
1678.49700000000145
1678.61400000000145
1678.72900000000145
1678.93600000000145
1679.11500000000145
1679.25900000000145
1679.90100000000145
1680.05500000000145
1680.21700000000145
1680.39400000000145
1680.56600000000145
1680.74000000000145
1680.84900000000145
1680.97800000000145
1687.83300000000146
1688.07700000000146
1688.19200000000146
1688.48900000000146
1688.63900000000146
1688.79400000000146
1688.92300000000146
1689.06000000000146
1691.01800000000146
1691.29000000000146
1691.39300000000146
1691.50900000000146
1691.73000000000146
1691.85500000000146
1691.98500000000146
1692.13700000000146
1692.29300000000146
1692.43400000000146
1692.59700000000146
1821.43500000000158
1821.56300000000158
1821.71700000000158
1821.84700000000158
1821.98900000000158
1822.13200000000158
1822.27100000000158
1822.42500000000158
1822.57800000000158
1822.70400000000158
1822.82100000000158
1822.97800000000158
1823.15900000000158
1823.33000000000158
1823.87800000000158
1824.07000000000158
1824.19100000000158
1824.34500000000158
1824.48900000000158
1824.63600000000158
1824.81100000000158
1824.97700000000158
1825.15000000000158
1825.31700000000158
1825.47700000000158
1825.65400000000158
1826.09900000000158
1826.20000000000158
1826.28500000000158
1826.43000000000158
1826.54500000000158
1826.67400000000158
1826.84100000000158
1827.49500000000158
1827.86500000000158
1828.00900000000158
1828.08400000000158
1828.18100000000158
1828.24800000000158
1828.27100000000158
1828.33100000000158
1829.90200000000158
1829.99400000000158
1830.10200000000158
1830.51900000000158
1830.64000000000158
1830.71700000000158
1830.95500000000158
1831.08300000000158
1831.68700000000159
1831.81700000000159
1831.92900000000159
1832.03300000000159
1832.17500000000159
1832.30100000000159
1832.44200000000159
1832.60400000000159
1832.92900000000159
1833.27500000000159
1833.39400000000159
1833.70100000000159
1833.81600000000159
1833.87400000000159
1852.7350000000016
1853.0750000000016
1853.1930000000016
1853.2900000000016
1853.4110000000016
1853.5440000000016
1853.6950000000016
1853.8650000000016
1854.49200000000161
1854.69600000000161
1854.90200000000161
1855.02500000000161
1855.16800000000161
1855.33000000000161
1856.24000000000161
1856.33700000000161
1856.45300000000161
1856.58800000000161
1856.71100000000161
1856.85000000000161
1857.01400000000161
1857.17800000000161
1857.33700000000161
1858.50600000000161
1858.61100000000161
1858.74100000000161
1858.87100000000161
1858.99700000000161
1859.14500000000161
1859.30900000000161
1859.47000000000161
1872.84100000000162
1872.94600000000162
1873.23600000000162
1873.35800000000162
1873.49000000000162
1873.62900000000162
1873.77700000000162
1873.93700000000162
1874.09700000000162
1874.26500000000162
1874.43000000000162
1874.57900000000162
1875.04100000000162
1875.16600000000162
1875.23800000000162
1875.32700000000162
1875.46900000000162
1875.63500000000162
1875.79600000000162
1875.92400000000162
1876.07900000000162
1876.25900000000162
1876.43400000000162
1876.62000000000162
1876.96100000000163
1877.21200000000163
1877.32200000000163
1877.47100000000163
1877.60700000000163
1877.71900000000163
1878.52300000000163
1878.64600000000163
1878.78700000000163
1878.91800000000163
1880.17600000000163
1880.29200000000163
1880.42600000000163
1880.57000000000163
1880.93200000000163
1881.07900000000163
1881.23200000000163
1881.38500000000163
1881.52400000000163
1881.68400000000163
1881.84600000000163
1882.00200000000163
1882.70300000000163
1882.86300000000163
1882.96000000000163
1883.09100000000163
1883.44800000000163
1883.60400000000163
1883.72300000000163
1883.85100000000163
1883.97700000000163
1884.09600000000163
1884.20900000000163
1885.45500000000163
1885.57700000000163
1885.69300000000163
1885.83700000000163
1886.68900000000163
1886.84300000000163
1886.97800000000163
1887.10700000000163
1887.74700000000164
1887.87200000000164
1888.05200000000164
1889.03200000000164
1889.15300000000164
1889.28500000000164
1889.42100000000164
1889.55600000000164
1889.68500000000164
1889.81100000000164
1889.96700000000164
1890.07900000000164
1890.21500000000164
1890.33300000000164
1890.47200000000164
1890.59600000000164
1890.85900000000164
1891.00300000000164
1891.14200000000164
1891.27700000000164
1891.43600000000164
1891.56600000000164
1891.71800000000164
1891.85500000000164
1892.01800000000164
1892.14200000000164
1893.02000000000164
1893.12300000000164
1893.25700000000164
1893.40800000000164
1893.53100000000164
1895.13900000000164
1895.27900000000164
1895.38800000000164
1895.54500000000164
1895.70100000000164
1895.84500000000164
1895.95100000000164
1896.09300000000164
1896.22700000000164
1896.34600000000164
1896.46100000000164
1896.60700000000164
1896.73600000000164
1896.88200000000164
1897.02600000000164
1897.15200000000164
1897.27300000000164
1897.40900000000164
1897.56900000000164
1897.69600000000164
1897.85000000000164
1909.09100000000165
1909.21900000000165
1909.35500000000165
1909.49300000000165
1909.62100000000165
1909.76800000000165
1910.87500000000166
1911.00100000000166
1911.13500000000166
1911.27200000000166
1911.40800000000166
1911.94600000000166
1912.08100000000166
1912.22500000000166
1912.36300000000166
1912.51400000000166
1912.65700000000166
1912.76700000000166
1912.92300000000166
1913.06900000000166
1913.21100000000166
1913.35800000000166
1913.49100000000166
1915.17000000000166
1915.30400000000166
1915.43900000000166
1915.57600000000166
1915.74200000000166
1915.89300000000166
1916.02800000000166
1916.17900000000166
1916.32400000000166
1916.44400000000166
1916.60000000000166
1916.74500000000166
1916.87100000000166
1917.01300000000166
1917.17000000000166
1917.32600000000166
1917.46900000000166
1917.64400000000166
1917.78600000000166
1917.94300000000166
1918.70800000000166
1918.83600000000166
1918.98000000000166
1919.13600000000166
1919.28600000000166
1919.47900000000166
1919.60000000000166
1919.75600000000166
1919.90700000000166
1920.09000000000166
1920.25200000000166
1920.42100000000166
1920.86600000000166
1921.00200000000166
1921.15700000000166
1921.31800000000166
1921.49300000000166
1923.00700000000167
1923.13600000000167
1923.27900000000167
1923.43600000000167
1923.59200000000167
1925.28400000000167
1925.41000000000167
1925.56200000000167
1925.71100000000167
1926.22200000000167
1926.39200000000167
1926.55900000000167
1926.72700000000167
1927.19900000000167
1927.52800000000167
1927.64500000000167
1927.79100000000167
1927.95200000000167
1928.99200000000167
1929.11000000000167
1929.24400000000167
1929.39100000000167
1930.63200000000167
1930.83900000000167
1930.97400000000167
1931.13100000000167
1931.28700000000167
1931.44600000000167
1931.62000000000167
1931.79900000000167
1936.62700000000168
1936.73900000000168
1936.87500000000168
1937.32100000000168
1937.42900000000168
1937.55200000000168
1937.68600000000168
1938.53500000000168
1938.64700000000168
1938.75500000000168
1938.88000000000168
1938.99700000000168
1939.11600000000168
1939.80300000000168
1939.96100000000168
1940.09500000000168
1940.35700000000168
1940.47400000000168
1940.67400000000168
1940.84100000000168
1940.99700000000168
1945.86700000000169
1946.30100000000169
1946.56100000000169
1946.70700000000169
1946.82400000000169
1947.41300000000169
1947.57000000000169
1947.87100000000169
1948.04900000000169
1948.37100000000169
1948.64600000000169
1948.94900000000169
1955.5040000000017
1955.6020000000017
1955.7460000000017
1955.8590000000017
1956.1970000000017
1956.3480000000017
1956.5040000000017
1956.6690000000017
1956.8370000000017
1957.0230000000017
1959.1020000000017
1959.2220000000017
1959.3430000000017
1959.4420000000017
1959.6020000000017
1959.7200000000017
1959.8550000000017
1960.0050000000017
1960.6180000000017
1960.9200000000017
1961.0450000000017
1977.82000000000172
1977.94300000000172
1978.07100000000172
1978.21800000000172
1978.36800000000172
1978.52800000000172
1978.69300000000172
1978.87400000000172
1979.05300000000172
1979.21400000000172
1979.58000000000172
1979.65400000000172
1979.79600000000172
1979.93700000000172
1980.09400000000172
1980.24100000000172
1980.52100000000172
1981.63500000000172
1981.78600000000172
1982.76200000000172
1982.89700000000172
1983.03200000000172
1983.19300000000172
1983.30000000000172
1983.42700000000172
1983.58600000000172
1983.71500000000172
1983.84700000000172
1984.00800000000172
1984.16900000000172
2367.87599999996655
2368.07299999996653
2368.19999999996651
2368.3469999999665
2368.51199999996648
2369.07099999996642
2369.2109999999664
2369.76899999996634
2395.5059999999635
2395.67299999996349
2396.4769999999634
2396.78599999996336
2396.89199999996335
2397.02999999996334
2397.3649999999633
2397.54499999996328
2397.68899999996326
2397.73399999996326
2400.59099999996294
2402.71699999996271
2402.8539999999627
2429.34699999995978
2429.42199999995977
2430.0929999999597
2430.61199999995964
2447.02099999995783
2447.18799999995781
2447.3279999999578
2447.47199999995778
2447.63099999995776
2447.79699999995775
2447.96399999995773
2448.14599999995771
2448.33699999995769
2448.37399999995768
2448.91499999995762
2449.04799999995761
2449.21299999995759
2449.38799999995757
2449.55099999995755
2449.73299999995753
2450.46199999995745
2450.60099999995744
2450.78499999995742
2467.2509999999556
2467.56799999995557
2467.98799999995552
2468.1469999999555
2468.28499999995549
2468.44299999995547
2593.32699999994172
2593.4559999999417
2593.60799999994169
2593.76299999994167
2593.93899999994165
2594.11599999994163
2596.04399999994142
3298.92699999986401
3299.05499999986399
3299.19099999986398
-2
39.4479999999999934
39.6919999999999936
39.8269999999999937
39.9669999999999938
40.2449999999999941
41.301999999999995
41.4249999999999951
41.5579999999999953
41.8249999999999955
41.9579999999999956
42.2529999999999959
42.6379999999999962
42.7619999999999963
42.9089999999999965
43.0169999999999966
43.1889999999999967
43.3239999999999968
43.4449999999999969
43.5969999999999971
43.7149999999999972
43.8589999999999973
44.0039999999999974
45.0829999999999984
45.2159999999999985
45.3399999999999986
45.4899999999999988
45.6099999999999989
46.2649999999999994
46.4049999999999996
46.5379999999999997
46.6909999999999998
46.84
46.9930000000000001
47.1110000000000002
47.2370000000000003
48.0960000000000011
48.2360000000000012
48.3800000000000013
52.4610000000000049
52.568000000000005
52.6930000000000052
52.8360000000000053
52.9750000000000054
53.1060000000000055
53.2510000000000056
53.3800000000000058
53.5270000000000059
53.648000000000006
53.7770000000000061
54.6990000000000069
54.8400000000000071
54.9700000000000072
55.1150000000000073
55.2550000000000074
55.3980000000000076
55.5470000000000077
55.7030000000000078
55.847000000000008
55.9970000000000081
56.1540000000000082
56.2840000000000083
56.4260000000000085
57.9100000000000098
58.0390000000000099
58.19200000000001
58.3440000000000102
58.4990000000000103
58.6480000000000104
58.8040000000000106
58.9530000000000107
59.1120000000000109
59.267000000000011
59.4230000000000111
59.5640000000000113
59.7200000000000114
126.783000000000071
127.0460000000000712
127.1520000000000713
127.2650000000000714
127.3910000000000715
127.5200000000000716
197.166000000000133
197.492000000000134
197.600000000000134
197.723000000000134
197.850000000000134
197.972000000000134
198.097000000000134
198.226000000000134
198.347000000000135
198.494000000000135
198.609000000000135
198.731000000000135
198.877000000000135
198.991000000000135
199.125000000000135
199.252000000000135
199.733000000000136
199.854000000000136
199.985000000000136
200.116000000000136
200.243000000000136
200.385000000000136
200.499000000000136
200.645000000000137
200.809000000000137
200.943000000000137
201.069000000000137
201.208000000000137
201.309000000000137
201.439000000000137
201.603000000000137
201.755000000000138
201.887000000000138
202.008000000000138
202.134000000000138
202.264000000000138
202.423000000000138
202.569000000000138
202.678000000000138
203.305000000000139
203.437000000000139
203.569000000000139
204.01100000000014
204.14300000000014
204.49100000000014
204.63600000000014
204.78800000000014
204.94200000000014
205.094000000000141
205.219000000000141
205.336000000000141
205.479000000000141
205.926000000000141
206.062000000000141
206.433000000000142
206.581000000000142
206.722000000000142
206.841000000000142
209.018000000000144
209.254000000000144
209.714000000000145
210.082000000000145
212.383000000000147
212.523000000000147
212.780000000000147
213.714000000000148
284.795000000000211
284.950000000000211
285.281000000000212
397.289000000000311
397.650000000000312
397.771000000000312
398.766000000000312
399.323000000000313
399.914000000000314
400.078000000000314
401.527000000000315
401.688000000000315
401.847000000000315
401.976000000000315
402.125000000000315
402.276000000000316
402.447000000000316
402.618000000000316
402.779000000000316
402.905000000000316
403.092000000000316
403.211000000000316
403.380000000000317
403.521000000000317
403.688000000000317
403.853000000000317
404.004000000000317
404.133000000000317
404.249000000000317
404.578000000000318
404.725000000000318
404.882000000000318
405.044000000000318
405.217000000000318
405.383000000000318
405.599000000000319
405.790000000000319
405.976000000000319
406.121000000000319
406.268000000000319
406.382000000000319
406.94400000000032
407.09300000000032
407.25600000000032
407.42600000000032
407.60600000000032
407.63000000000032
407.799000000000321
407.980000000000321
408.131000000000321
408.292000000000321
408.471000000000321
408.637000000000321
408.806000000000321
408.954000000000322
409.663000000000322
409.781000000000322
409.892000000000322
410.049000000000323
410.223000000000323
410.374000000000323
410.539000000000323
410.716000000000323
410.886000000000323
411.065000000000323
411.238000000000324
411.404000000000324
411.568000000000324
411.773000000000324
411.974000000000324
412.049000000000324
412.246000000000324
412.402000000000325
412.583000000000325
412.764000000000325
412.937000000000325
413.084000000000325
413.305000000000325
413.465000000000326
414.551000000000327
414.691000000000327
414.885000000000327
415.100000000000327
415.277000000000327
415.462000000000327
415.653000000000328
415.832000000000328
415.967000000000328
416.151000000000328
416.327000000000328
416.498000000000328
416.654000000000328
416.795000000000329
417.363000000000329
417.527000000000329
417.711000000000329
417.742000000000329
417.92600000000033
418.13900000000033
418.31100000000033
418.48600000000033
418.70700000000033
418.86100000000033
419.034000000000331
419.729000000000331
419.957000000000331
420.138000000000332
420.300000000000332
420.465000000000332
420.631000000000332
420.844000000000332
421.009000000000332
421.148000000000332
421.423000000000333
421.585000000000333
428.095000000000339
428.231000000000339
428.404000000000339
428.545000000000339
428.729000000000339
428.878000000000339
429.072000000000339
429.45400000000034
429.56700000000034
429.71600000000034
429.83400000000034
430.12800000000034
431.533000000000342
431.740000000000342
432.072000000000342
432.532000000000342
432.726000000000343
432.961000000000343
435.887000000000346
436.047000000000346
436.162000000000346
436.310000000000346
436.467000000000346
436.797000000000346
437.039000000000347
437.345000000000347
437.442000000000347
437.784000000000347
438.073000000000347
439.435000000000349
439.812000000000349
440.063000000000349
441.25100000000035
441.41900000000035
441.697000000000351
441.940000000000351
442.052000000000351
442.178000000000351
442.305000000000351
442.572000000000351
442.706000000000352
442.845000000000352
442.872000000000352
442.974000000000352
443.011000000000352
443.265000000000352
443.415000000000352
443.485000000000352
443.506000000000352
443.579000000000352
443.602000000000352
443.771000000000352
443.893000000000353
444.346000000000353
446.771000000000355
447.100000000000355
447.130000000000355
447.241000000000356
447.504000000000356
447.642000000000356
447.716000000000356
447.911000000000356
549.367000000000446
549.976000000000447
550.224000000000447
550.344000000000447
550.599000000000447
550.705000000000447
552.261000000000449
624.879000000000513
675.621000000000558
675.765000000000558
676.080000000000559
676.539000000000559
676.690000000000559
676.85300000000056
676.99500000000056
677.17300000000056
677.31900000000056
677.49500000000056
677.57700000000056
677.99600000000056
678.149000000000561
678.324000000000561
678.505000000000561
678.660000000000561
678.818000000000561
679.005000000000561
679.174000000000562
679.463000000000562
679.598000000000562
679.805000000000562
679.947000000000562
680.170000000000562
680.273000000000562
680.710000000000563
681.726000000000564
681.897000000000564
682.163000000000564
682.285000000000564
682.445000000000564
682.595000000000565
682.767000000000565
682.945000000000565
683.152000000000565
683.313000000000565
683.478000000000565
683.691000000000566
683.864000000000566
684.011000000000566
684.824000000000567
685.146000000000567
685.287000000000567
685.549000000000567
685.747000000000567
685.788000000000567
685.917000000000568
686.040000000000568
686.414000000000568
687.161000000000569
687.252000000000569
687.578000000000569
687.738000000000569
687.908000000000569
688.060000000000569
688.23000000000057
688.43800000000057
688.62300000000057
688.71500000000057
729.472000000000606
729.715000000000606
729.862000000000607
730.016000000000607
730.169000000000607
730.332000000000607
730.521000000000607
730.667000000000607
730.910000000000608
731.067000000000608
731.316000000000608
731.543000000000608
731.641000000000608
731.844000000000608
731.976000000000608
732.129000000000609
732.321000000000609
732.728000000000609
732.867000000000609
733.106000000000609
733.51500000000061
749.748000000000624
750.087000000000624
750.174000000000625
750.431000000000625
750.578000000000625
750.738000000000625
750.910000000000625
751.072000000000625
751.273000000000626
751.438000000000626
751.615000000000626
751.749000000000626
751.917000000000626
752.126000000000626
752.305000000000626
788.238000000000658
788.914000000000659
789.130000000000659
789.329000000000659
789.352000000000659
789.44100000000066
789.79600000000066
790.04000000000066
790.29700000000066
791.015000000000661
791.176000000000661
791.789000000000662
791.915000000000662
809.726000000000678
809.980000000000678
810.427000000000678
810.449000000000678
825.675000000000692
1210.64800000000103
1210.77800000000103
1210.92100000000103
1211.13600000000103
1211.30500000000103
1211.45600000000103
1211.61500000000103
1211.79100000000103
1211.95000000000103
1212.73100000000104
1213.69200000000104
1213.79700000000104
1213.91200000000104
1214.03500000000104
1214.14700000000104
1214.31000000000104
1226.43700000000105
1233.59300000000105
1233.73400000000105
1233.87100000000105
1234.01900000000105
1234.04200000000105
1234.17900000000105
1234.32400000000105
1234.47100000000105
1234.67600000000105
1351.09500000000116
1351.22700000000116
1351.35600000000116
1351.47600000000116
1351.59200000000116
1351.72100000000116
1351.84900000000116
1352.29800000000116
1352.85800000000116
1353.77200000000116
1353.84800000000116
1354.09900000000116
1354.25800000000116
1354.41800000000116
1354.55800000000116
1354.72100000000116
1354.85100000000116
1354.99400000000116
1355.28300000000116
1355.42300000000116
1355.56800000000116
1355.69700000000116
1355.83300000000116
1355.97200000000116
1356.16000000000116
1356.29500000000116
1356.43900000000116
1356.59800000000116
1356.71600000000116
1356.99000000000116
1357.10300000000116
1357.23900000000116
1357.38800000000116
1357.42900000000116
1357.55500000000116
1357.72100000000116
1357.82100000000116
1357.96800000000116
1358.11600000000116
1358.29300000000116
1358.50400000000116
1358.66200000000116
1358.83800000000117
1359.69600000000117
1359.82400000000117
1359.94800000000117
1360.09000000000117
1360.23800000000117
1360.35700000000117
1360.49200000000117
1360.53500000000117
1360.64500000000117
1361.21700000000117
1361.35200000000117
1361.51500000000117
1361.57800000000117
1361.67900000000117
1361.70800000000117
1361.84100000000117
1361.96200000000117
1362.12100000000117
1362.26200000000117
1362.38900000000117
1362.41000000000117
1362.53600000000117
1362.69400000000117
1362.84700000000117
1362.87700000000117
1363.01100000000117
1363.16600000000117
1363.19400000000117
1363.34100000000117
1363.39700000000117
1363.50900000000117
1363.65100000000117
1364.02800000000117
1364.19700000000117
1364.33100000000117
1364.47500000000117
1365.11900000000117
1365.26200000000117
1365.42500000000117
1365.57100000000117
1365.59400000000117
1365.73900000000117
1365.92900000000117
1365.99000000000117
1366.12800000000117
1366.14400000000117
1366.31200000000117
1366.48100000000117
1367.13200000000117
1367.30300000000117
1367.43600000000117
1367.50800000000117
1367.65500000000117
1368.19200000000117
1368.41200000000117
1368.53000000000117
1368.65500000000117
1368.68600000000117
1368.80700000000117
1368.85400000000117
1368.98200000000117
1369.04300000000117
1369.13300000000117
1369.18400000000117
1369.42900000000117
1369.81700000000117
1370.08000000000118
1370.20900000000118
1370.38000000000118
1370.39600000000118
1370.53400000000118
1370.68100000000118
1370.84700000000118
1371.01300000000118
1371.46100000000118
1371.62000000000118
1371.78800000000118
1371.96600000000118
1372.44300000000118
1372.61300000000118
1373.40800000000118
1373.55100000000118
1373.71300000000118
1373.86600000000118
1374.04300000000118
1374.07900000000118
1374.22100000000118
1374.24100000000118
1374.38000000000118
1374.53500000000118
1374.70900000000118
1374.86600000000118
1375.51200000000118
1375.65400000000118
1375.75200000000118
1376.00300000000118
1376.14700000000118
1376.32100000000118
1376.48600000000118
1376.66300000000118
1376.84500000000118
1377.01600000000118
1377.18800000000118
1378.03300000000118
1378.87300000000118
1379.09000000000118
1379.24500000000118
1379.45800000000118
1379.62100000000118
1379.77100000000118
1379.95400000000118
1380.12600000000118
1380.30600000000118
1380.47600000000118
1382.35200000000119
1382.44600000000119
1382.59800000000119
1382.73300000000119
1382.88700000000119
1383.33900000000119
1383.66100000000119
1383.77300000000119
1383.93100000000119
1384.07800000000119
1384.21900000000119
1384.44500000000119
1384.83800000000119
1384.97400000000119
1385.12900000000119
1385.26100000000119
1385.43900000000119
1385.56400000000119
1386.30000000000119
1386.43200000000119
1387.23800000000119
1387.83300000000119
1388.00800000000119
1388.13900000000119
1388.24100000000119
1388.35300000000119
1388.55100000000119
1388.71200000000119
1388.86000000000119
1389.01700000000119
1389.19000000000119
1389.37200000000119
1389.54000000000119
1389.71900000000119
1405.20300000000121
1405.29200000000121
1405.40300000000121
1405.63300000000121
1405.76000000000121
1405.90900000000121
1406.34300000000121
1406.49600000000121
1406.71300000000121
1406.85600000000121
1406.98300000000121
1407.12300000000121
1407.60400000000121
1407.74400000000121
1407.92200000000121
1408.08200000000121
1408.24300000000121
1408.45000000000121
1408.58600000000121
1408.79100000000121
1409.02800000000121
1409.15300000000121
1409.26700000000121
1409.49600000000121
1409.87600000000121
1409.89800000000121
1409.97200000000121
1410.11100000000121
1410.46700000000121
1412.23800000000121
1412.37700000000121
1412.85000000000121
1412.97400000000121
1413.14200000000121
1413.23500000000121
1413.35300000000121
1413.69100000000121
1414.04200000000121
1414.15500000000121
1414.27800000000121
1414.37300000000121
1414.65900000000121
1414.97400000000122
1415.08600000000122
1415.63000000000122
1415.89200000000122
1416.36200000000122
1416.48500000000122
1416.92400000000122
1417.51600000000122
1418.52600000000122
1418.65800000000122
1418.78700000000122
1419.03000000000122
1419.11300000000122
1419.23000000000122
1419.42400000000122
1419.56400000000122
1419.71600000000122
1419.83800000000122
1420.13000000000122
1420.24500000000122
1564.99500000000135
1565.13600000000135
1565.25400000000135
1565.38500000000135
1566.99200000000135
1567.09900000000135
1567.32200000000135
1567.45500000000135
1567.58800000000135
1580.35200000000136
1581.14500000000136
1581.50300000000136
1581.93600000000136
1582.06500000000136
1582.07900000000136
1582.18100000000136
1653.61000000000143
1654.26400000000143
1654.38800000000143
1654.51700000000143
1654.65000000000143
1654.97900000000143
1655.08800000000143
1655.40800000000143
1655.63100000000143
1655.74200000000143
1655.86600000000143
1655.99300000000143
1656.11700000000143
1656.27000000000143
1656.31400000000143
1656.41500000000143
1656.67600000000143
1656.78900000000143
1657.07700000000143
1657.21700000000143
1657.35500000000143
1657.47600000000143
1657.60400000000143
1657.76100000000143
1657.88600000000143
1658.07600000000143
1658.22400000000143
1658.36900000000143
1658.50500000000143
1658.62300000000143
1659.17900000000143
1659.31200000000143
1659.45300000000143
1659.60700000000143
1659.73800000000143
1659.85600000000143
1659.99000000000143
1660.16200000000143
1660.28100000000143
1660.44300000000143
1660.58200000000143
1660.74600000000143
1660.90300000000143
1661.05000000000143
1661.09800000000143
1661.22400000000143
1661.38100000000143
1661.42500000000143
1661.54700000000143
1661.57600000000143
1661.71600000000143
1661.88800000000143
1662.06100000000143
1662.23200000000143
1662.35200000000143
1662.51800000000143
1662.53600000000143
1662.67100000000144
1663.36700000000144
1663.51400000000144
1663.67900000000144
1663.85200000000144
1664.01900000000144
1664.14000000000144
1664.65500000000144
1664.79600000000144
1664.86500000000144
1664.97300000000144
1664.99900000000144
1665.16500000000144
1665.31600000000144
1665.72800000000144
1665.96600000000144
1666.09800000000144
1666.23500000000144
1666.39600000000144
1666.56800000000144
1666.73100000000144
1666.89800000000144
1667.07600000000144
1667.25500000000144
1667.66500000000144
1667.76300000000144
1668.00400000000144
1668.03300000000144
1668.15500000000144
1668.32900000000144
1668.70900000000144
1668.79600000000144
1668.94700000000144
1669.05700000000144
1669.21000000000144
1669.37600000000144
1669.87200000000144
1669.99400000000144
1670.21700000000144
1670.43300000000144
1670.46100000000144
1670.62000000000144
1670.77900000000144
1670.92000000000144
1671.10600000000144
1671.26900000000144
1671.60300000000144
1672.10000000000144
1672.21300000000144
1672.32000000000144
1672.56400000000144
1672.70700000000144
1672.86900000000144
1673.06000000000144
1674.52100000000145
1674.67300000000145
1675.11100000000145
1675.22000000000145
1675.47800000000145
1675.57300000000145
1675.66400000000145
1675.83100000000145
1675.96300000000145
1676.12200000000145
1676.38600000000145
1676.49700000000145
1676.60300000000145
1676.87500000000145
1677.25900000000145
1677.35100000000145
1677.61800000000145
1678.11700000000145
1678.22700000000145
1678.45400000000145
1678.49500000000145
1678.56600000000145
1678.67300000000145
1678.79300000000145
1678.95200000000145
1679.18400000000145
1679.32400000000145
1679.96900000000145
1680.13000000000145
1680.29900000000145
1680.50600000000145
1680.65500000000145
1680.83700000000145
1680.88800000000145
1681.08800000000145
1687.87200000000146
1688.11400000000146
1688.22900000000146
1688.59200000000146
1688.69500000000146
1688.83900000000146
1688.98500000000146
1689.11700000000146
1691.05700000000146
1691.31100000000146
1691.41000000000146
1691.51600000000146
1691.77000000000146
1691.91200000000146
1692.05700000000146
1692.20600000000146
1692.35800000000146
1692.51100000000146
1692.65200000000146
1821.48300000000158
1821.62100000000158
1821.76900000000158
1821.91100000000158
1822.05700000000158
1822.19800000000158
1822.33700000000158
1822.49900000000158
1822.62700000000158
1822.73500000000158
1822.89300000000158
1823.07100000000158
1823.24700000000158
1823.40700000000158
1823.90900000000158
1824.11600000000158
1824.25400000000158
1824.40400000000158
1824.55500000000158
1824.71000000000158
1824.88600000000158
1825.06100000000158
1825.23300000000158
1825.39300000000158
1825.56800000000158
1825.69600000000158
1826.11600000000158
1826.22500000000158
1826.33200000000158
1826.45100000000158
1826.59500000000158
1826.73500000000158
1826.89800000000158
1827.53000000000158
1827.92900000000158
1828.06700000000158
1828.10500000000158
1828.22400000000158
1828.26100000000158
1828.28000000000158
1828.39900000000158
1829.92800000000158
1830.03700000000158
1830.14000000000158
1830.56700000000158
1830.69800000000158
1830.72600000000158
1830.99300000000158
1831.12500000000158
1831.74400000000159
1831.84300000000159
1831.97100000000159
1832.07100000000159
1832.22600000000159
1832.36300000000159
1832.52000000000159
1832.68400000000159
1832.97000000000159
1833.34100000000159
1833.44000000000159
1833.73700000000159
1833.86000000000159
1833.88600000000159
1852.7600000000016
1853.0900000000016
1853.2170000000016
1853.3420000000016
1853.4720000000016
1853.6200000000016
1853.7760000000016
1853.9240000000016
1854.51400000000161
1854.73400000000161
1854.95300000000161
1855.08700000000161
1855.23200000000161
1855.38100000000161
1856.27200000000161
1856.36300000000161
1856.47900000000161
1856.63700000000161
1856.76800000000161
1856.93400000000161
1857.09300000000161
1857.25600000000161
1857.41500000000161
1858.53800000000161
1858.64000000000161
1858.79800000000161
1858.91500000000161
1859.07000000000161
1859.22700000000161
1859.39700000000161
1859.53700000000161
1872.86900000000162
1872.97600000000162
1873.29000000000162
1873.41500000000162
1873.55400000000162
1873.70400000000162
1873.85900000000162
1874.01600000000162
1874.18200000000162
1874.35300000000162
1874.49700000000162
1874.66200000000162
1875.08800000000162
1875.22600000000162
1875.25700000000162
1875.39100000000162
1875.54500000000162
1875.70500000000162
1875.83400000000162
1875.99600000000162
1876.16400000000162
1876.37300000000162
1876.52100000000162
1876.72200000000163
1877.00000000000163
1877.24600000000163
1877.39400000000163
1877.52800000000163
1877.64300000000163
1877.81000000000163
1878.57400000000163
1878.70700000000163
1878.83000000000163
1878.97600000000163
1880.22100000000163
1880.35400000000163
1880.49600000000163
1880.62200000000163
1881.00800000000163
1881.15400000000163
1881.26000000000163
1881.45400000000163
1881.61300000000163
1881.76900000000163
1881.92800000000163
1882.04200000000163
1882.77700000000163
1882.88200000000163
1883.01600000000163
1883.12900000000163
1883.52800000000163
1883.65800000000163
1883.78500000000163
1883.91100000000163
1884.02200000000163
1884.13400000000163
1884.24100000000163
1885.49900000000163
1885.61800000000163
1885.75700000000163
1885.87000000000163
1886.75800000000163
1886.88900000000163
1887.02500000000163
1887.14200000000163
1887.79500000000164
1887.94800000000164
1888.09800000000164
1889.07700000000164
1889.20600000000164
1889.34300000000164
1889.47600000000164
1889.60200000000164
1889.71900000000164
1889.86600000000164
1890.00300000000164
1890.13300000000164
1890.25900000000164
1890.39200000000164
1890.51800000000164
1890.63600000000164
1890.92600000000164
1891.06400000000164
1891.20200000000164
1891.36000000000164
1891.48700000000164
1891.64200000000164
1891.77900000000164
1891.92500000000164
1892.07100000000164
1892.17900000000164
1893.03300000000164
1893.18300000000164
1893.33000000000164
1893.45600000000164
1893.60200000000164
1895.18900000000164
1895.31500000000164
1895.46300000000164
1895.61100000000164
1895.77400000000164
1895.87800000000164
1896.01900000000164
1896.15000000000164
1896.26900000000164
1896.38900000000164
1896.52900000000164
1896.66100000000164
1896.80500000000164
1896.94300000000164
1897.07200000000164
1897.19800000000164
1897.33500000000164
1897.48000000000164
1897.62400000000164
1897.74900000000164
1897.88000000000164
1909.14500000000165
1909.28300000000165
1909.41400000000165
1909.54400000000165
1909.69300000000165
1909.80700000000165
1910.93100000000166
1911.06700000000166
1911.19900000000166
1911.32700000000166
1911.43000000000166
1912.01000000000166
1912.15300000000166
1912.28900000000166
1912.44000000000166
1912.57800000000166
1912.69800000000166
1912.85000000000166
1912.99400000000166
1913.13500000000166
1913.28100000000166
1913.41600000000166
1913.55300000000166
1915.23100000000166
1915.37200000000166
1915.50800000000166
1915.66200000000166
1915.82300000000166
1915.95700000000166
1916.10300000000166
1916.24300000000166
1916.36500000000166
1916.52300000000166
1916.66800000000166
1916.79200000000166
1916.94000000000166
1917.10100000000166
1917.24700000000166
1917.39700000000166
1917.54300000000166
1917.71300000000166
1917.87000000000166
1917.98300000000166
1918.76400000000166
1918.91100000000166
1919.06500000000166
1919.21000000000166
1919.37000000000166
1919.53200000000166
1919.67700000000166
1919.82500000000166
1919.99900000000166
1920.17500000000166
1920.34100000000166
1920.44600000000166
1920.93200000000166
1921.08100000000166
1921.25100000000166
1921.40800000000166
1921.56200000000166
1923.07200000000167
1923.22000000000167
1923.36700000000167
1923.52500000000167
1923.66300000000167
1925.34600000000167
1925.49700000000167
1925.63900000000167
1925.79000000000167
1926.31100000000167
1926.48600000000167
1926.64400000000167
1926.81500000000167
1927.21400000000167
1927.56800000000167
1927.71600000000167
1927.87600000000167
1928.02400000000167
1929.03100000000167
1929.17900000000167
1929.31900000000167
1929.46400000000167
1930.67300000000167
1930.89600000000167
1931.03900000000167
1931.20900000000167
1931.37000000000167
1931.55200000000167
1931.71700000000167
1931.87800000000167
1936.64400000000168
1936.76000000000168
1936.90300000000168
1937.35300000000168
1937.46700000000168
1937.59200000000168
1937.73800000000168
1938.56000000000168
1938.67100000000168
1938.79800000000168
1938.89300000000168
1939.03500000000168
1939.16000000000168
1939.83200000000168
1940.00300000000168
1940.12500000000168
1940.40000000000168
1940.52400000000168
1940.71400000000168
1940.90900000000168
1941.06200000000168
1945.89700000000169
1946.34000000000169
1946.59500000000169
1946.75500000000169
1946.87100000000169
1947.42300000000169
1947.62400000000169
1947.91900000000169
1948.10100000000169
1948.40900000000169
1948.68600000000169
1949.01700000000169
1955.5360000000017
1955.6340000000017
1955.7880000000017
1955.9030000000017
1956.2720000000017
1956.4250000000017
1956.5900000000017
1956.7440000000017
1956.9160000000017
1957.0920000000017
1959.1290000000017
1959.2420000000017
1959.3830000000017
1959.4870000000017
1959.6540000000017
1959.7700000000017
1959.9200000000017
1960.0600000000017
1960.6630000000017
1960.9520000000017
1961.0920000000017
1977.87300000000171
1977.99800000000172
1978.13300000000172
1978.28700000000172
1978.44500000000172
1978.60900000000172
1978.78500000000172
1978.96100000000172
1979.11800000000172
1979.30400000000172
1979.59700000000172
1979.70700000000172
1979.83100000000172
1979.97900000000172
1980.12700000000172
1980.27000000000172
1980.56700000000172
1981.69400000000172
1981.85100000000172
1982.80100000000172
1982.94500000000172
1983.05800000000172
1983.22200000000172
1983.34900000000172
1983.48100000000172
1983.63000000000172
1983.76700000000172
1983.90500000000172
1984.07600000000172
1984.23800000000172
2367.90099999996655
2368.12099999996652
2368.25999999996651
2368.41499999996649
2368.58899999996647
2369.11799999996641
2369.2399999999664
2369.79699999996634
2395.5459999999635
2395.70499999996348
2396.4939999999634
2396.80499999996336
2396.92899999996335
2397.08199999996333
2397.42799999996329
2397.58999999996328
2397.72299999996326
2397.75099999996326
2400.61699999996294
2402.76099999996271
2402.90399999996269
2429.38999999995977
2429.48099999995976
2430.12899999995969
2430.61999999995964
2447.03699999995783
2447.23299999995781
2447.38099999995779
2447.53499999995777
2447.70499999995776
2447.87299999995774
2448.05699999995772
2448.2379999999577
2448.36699999995768
2448.42799999995768
2448.96199999995762
2449.1219999999576
2449.29699999995758
2449.46299999995756
2449.63099999995754
2449.80499999995752
2450.51299999995745
2450.65799999995743
2450.87499999995741
2467.2819999999556
2467.59799999995557
2467.99999999995552
2468.1939999999555
2468.34099999995548
2468.51599999995546
2593.36799999994171
2593.5149999999417
2593.67399999994168
2593.83399999994166
2594.02399999994164
2594.21299999994162
2596.08099999994141
3298.965999999864
3299.10599999986399
3299.24399999986397
706
-3
149.644000000000091
149.777000000000091
149.910000000000092
150.043000000000092
150.156000000000092
150.285000000000092
150.427000000000092
150.568000000000092
150.702000000000092
150.833000000000092
150.971000000000092
151.117000000000093
151.257000000000093
151.380000000000093
151.520000000000093
151.660000000000093
151.802000000000093
151.940000000000093
152.574000000000094
152.702000000000094
152.837000000000094
152.978000000000094
153.122000000000094
153.254000000000094
153.408000000000095
153.554000000000095
153.691000000000095
153.842000000000095
153.960000000000095
154.118000000000095
154.956000000000096
155.088000000000096
155.242000000000096
155.373000000000096
155.501000000000096
155.655000000000097
155.811000000000097
155.959000000000097
156.106000000000097
156.244000000000097
156.427000000000097
156.735000000000098
156.856000000000098
157.025000000000098
157.187000000000098
157.323000000000098
158.257000000000099
158.392000000000099
158.544000000000099
158.693000000000099
158.851000000000099
159.0180000000001
159.1320000000001
159.3100000000001
159.4760000000001
159.6600000000001
159.8290000000001
159.9640000000001
160.140000000000101
160.269000000000101
160.438000000000101
254.501000000000184
255.610000000000185
357.869000000000276
358.007000000000276
358.138000000000276
358.265000000000277
358.401000000000277
358.547000000000277
358.685000000000277
358.827000000000277
358.955000000000277
359.087000000000277
359.241000000000277
359.397000000000278
359.954000000000278
360.067000000000278
360.212000000000278
360.327000000000278
360.451000000000278
360.966000000000279
361.303000000000279
361.460000000000279
361.58700000000028
361.75100000000028
361.92100000000028
363.365000000000281
363.463000000000281
363.599000000000281
363.765000000000281
364.063000000000282
364.227000000000282
364.380000000000282
364.563000000000282
364.726000000000282
364.880000000000282
365.054000000000283
366.908000000000284
367.017000000000284
367.162000000000284
367.324000000000285
367.480000000000285
367.636000000000285
367.798000000000285
367.940000000000285
368.099000000000285
368.273000000000285
368.435000000000286
369.119000000000286
369.260000000000286
369.422000000000286
369.583000000000287
369.746000000000287
468.139000000000374
468.285000000000374
468.423000000000374
468.580000000000374
468.737000000000375
469.015000000000375
469.109000000000375
469.823000000000376
470.116000000000376
470.251000000000376
470.396000000000376
476.717000000000382
477.940000000000383
479.217000000000384
481.119000000000386
481.846000000000386
481.962000000000386
482.112000000000387
482.250000000000387
482.425000000000387
482.587000000000387
484.603000000000389
486.587000000000391
486.756000000000391
486.793000000000391
488.453000000000392
488.962000000000393
489.062000000000393
489.229000000000393
489.383000000000393
489.535000000000393
490.762000000000394
491.202000000000395
491.349000000000395
491.508000000000395
499.743000000000402
500.961000000000403
502.053000000000404
502.160000000000404
631.538000000000519
631.617000000000519
632.43900000000052
632.50000000000052
632.70900000000052
632.87200000000052
633.020000000000521
633.177000000000521
633.329000000000521
633.480000000000521
633.645000000000521
633.797000000000521
633.947000000000521
634.305000000000522
634.612000000000522
634.727000000000522
634.882000000000522
635.039000000000522
635.118000000000522
635.157000000000522
635.223000000000522
637.945000000000525
638.317000000000525
638.551000000000526
638.856000000000526
639.334000000000526
645.429000000000532
646.043000000000532
830.761000000000696
831.421000000000697
831.536000000000697
831.829000000000697
832.350000000000698
832.495000000000698
832.655000000000698
832.857000000000698
833.010000000000698
833.257000000000698
833.338000000000698
833.638000000000699
833.741000000000699
833.830000000000699
833.920000000000699
834.044000000000699
834.445000000000699
834.5280000000007
834.6640000000007
834.8260000000007
834.9700000000007
835.1340000000007
835.3010000000007
835.4710000000007
835.6300000000007
835.798000000000701
835.979000000000701
836.170000000000701
836.347000000000701
836.523000000000701
836.722000000000702
837.023000000000702
837.197000000000702
837.523000000000702
838.123000000000703
838.354000000000703
838.613000000000703
838.760000000000703
838.935000000000703
839.103000000000704
839.273000000000704
843.893000000000708
844.109000000000708
844.785000000000709
845.192000000000709
846.00500000000071
847.746000000000711
850.612000000000714
851.631000000000715
852.776000000000716
853.311000000000716
853.451000000000716
853.616000000000716
1424.53300000000122
1424.76800000000122
1424.98600000000122
1425.09800000000122
1425.20200000000122
1425.41000000000122
1425.54700000000122
1425.69200000000122
1425.84000000000122
1425.99600000000122
1426.14400000000122
1426.30300000000123
1426.61900000000123
1426.75800000000123
1426.84800000000123
1426.95700000000123
1427.05500000000123
1427.29400000000123
1427.43600000000123
1427.56400000000123
1427.72200000000123
1427.88500000000123
1428.03500000000123
1428.75600000000123
1428.88300000000123
1429.04100000000123
1429.23400000000123
1429.39600000000123
1429.55700000000123
1429.59200000000123
1429.71900000000123
1429.88000000000123
1429.91700000000123
1430.05100000000123
1430.21400000000123
1430.38000000000123
1430.54900000000123
1430.71200000000123
1430.90700000000123
1431.66000000000123
1431.80500000000123
1431.98300000000123
1432.15600000000123
1432.32300000000123
1432.49500000000123
1432.66100000000123
1432.83300000000123
1433.00500000000123
1433.18500000000123
1433.36200000000123
1433.48400000000123
1433.66700000000123
1448.38500000000124
1448.67900000000124
1448.80800000000124
1449.04400000000125
1449.16900000000125
1449.30200000000125
1449.45300000000125
1449.86900000000125
1449.96000000000125
1450.27300000000125
1450.41900000000125
1450.58100000000125
1451.02800000000125
1452.28400000000125
1452.56500000000125
1452.70800000000125
1453.42100000000125
1453.57400000000125
1453.72400000000125
1453.87100000000125
1454.02800000000125
1454.18500000000125
1466.31100000000126
1469.81900000000126
1470.34400000000126
1470.47300000000126
1470.63000000000126
1486.16500000000128
1486.26600000000128
1486.61300000000128
1486.76200000000128
1486.90700000000128
1487.06100000000128
1487.19000000000128
1488.36900000000128
1488.57700000000128
1488.70400000000128
1489.02400000000128
1490.95200000000128
1491.22600000000128
1491.36300000000128
1491.51300000000128
1491.68500000000128
1491.87700000000128
1492.38100000000128
1492.48600000000128
1492.82800000000128
1492.86900000000128
1492.98200000000128
1493.15300000000128
1495.48100000000129
1495.62000000000129
1495.90900000000129
1496.06200000000129
1748.32200000000151
1748.85900000000151
1749.00100000000151
1749.11400000000151
1749.24500000000151
1749.37800000000151
1749.52600000000151
1749.65000000000151
1749.79600000000151
1749.95300000000151
1750.07800000000151
1750.25000000000151
1750.41600000000151
1750.57800000000151
1750.73400000000151
1750.86500000000151
1751.02600000000151
1751.18400000000151
1751.35600000000151
1751.49900000000151
1751.66300000000151
1751.82100000000151
1751.99100000000151
1752.17200000000151
1752.35600000000151
1752.53000000000151
1752.69700000000151
1752.89400000000152
1753.07600000000152
1753.26000000000152
1753.44900000000152
1753.64700000000152
1753.81200000000152
1753.96500000000152
1754.13800000000152
1754.30200000000152
1754.49000000000152
1754.66400000000152
1754.83700000000152
1755.00600000000152
1755.18300000000152
1755.40500000000152
1755.58100000000152
1755.76400000000152
1755.93400000000152
1756.11900000000152
1756.29700000000152
1756.46100000000152
1756.69600000000152
1756.88200000000152
1757.09400000000152
1757.27700000000152
1761.08600000000152
1761.22000000000152
1761.36500000000152
1761.51100000000152
1761.67300000000152
1762.27800000000152
1762.40900000000152
1762.56100000000152
1762.71800000000152
1762.89500000000152
1763.08000000000152
1763.58100000000152
1763.80600000000152
1763.94600000000152
1764.10900000000152
1764.30000000000153
1764.48100000000153
1769.71600000000153
1769.85200000000153
1770.14100000000153
1770.27000000000153
1770.44300000000153
1770.59500000000153
1770.76000000000153
1770.92800000000153
1771.15800000000153
1771.32900000000153
1771.81100000000153
1772.04600000000153
1772.35000000000153
1772.56600000000153
1772.69300000000153
1772.84300000000153
1773.53900000000153
1773.65000000000153
1773.75200000000153
1774.10400000000153
1774.23500000000153
1774.39000000000153
1774.56000000000153
1774.74500000000153
1774.92600000000153
1775.10100000000153
1775.28500000000154
1775.45000000000154
1775.62600000000154
1776.41900000000154
1776.57400000000154
1776.73900000000154
1776.92100000000154
1777.08700000000154
1777.26500000000154
1777.45300000000154
1777.62600000000154
1777.79900000000154
1778.29100000000154
1778.42900000000154
1778.63200000000154
1778.72800000000154
1778.86900000000154
1779.01600000000154
1779.15900000000154
1779.33900000000154
1779.49900000000154
1779.68000000000154
1779.87400000000154
1780.04600000000154
1780.26900000000154
1780.45100000000154
1780.64200000000154
1780.80400000000154
1780.97200000000154
1781.10000000000154
1781.17100000000154
1781.77300000000154
1781.90100000000154
1782.00300000000154
1782.10500000000154
1782.47400000000154
1782.61900000000154
1782.82600000000154
1783.29800000000154
1783.59400000000154
1783.83900000000154
1783.97200000000154
1784.37500000000154
1784.74100000000154
1785.65500000000154
1785.75100000000154
1785.86400000000154
1786.04900000000154
1786.17400000000154
1786.31400000000154
1786.45500000000154
1786.60300000000155
1786.76800000000155
1787.10200000000155
1787.22600000000155
1787.44900000000155
1787.64000000000155
1787.77700000000155
1787.92800000000155
1788.08900000000155
1788.27400000000155
1788.44600000000155
1789.00500000000155
1789.12100000000155
1789.22600000000155
1789.33600000000155
1789.46400000000155
1790.71000000000155
1790.81000000000155
1791.03300000000155
1791.16600000000155
1791.30200000000155
1791.45700000000155
1791.62800000000155
1791.80200000000155
1791.87900000000155
1791.96300000000155
1792.12400000000155
1792.29700000000155
1795.35200000000155
1795.78200000000155
1795.90400000000155
1796.03500000000155
1796.14900000000155
1796.28600000000155
1796.42000000000155
1796.55400000000155
1796.71900000000155
1796.86900000000155
1797.02400000000155
1797.18600000000155
1797.28300000000155
1797.35800000000155
1797.43600000000155
1797.53200000000155
1798.02800000000156
1798.15100000000156
1798.44200000000156
1798.58100000000156
1798.72200000000156
1799.58900000000156
1799.70500000000156
1799.86300000000156
1800.01800000000156
1800.49100000000156
1801.12500000000156
1801.47800000000156
1802.00700000000156
1802.13000000000156
1802.39300000000156
1802.51400000000156
1802.65600000000156
1802.80500000000156
1802.97200000000156
1803.10400000000156
1803.24100000000156
1803.41200000000156
1803.54500000000156
1803.62600000000156
1803.71000000000156
1803.77100000000156
1803.88300000000156
1804.10900000000156
1804.27200000000156
1804.45100000000156
1804.57200000000156
1804.73500000000156
1804.90200000000156
1805.14500000000156
1805.30600000000156
1805.37500000000156
1805.46600000000156
1805.66400000000156
1805.83200000000156
1806.01700000000156
1806.68700000000156
1806.81100000000156
1806.96800000000156
1807.13700000000156
1807.30100000000156
1807.41600000000156
1807.50100000000156
1808.11800000000156
1808.32300000000156
1808.44400000000156
1808.68600000000156
1809.04400000000156
1810.28000000000157
1810.43800000000157
1810.56400000000157
1810.71200000000157
1810.87500000000157
1811.04300000000157
1811.20800000000157
1811.39700000000157
2332.17099999997048
2332.32399999997046
2332.51999999997044
2332.69699999997042
2332.84299999997041
2333.35599999997035
2333.47599999997034
2333.61599999997032
2333.76099999997031
2333.90499999997029
2334.04599999997027
2334.18899999997026
2334.32199999997024
2334.45299999997023
2334.61099999997021
2334.7549999999702
2334.91099999997018
2335.05499999997016
2335.18599999997015
2335.29399999997014
2335.45599999997012
2335.5829999999701
2335.69899999997009
2335.86099999997007
2335.99399999997006
2336.11499999997005
2336.26599999997003
2336.39399999997002
2336.54199999997
2336.68699999996998
2336.79699999996997
2336.96499999996995
2337.85199999996985
2337.99299999996984
2338.13599999996982
2338.27799999996981
2338.43299999996979
2338.57399999996978
2338.70799999996976
2338.86899999996974
2339.01699999996973
2339.13799999996971
2339.2919999999697
2339.45099999996968
2339.61699999996966
2339.73499999996965
2339.90699999996963
2340.08799999996961
2340.79799999996953
2340.93199999996952
2341.0799999999695
2341.23599999996948
2341.39099999996946
2342.29999999996936
2342.39299999996935
2342.54999999996934
2342.70799999996932
2342.8659999999693
2343.02299999996929
2343.16399999996927
2344.49299999996912
2344.79399999996909
2344.92499999996908
2345.05999999996906
2345.21499999996904
2345.37499999996903
2348.55299999996868
2348.68999999996866
2348.85199999996864
2351.66099999996833
2351.78899999996832
2351.9389999999683
2352.09999999996829
2352.27199999996827
2352.43099999996825
2352.60299999996823
2352.79199999996821
2352.94299999996819
2353.06699999996818
2353.22999999996816
2353.38699999996814
2353.55699999996812
2353.71999999996811
2353.89399999996809
2354.06299999996807
2354.21899999996805
2378.60299999996537
2378.69699999996536
2378.84699999996534
2378.99799999996532
2379.1859999999653
2379.36999999996528
2379.53099999996526
2379.69199999996525
2380.1159999999652
2380.27699999996518
2380.50699999996516
2381.31799999996507
2381.46399999996505
2381.62999999996503
2381.81899999996501
2381.974999999965
2382.14899999996498
2382.33499999996496
2383.40099999996484
2383.54099999996482
2383.7139999999648
2383.90499999996478
2384.96299999996467
2385.10199999996465
2385.28299999996463
2385.5369999999646
2387.23599999996442
2387.3719999999644
2387.53699999996438
2387.73099999996436
2387.89599999996434
-4
149.678000000000091
149.837000000000091
149.967000000000092
150.087000000000092
150.212000000000092
150.355000000000092
150.494000000000092
150.629000000000092
150.765000000000092
150.899000000000092
151.051000000000093
151.183000000000093
151.305000000000093
151.442000000000093
151.583000000000093
151.726000000000093
151.862000000000093
151.996000000000093
152.629000000000094
152.766000000000094
152.903000000000094
153.046000000000094
153.178000000000094
153.328000000000095
153.472000000000095
153.606000000000095
153.763000000000095
153.890000000000095
154.041000000000095
154.193000000000095
155.018000000000096
155.152000000000096
155.295000000000096
155.426000000000096
155.575000000000097
155.734000000000097
155.875000000000097
156.027000000000097
156.165000000000097
156.333000000000097
156.490000000000097
156.774000000000098
156.944000000000098
157.101000000000098
157.233000000000098
157.365000000000098
158.320000000000099
158.474000000000099
158.615000000000099
158.769000000000099
158.9210000000001
159.0380000000001
159.2210000000001
159.3960000000001
159.5700000000001
159.7300000000001
159.8800000000001
160.051000000000101
160.184000000000101
160.354000000000101
160.508000000000101
254.535000000000184
255.653000000000185
357.934000000000276
358.069000000000276
358.200000000000276
358.338000000000277
358.477000000000277
358.623000000000277
358.757000000000277
358.881000000000277
359.009000000000277
359.165000000000277
359.303000000000277
359.478000000000278
359.991000000000278
360.128000000000278
360.244000000000278
360.362000000000278
360.512000000000279
361.012000000000279
361.359000000000279
361.500000000000279
361.65200000000028
361.84000000000028
361.94700000000028
363.387000000000281
363.526000000000281
363.668000000000281
363.818000000000281
364.139000000000282
364.300000000000282
364.495000000000282
364.648000000000282
364.799000000000282
364.983000000000282
365.147000000000283
366.936000000000284
367.087000000000284
367.245000000000284
367.396000000000285
367.556000000000285
367.707000000000285
367.851000000000285
368.015000000000285
368.186000000000285
368.340000000000286
368.498000000000286
369.178000000000286
369.339000000000286
369.489000000000287
369.659000000000287
369.806000000000287
468.203000000000374
468.346000000000374
468.495000000000374
468.661000000000375
468.821000000000375
469.075000000000375
469.140000000000375
469.831000000000376
470.177000000000376
470.322000000000376
470.456000000000376
476.864000000000382
477.991000000000383
479.247000000000384
481.154000000000386
481.879000000000386
482.013000000000386
482.173000000000387
482.312000000000387
482.477000000000387
482.655000000000387
484.813000000000389
486.646000000000391
486.780000000000391
486.809000000000391
488.466000000000392
488.978000000000393
489.135000000000393
489.287000000000393
489.441000000000393
489.579000000000393
490.777000000000394
491.262000000000395
491.421000000000395
491.577000000000395
499.780000000000402
500.992000000000403
502.082000000000404
502.204000000000404
631.549000000000519
631.650000000000519
632.47700000000052
632.56600000000052
632.77800000000052
632.94600000000052
633.089000000000521
633.254000000000521
633.410000000000521
633.567000000000521
633.719000000000521
633.849000000000521
634.013000000000521
634.326000000000522
634.658000000000522
634.798000000000522
634.956000000000522
635.112000000000522
635.135000000000522
635.169000000000522
635.278000000000523
637.968000000000525
638.325000000000525
638.777000000000526
639.083000000000526
639.346000000000526
645.483000000000532
646.120000000000532
830.798000000000696
831.459000000000697
831.581000000000697
831.885000000000697
832.417000000000698
832.567000000000698
832.745000000000698
832.933000000000698
833.092000000000698
833.327000000000698
833.395000000000698
833.681000000000699
833.799000000000699
833.894000000000699
833.971000000000699
834.076000000000699
834.469000000000699
834.5950000000007
834.7420000000007
834.9100000000007
835.0950000000007
835.2520000000007
835.3850000000007
835.5940000000007
835.732000000000701
835.891000000000701
836.120000000000701
836.313000000000701
836.435000000000701
836.656000000000701
836.799000000000702
837.099000000000702
837.235000000000702
837.563000000000702
838.158000000000703
838.378000000000703
838.690000000000703
838.834000000000703
839.014000000000704
839.179000000000704
839.338000000000704
843.930000000000708
844.146000000000708
844.834000000000709
845.236000000000709
846.03800000000071
847.763000000000711
850.665000000000714
851.679000000000715
852.806000000000716
853.379000000000716
853.527000000000716
853.716000000000717
1424.56900000000122
1424.80100000000122
1425.01200000000122
1425.13300000000122
1425.23800000000122
1425.45000000000122
1425.60400000000122
1425.76100000000122
1425.91700000000122
1426.06000000000122
1426.20900000000122
1426.33800000000123
1426.67800000000123
1426.81700000000123
1426.90000000000123
1426.99600000000123
1427.07800000000123
1427.36100000000123
1427.48500000000123
1427.63700000000123
1427.79500000000123
1427.94200000000123
1428.06400000000123
1428.80700000000123
1428.95400000000123
1429.11900000000123
1429.31400000000123
1429.47500000000123
1429.59100000000123
1429.63200000000123
1429.79300000000123
1429.91100000000123
1429.96600000000123
1430.12100000000123
1430.28600000000123
1430.46400000000123
1430.62400000000123
1430.79200000000123
1430.98900000000123
1431.73000000000123
1431.88500000000123
1432.06000000000123
1432.25500000000123
1432.42600000000123
1432.61200000000123
1432.76700000000123
1432.92200000000123
1433.09200000000123
1433.26900000000123
1433.40200000000123
1433.56200000000123
1433.79300000000123
1448.40900000000124
1448.71400000000124
1448.83100000000124
1449.09400000000125
1449.22900000000125
1449.37100000000125
1449.49800000000125
1449.91100000000125
1450.01800000000125
1450.34300000000125
1450.49600000000125
1450.66200000000125
1451.08300000000125
1452.29800000000125
1452.62100000000125
1452.76800000000125
1453.44400000000125
1453.64300000000125
1453.78300000000125
1453.93800000000125
1454.09600000000125
1454.24500000000125
1466.34100000000126
1469.83400000000126
1470.37500000000126
1470.53600000000126
1470.70500000000126
1486.19700000000128
1486.31300000000128
1486.66800000000128
1486.82900000000128
1486.97700000000128
1487.09900000000128
1487.26300000000128
1488.42300000000128
1488.68900000000128
1488.80300000000128
1489.27500000000128
1490.98900000000128
1491.30100000000128
1491.45600000000128
1491.59600000000128
1491.72600000000128
1491.91700000000128
1492.44600000000128
1492.53200000000128
1492.84000000000128
1492.90700000000128
1493.06700000000128
1493.23300000000128
1495.52800000000129
1495.68000000000129
1496.00000000000129
1496.14600000000129
1748.34800000000151
1748.91700000000151
1749.03700000000151
1749.16400000000151
1749.29700000000151
1749.44000000000151
1749.56700000000151
1749.71200000000151
1749.86900000000151
1749.99400000000151
1750.16400000000151
1750.32700000000151
1750.49600000000151
1750.64600000000151
1750.76900000000151
1750.93800000000151
1751.09700000000151
1751.25400000000151
1751.40100000000151
1751.54500000000151
1751.73400000000151
1751.90400000000151
1752.07100000000151
1752.25300000000151
1752.44300000000151
1752.60400000000152
1752.78000000000152
1752.97800000000152
1753.15700000000152
1753.35300000000152
1753.54100000000152
1753.72200000000152
1753.87100000000152
1754.03800000000152
1754.20400000000152
1754.39500000000152
1754.57100000000152
1754.74400000000152
1754.92000000000152
1755.09400000000152
1755.26900000000152
1755.49100000000152
1755.66500000000152
1755.83900000000152
1756.02100000000152
1756.20300000000152
1756.37400000000152
1756.54900000000152
1756.79700000000152
1756.98100000000152
1757.20200000000152
1757.38900000000152
1761.14600000000152
1761.28600000000152
1761.43800000000152
1761.59900000000152
1761.77600000000152
1762.34600000000152
1762.48500000000152
1762.63900000000152
1762.81200000000152
1762.98700000000152
1763.12700000000152
1763.62800000000152
1763.86900000000152
1764.02800000000152
1764.19900000000153
1764.38500000000153
1764.57100000000153
1769.74700000000153
1769.87300000000153
1770.19700000000153
1770.34500000000153
1770.53400000000153
1770.69500000000153
1770.84800000000153
1771.11000000000153
1771.25900000000153
1771.41400000000153
1771.86600000000153
1772.08100000000153
1772.37400000000153
1772.62500000000153
1772.76100000000153
1772.92100000000153
1773.57100000000153
1773.68500000000153
1773.79300000000153
1774.16500000000153
1774.30300000000153
1774.47000000000153
1774.66300000000153
1774.84300000000153
1775.01900000000153
1775.19400000000154
1775.36800000000154
1775.54300000000154
1775.72300000000154
1776.49200000000154
1776.65700000000154
1776.83700000000154
1777.00700000000154
1777.18700000000154
1777.38600000000154
1777.54600000000154
1777.73400000000154
1777.88200000000154
1778.35600000000154
1778.46700000000154
1778.68200000000154
1778.76300000000154
1778.93500000000154
1779.07100000000154
1779.23700000000154
1779.41500000000154
1779.58000000000154
1779.77700000000154
1779.95300000000154
1780.11500000000154
1780.36600000000154
1780.53500000000154
1780.72700000000154
1780.84600000000154
1781.06500000000154
1781.11400000000154
1781.26400000000154
1781.82200000000154
1781.93200000000154
1782.03800000000154
1782.14000000000154
1782.55000000000154
1782.69900000000154
1782.89000000000154
1783.33900000000154
1783.73800000000154
1783.87400000000154
1784.04300000000154
1784.47100000000154
1784.78500000000154
1785.68100000000154
1785.79500000000154
1785.90300000000154
1786.10100000000154
1786.23600000000154
1786.36800000000154
1786.51800000000154
1786.68000000000155
1786.84200000000155
1787.14700000000155
1787.27200000000155
1787.48300000000155
1787.70800000000155
1787.84100000000155
1788.01000000000155
1788.18300000000155
1788.36000000000155
1788.50400000000155
1789.04700000000155
1789.16500000000155
1789.28400000000155
1789.38400000000155
1789.50500000000155
1790.76200000000155
1790.85700000000155
1791.09800000000155
1791.23200000000155
1791.38000000000155
1791.53600000000155
1791.69500000000155
1791.85800000000155
1791.91000000000155
1792.04700000000155
1792.21300000000155
1792.36700000000155
1795.37100000000155
1795.82600000000155
1795.94800000000155
1796.08300000000155
1796.17700000000155
1796.35100000000155
1796.47400000000155
1796.62800000000155
1796.78200000000155
1796.92600000000155
1797.08900000000155
1797.25300000000155
1797.29900000000155
1797.41600000000155
1797.45200000000155
1797.57000000000155
1798.05300000000156
1798.18400000000156
1798.50400000000156
1798.63700000000156
1798.77100000000156
1799.63300000000156
1799.76300000000156
1799.92300000000156
1800.07400000000156
1800.54000000000156
1801.24900000000156
1801.50600000000156
1802.04600000000156
1802.16900000000156
1802.43900000000156
1802.57600000000156
1802.71900000000156
1802.87000000000156
1803.01900000000156
1803.14600000000156
1803.30900000000156
1803.44800000000156
1803.61000000000156
1803.63700000000156
1803.76300000000156
1803.78600000000156
1803.90000000000156
1804.17700000000156
1804.33200000000156
1804.46300000000156
1804.63700000000156
1804.78700000000156
1804.93100000000156
1805.21600000000156
1805.36200000000156
1805.38600000000156
1805.55900000000156
1805.74300000000156
1805.90000000000156
1806.04200000000156
1806.72100000000156
1806.87400000000156
1807.05000000000156
1807.21000000000156
1807.38900000000156
1807.42700000000156
1807.54100000000156
1808.14400000000156
1808.37700000000156
1808.53400000000156
1808.73800000000156
1809.09700000000156
1810.30300000000157
1810.49300000000157
1810.63600000000157
1810.79400000000157
1810.95400000000157
1811.12500000000157
1811.31000000000157
1811.48500000000157
2332.23399999997047
2332.37899999997046
2332.58299999997044
2332.74099999997042
2332.9139999999704
2333.38499999997035
2333.53499999997033
2333.68199999997031
2333.8289999999703
2333.97199999997028
2334.11299999997027
2334.24799999997025
2334.37599999997024
2334.52999999997022
2334.6739999999702
2334.82899999997019
2334.97799999997017
2335.10599999997016
2335.21299999997015
2335.37499999997013
2335.49899999997011
2335.6069999999701
2335.77799999997008
2335.91599999997007
2336.03599999997005
2336.18999999997004
2336.31199999997002
2336.46099999997001
2336.60599999996999
2336.71499999996998
2336.87799999996996
2337.00599999996995
2337.92399999996985
2338.05899999996983
2338.20199999996982
2338.3509999999698
2338.49299999996978
2338.62699999996977
2338.78599999996975
2338.93499999996974
2339.05699999996972
2339.2099999999697
2339.36999999996969
2339.52899999996967
2339.64599999996966
2339.81699999996964
2339.97499999996962
2340.1499999999696
2340.85499999996952
2341.00199999996951
2341.14899999996949
2341.30299999996947
2341.46699999996946
2342.31599999996936
2342.45399999996935
2342.62199999996933
2342.77599999996931
2342.93899999996929
2343.06899999996928
2343.23699999996926
2344.53599999996912
2344.83899999996909
2344.97199999996907
2345.12799999996905
2345.28599999996904
2345.40099999996902
2348.60099999996867
2348.76399999996865
2348.92499999996864
2351.70899999996833
2351.85299999996831
2352.0139999999683
2352.17599999996828
2352.33999999996826
2352.51199999996824
2352.69099999996822
2352.8539999999682
2352.97199999996819
2353.14399999996817
2353.29399999996815
2353.46499999996814
2353.62499999996812
2353.7979999999681
2353.97099999996808
2354.11699999996806
2354.30499999996804
2378.61799999996536
2378.75999999996535
2378.91099999996533
2379.07799999996531
2379.26499999996529
2379.43999999996527
2379.60399999996526
2379.76899999996524
2380.18799999996519
2380.35899999996517
2380.54299999996515
2381.36799999996506
2381.52399999996504
2381.70999999996502
2381.886999999965
2382.06299999996499
2382.23599999996497
2382.42799999996495
2383.45799999996483
2383.62699999996481
2383.80999999996479
2383.99399999996477
2384.98299999996466
2385.12799999996465
2385.31499999996463
2385.5869999999646
2387.29399999996441
2387.44199999996439
2387.61499999996437
2387.78999999996435
2387.97399999996433
0
0
0
0
0
0
0
0
0
0
0
0
0
3600.00099999983085
0
0
0
0
0
0
