10
12
18
10
12
18
IPPP2.14
Test1
0
2
11
20
12
12
25
25
22
4
.3
1
723
723
1
268
268
1
1
1
1
1
1
1
1
1
1
1
1
1
1
1
1
1
1
1
1
722
-1
37.0829999999999913
38.1099999999999922
38.2269999999999923
38.3749999999999924
38.4929999999999925
38.6419999999999927
38.7769999999999928
38.9409999999999929
39.9249999999999938
140.623000000000083
140.876000000000083
141.122000000000084
141.901000000000084
142.417000000000085
201.965000000000138
202.560000000000138
383.856000000000299
383.953000000000299
386.391000000000302
386.545000000000302
386.909000000000302
387.044000000000302
387.188000000000302
387.610000000000303
388.629000000000304
389.913000000000305
390.152000000000305
390.420000000000305
390.889000000000306
391.043000000000306
391.195000000000306
391.431000000000306
392.075000000000307
392.261000000000307
392.423000000000307
392.835000000000307
393.239000000000308
396.789000000000311
396.931000000000311
397.096000000000311
397.277000000000311
397.579000000000311
397.744000000000312
397.909000000000312
398.190000000000312
399.933000000000314
400.079000000000314
400.174000000000314
400.258000000000314
400.415000000000314
400.588000000000314
400.752000000000314
400.924000000000314
401.106000000000315
401.282000000000315
403.419000000000317
403.575000000000317
403.734000000000317
403.888000000000317
404.063000000000317
404.187000000000317
404.354000000000317
404.513000000000318
404.669000000000318
405.162000000000318
405.377000000000318
405.528000000000318
406.433000000000319
406.580000000000319
406.87600000000032
407.03200000000032
407.18700000000032
407.35300000000032
407.52000000000032
407.68600000000032
407.852000000000321
407.997000000000321
408.170000000000321
410.647000000000323
410.811000000000323
410.963000000000323
411.137000000000324
411.294000000000324
411.459000000000324
411.624000000000324
411.791000000000324
411.955000000000324
412.106000000000324
412.263000000000324
412.435000000000325
412.617000000000325
412.786000000000325
412.959000000000325
413.094000000000325
413.802000000000326
413.970000000000326
414.141000000000326
414.323000000000326
414.514000000000326
414.676000000000327
414.844000000000327
414.998000000000327
415.182000000000327
415.336000000000327
415.478000000000327
415.640000000000328
415.764000000000328
415.916000000000328
416.092000000000328
416.263000000000328
416.428000000000328
417.255000000000329
417.421000000000329
417.611000000000329
417.786000000000329
417.94300000000033
418.81700000000033
418.96600000000033
419.125000000000331
419.283000000000331
419.445000000000331
419.598000000000331
419.754000000000331
419.945000000000331
420.088000000000331
420.267000000000332
420.391000000000332
420.558000000000332
420.721000000000332
421.731000000000333
421.889000000000333
422.066000000000333
422.243000000000333
422.420000000000334
422.597000000000334
422.774000000000334
423.116000000000334
423.324000000000334
423.509000000000334
423.687000000000335
425.003000000000336
425.153000000000336
425.316000000000336
425.487000000000336
425.666000000000336
425.859000000000337
426.028000000000337
426.174000000000337
429.56800000000034
430.02800000000034
430.16100000000034
430.325000000000341
430.496000000000341
430.665000000000341
430.830000000000341
431.004000000000341
431.168000000000341
431.348000000000341
431.504000000000342
431.664000000000342
431.824000000000342
431.953000000000342
432.107000000000342
432.288000000000342
432.413000000000342
432.798000000000343
432.967000000000343
433.148000000000343
433.332000000000343
433.487000000000343
435.164000000000345
435.325000000000345
435.495000000000345
435.668000000000345
435.831000000000345
435.998000000000346
436.159000000000346
436.334000000000346
436.494000000000346
438.198000000000348
438.356000000000348
438.520000000000348
438.683000000000348
438.852000000000348
439.017000000000348
439.111000000000348
441.870000000000351
442.019000000000351
442.181000000000351
442.349000000000351
442.515000000000351
442.683000000000352
442.863000000000352
443.022000000000352
443.193000000000352
443.372000000000352
443.544000000000352
443.712000000000352
445.544000000000354
445.695000000000354
445.853000000000354
446.022000000000354
446.187000000000355
446.376000000000355
446.482000000000355
446.558000000000355
446.746000000000355
446.919000000000355
447.088000000000355
447.254000000000356
447.429000000000356
447.595000000000356
447.773000000000356
447.932000000000356
448.114000000000356
450.685000000000359
451.167000000000359
451.343000000000359
451.503000000000359
451.66800000000036
451.85300000000036
452.02500000000036
452.21200000000036
452.41100000000036
452.57100000000036
452.75100000000036
452.888000000000361
453.064000000000361
459.030000000000366
459.334000000000366
459.722000000000367
459.838000000000367
551.274000000000448
551.410000000000448
551.658000000000448
552.534000000000449
552.682000000000449
552.797000000000449
553.53100000000045
553.86600000000045
554.07800000000045
554.16700000000045
554.248000000000451
564.188000000000459
811.249000000000679
811.344000000000679
811.496000000000679
811.627000000000679
812.14600000000068
812.51700000000068
812.92000000000068
813.301000000000681
813.506000000000681
814.099000000000681
814.216000000000682
814.407000000000682
814.835000000000682
815.109000000000682
815.256000000000682
815.419000000000682
815.563000000000683
815.726000000000683
815.873000000000683
815.998000000000683
816.588000000000684
817.878000000000685
818.036000000000685
818.197000000000685
819.689000000000686
819.854000000000686
820.012000000000687
820.168000000000687
820.282000000000687
820.397000000000687
820.579000000000687
821.521000000000688
821.688000000000688
821.849000000000688
822.025000000000688
822.141000000000688
822.855000000000689
823.019000000000689
823.29200000000069
823.46100000000069
823.84100000000069
824.02100000000069
824.19600000000069
824.37200000000069
824.494000000000691
824.680000000000691
824.804000000000691
825.474000000000692
825.644000000000692
825.812000000000692
825.979000000000692
826.674000000000693
826.889000000000693
827.029000000000693
827.375000000000693
827.549000000000693
827.719000000000693
828.033000000000694
828.162000000000694
828.359000000000694
828.522000000000694
829.424000000000695
829.578000000000695
829.778000000000695
829.951000000000696
830.125000000000696
830.886000000000696
831.051000000000696
831.400000000000697
831.628000000000697
831.777000000000697
831.957000000000697
832.141000000000697
832.330000000000698
832.503000000000698
832.899000000000698
833.343000000000698
833.526000000000699
833.705000000000699
833.882000000000699
834.009000000000699
834.141000000000699
834.288000000000699
834.4800000000007
834.6570000000007
834.8490000000007
835.0280000000007
835.2020000000007
835.3790000000007
835.5080000000007
835.6710000000007
835.841000000000701
837.031000000000702
837.187000000000702
837.356000000000702
837.534000000000702
837.710000000000702
837.884000000000702
838.064000000000703
838.243000000000703
838.390000000000703
838.600000000000703
839.253000000000704
839.426000000000704
839.596000000000704
839.773000000000704
839.957000000000704
840.143000000000704
840.356000000000705
840.470000000000705
840.664000000000705
840.794000000000705
840.935000000000705
841.119000000000705
841.279000000000706
841.559000000000706
841.749000000000706
841.909000000000706
842.104000000000706
842.522000000000707
842.658000000000707
842.833000000000707
842.967000000000707
843.140000000000707
843.325000000000707
843.508000000000708
843.697000000000708
843.887000000000708
844.394000000000708
844.561000000000708
844.760000000000709
844.944000000000709
845.144000000000709
845.318000000000709
845.476000000000709
845.682000000000709
845.80800000000071
845.99200000000071
846.19600000000071
846.32900000000071
846.65600000000071
846.96900000000071
847.178000000000711
847.375000000000711
847.564000000000711
847.743000000000711
848.788000000000712
848.943000000000712
849.134000000000712
849.308000000000713
849.492000000000713
849.683000000000713
849.831000000000713
849.998000000000713
850.187000000000713
850.364000000000714
850.535000000000714
850.801000000000714
850.980000000000714
851.118000000000714
851.339000000000714
851.542000000000715
851.705000000000715
852.664000000000716
852.830000000000716
853.008000000000716
853.179000000000716
853.361000000000716
853.526000000000716
854.395000000000717
854.711000000000718
854.880000000000718
855.058000000000718
855.233000000000718
855.398000000000718
855.564000000000718
855.736000000000718
855.903000000000718
857.17300000000072
857.66900000000072
857.82500000000072
857.98600000000072
858.15800000000072
858.339000000000721
858.516000000000721
858.703000000000721
858.895000000000721
859.066000000000721
859.244000000000721
860.113000000000722
861.043000000000723
861.205000000000723
861.388000000000723
861.862000000000724
862.573000000000724
863.261000000000725
863.439000000000725
864.011000000000726
865.122000000000727
865.318000000000727
865.389000000000727
865.601000000000727
865.726000000000727
865.758000000000727
865.897000000000727
866.059000000000728
866.086000000000728
866.218000000000728
867.229000000000729
867.412000000000729
867.568000000000729
867.719000000000729
867.885000000000729
868.052000000000729
868.21500000000073
868.37800000000073
868.54800000000073
868.70800000000073
871.299000000000732
872.121000000000733
873.299000000000734
873.720000000000734
873.934000000000735
874.146000000000735
874.602000000000735
875.293000000000736
875.572000000000736
876.055000000000736
876.443000000000737
876.978000000000737
877.164000000000737
880.48600000000074
880.64500000000074
881.062000000000741
881.173000000000741
881.771000000000741
882.012000000000742
882.303000000000742
882.703000000000742
883.587000000000743
883.792000000000743
884.654000000000744
992.55600000000084
992.67700000000084
992.79800000000084
993.11800000000084
993.26400000000084
993.425000000000841
993.596000000000841
993.738000000000841
993.936000000000841
994.077000000000841
994.557000000000842
1126.62100000000096
1126.91500000000096
1127.07800000000096
1127.25500000000096
1127.41200000000096
1127.85200000000096
1205.37700000000103
1205.67000000000103
1205.96800000000103
1206.14100000000103
1206.30000000000103
1206.42100000000103
1206.68600000000103
1207.11200000000103
1209.00500000000103
1209.54500000000103
1249.94300000000107
1284.3580000000011
1650.46500000000142
1650.88200000000142
1651.43800000000142
1652.15000000000143
1653.28400000000143
1659.55200000000143
1912.83200000000166
1914.84400000000166
1914.95200000000166
1915.09300000000166
1915.87000000000166
1917.33400000000166
1922.02600000000167
1922.15900000000167
1922.32900000000167
1922.48300000000167
1922.63100000000167
1923.11800000000167
1923.25300000000167
1931.98000000000167
1932.03500000000167
1933.14500000000168
2331.16099999997059
2331.52899999997055
2331.55699999997055
2346.02599999996895
2346.10799999996895
2346.12999999996894
2346.18999999996894
2347.77399999996876
2350.29999999996848
2350.88799999996842
2351.69699999996833
2351.9939999999683
2352.68499999996822
2353.18999999996817
2353.7679999999681
2354.85299999996798
2355.67099999996789
2356.29199999996782
2356.57499999996779
2357.27099999996772
2357.58299999996768
2358.09799999996762
2358.84299999996754
2359.31099999996749
2361.49999999996725
2361.90199999996721
2362.12699999996718
2362.41699999996715
2363.39699999996704
2363.754999999967
2363.94399999996698
2364.20199999996695
2364.49199999996692
2365.06299999996686
2365.68299999996679
2366.34299999996672
2367.01299999996664
2367.18299999996662
2367.47599999996659
2369.43499999996638
2373.05599999996598
2376.25599999996563
2391.8749999999639
2392.30599999996386
2393.91099999996368
2395.07899999996355
2395.33699999996352
2395.41199999996352
2397.01299999996334
2441.47399999995844
2449.35899999995757
2655.04799999993492
2707.19699999992918
2708.06599999992908
2780.40399999992111
2781.80299999992096
2893.42099999990867
2893.51399999990866
2893.67199999990864
2893.83699999990862
3018.11599999989493
3018.51399999989489
3019.2929999998948
3020.43299999989468
3021.31199999989458
3021.41399999989457
3021.43099999989457
3021.44999999989457
3021.46999999989456
3021.48999999989456
3021.51299999989456
3021.57199999989455
3021.58999999989455
3021.60999999989455
3021.62999999989455
3021.64999999989454
3021.67099999989454
3021.69099999989454
3021.71099999989454
3021.89399999989452
3021.91399999989452
3021.93399999989451
3021.95399999989451
3022.0309999998945
3024.88899999989419
3025.03399999989417
3027.34799999989392
3027.4899999998939
3028.29299999989381
3029.95499999989363
3032.27299999989338
3040.52399999989247
3041.55899999989235
3052.10599999989119
3054.13099999989097
3061.91199999989011
3062.79199999989001
3065.13599999988976
3070.64999999988915
3077.11299999988844
3077.33299999988841
3077.34499999988841
3077.4259999998884
3077.56599999988839
3077.95799999988834
3078.06799999988833
3078.3849999998883
3079.51899999988817
3080.07299999988811
3080.1909999998881
3081.091999999888
3081.9909999998879
3082.07799999988789
3084.26499999988765
3085.39499999988752
3086.71399999988738
3087.22299999988732
3087.90499999988725
3089.70899999988705
3089.82399999988704
3090.05599999988701
3091.46299999988686
3100.98299999988581
3101.0949999998858
3101.21299999988578
3101.72799999988573
3103.82499999988549
3106.18299999988524
3107.69099999988507
3108.364999999885
3109.95299999988482
3126.87499999988296
3129.90499999988262
3131.76899999988242
3132.37099999988235
3132.73899999988231
3133.02799999988228
3134.02399999988217
3135.92499999988196
3136.24699999988192
3137.70199999988176
3138.03899999988173
3138.84199999988164
3139.31299999988159
3139.71599999988154
3140.60199999988144
3140.76299999988143
3141.0519999998814
3141.26299999988137
3445.64599999984785
3445.79099999984783
3446.1039999998478
3447.0119999998477
3447.15999999984768
3447.20299999984768
3447.22499999984767
3447.24299999984767
3447.31199999984767
3453.98699999984693
3458.05199999984648
3461.91399999984606
3463.16799999984592
3475.29999999984458
3490.83399999984287
3491.36599999984281
3491.59299999984279
3492.14099999984273
3492.34699999984271
3495.19599999984239
3495.38599999984237
3496.0489999998423
3496.38799999984226
3496.56999999984224
3503.62799999984146
3524.83099999983913
3528.7529999998387
3543.71499999983705
3559.20999999983534
3559.65699999983529
3571.87499999983395
3573.14099999983381
3573.99199999983371
3579.50099999983311
3579.86699999983307
3580.24699999983302
-2
37.3519999999999915
38.1349999999999922
38.2779999999999924
38.4129999999999925
38.5449999999999926
38.6989999999999927
38.8449999999999929
39.002999999999993
39.9499999999999938
140.659000000000083
140.905000000000084
141.304000000000084
141.937000000000084
142.467000000000085
202.000000000000138
202.588000000000138
383.893000000000299
384.010000000000299
386.473000000000302
386.612000000000302
386.941000000000302
387.092000000000302
387.252000000000302
387.663000000000303
388.683000000000304
390.094000000000305
390.223000000000305
390.482000000000305
390.947000000000306
391.093000000000306
391.222000000000306
391.466000000000306
392.149000000000307
392.317000000000307
392.499000000000307
392.904000000000307
393.323000000000308
396.833000000000311
396.999000000000311
397.162000000000311
397.350000000000311
397.652000000000312
397.818000000000312
397.980000000000312
398.206000000000312
399.982000000000314
400.159000000000314
400.198000000000314
400.326000000000314
400.486000000000314
400.661000000000314
400.830000000000314
401.011000000000314
401.185000000000315
401.332000000000315
403.485000000000317
403.648000000000317
403.810000000000317
403.964000000000317
404.103000000000317
404.262000000000317
404.425000000000318
404.574000000000318
404.691000000000318
405.243000000000318
405.425000000000318
405.617000000000319
406.489000000000319
406.65300000000032
406.93900000000032
407.10000000000032
407.26400000000032
407.42700000000032
407.59600000000032
407.75700000000032
407.880000000000321
408.077000000000321
408.243000000000321
410.714000000000323
410.881000000000323
411.039000000000323
411.210000000000324
411.373000000000324
411.533000000000324
411.701000000000324
411.858000000000324
412.008000000000324
412.167000000000324
412.343000000000325
412.515000000000325
412.696000000000325
412.860000000000325
412.998000000000325
413.126000000000325
413.874000000000326
414.030000000000326
414.216000000000326
414.405000000000326
414.579000000000327
414.771000000000327
414.917000000000327
415.079000000000327
415.253000000000327
415.387000000000327
415.565000000000327
415.680000000000328
415.820000000000328
415.999000000000328
416.171000000000328
416.334000000000328
416.498000000000328
417.321000000000329
417.495000000000329
417.689000000000329
417.847000000000329
418.04200000000033
418.88100000000033
419.044000000000331
419.200000000000331
419.359000000000331
419.515000000000331
419.667000000000331
419.830000000000331
419.998000000000331
420.176000000000332
420.299000000000332
420.464000000000332
420.627000000000332
420.745000000000332
421.803000000000333
421.972000000000333
422.152000000000333
422.325000000000333
422.501000000000334
422.684000000000334
422.876000000000334
423.213000000000334
423.414000000000334
423.598000000000335
423.723000000000335
425.066000000000336
425.231000000000336
425.399000000000336
425.571000000000336
425.759000000000336
425.945000000000337
426.090000000000337
426.270000000000337
429.62600000000034
430.05000000000034
430.23000000000034
430.404000000000341
430.576000000000341
430.747000000000341
430.917000000000341
431.083000000000341
431.240000000000341
431.419000000000342
431.581000000000342
431.731000000000342
431.867000000000342
432.015000000000342
432.188000000000342
432.324000000000342
432.444000000000342
432.874000000000343
433.054000000000343
433.244000000000343
433.400000000000343
433.521000000000343
435.224000000000345
435.398000000000345
435.577000000000345
435.747000000000345
435.908000000000346
436.078000000000346
436.246000000000346
436.411000000000346
436.569000000000346
438.266000000000348
438.430000000000348
438.600000000000348
438.768000000000348
438.930000000000348
439.109000000000348
439.167000000000348
441.926000000000351
442.094000000000351
442.261000000000351
442.423000000000351
442.593000000000351
442.758000000000352
442.936000000000352
443.103000000000352
443.276000000000352
443.456000000000352
443.621000000000352
443.784000000000352
445.600000000000354
445.775000000000354
445.934000000000354
446.103000000000355
446.280000000000355
446.464000000000355
446.494000000000355
446.652000000000355
446.829000000000355
446.995000000000355
447.164000000000356
447.334000000000356
447.508000000000356
447.677000000000356
447.822000000000356
448.014000000000356
448.193000000000356
450.700000000000359
451.242000000000359
451.420000000000359
451.582000000000359
451.76200000000036
451.93500000000036
452.11600000000036
452.29300000000036
452.48000000000036
452.65100000000036
452.78700000000036
452.962000000000361
453.162000000000361
459.071000000000366
459.370000000000366
459.782000000000367
459.868000000000367
551.311000000000448
551.465000000000448
551.728000000000448
552.581000000000449
552.746000000000449
552.879000000000449
553.72300000000045
553.93100000000045
554.08800000000045
554.219000000000451
554.336000000000451
564.249000000000459
811.276000000000679
811.416000000000679
811.545000000000679
811.711000000000679
812.30000000000068
812.83500000000068
813.15000000000068
813.321000000000681
813.771000000000681
814.176000000000681
814.328000000000682
814.457000000000682
814.881000000000682
815.162000000000682
815.318000000000682
815.481000000000683
815.639000000000683
815.785000000000683
815.920000000000683
816.036000000000683
816.635000000000684
817.933000000000685
818.093000000000685
818.268000000000685
819.764000000000686
819.924000000000687
820.076000000000687
820.188000000000687
820.304000000000687
820.479000000000687
820.625000000000687
821.593000000000688
821.758000000000688
821.928000000000688
822.050000000000688
822.219000000000689
822.924000000000689
823.075000000000689
823.35900000000069
823.48300000000069
823.92200000000069
824.09900000000069
824.27500000000069
824.40200000000069
824.583000000000691
824.712000000000691
824.832000000000691
825.554000000000692
825.720000000000692
825.888000000000692
826.057000000000692
826.761000000000693
826.916000000000693
827.132000000000693
827.451000000000693
827.627000000000693
827.798000000000694
828.064000000000694
828.237000000000694
828.432000000000694
828.604000000000694
829.489000000000695
829.663000000000695
829.863000000000695
830.036000000000696
830.205000000000696
830.960000000000696
831.140000000000697
831.484000000000697
831.681000000000697
831.853000000000697
832.039000000000697
832.234000000000698
832.412000000000698
832.537000000000698
832.998000000000698
833.437000000000699
833.609000000000699
833.788000000000699
833.915000000000699
834.041000000000699
834.189000000000699
834.379000000000699
834.5630000000007
834.7390000000007
834.9360000000007
835.1130000000007
835.2850000000007
835.4220000000007
835.5790000000007
835.747000000000701
835.904000000000701
837.096000000000702
837.264000000000702
837.436000000000702
837.606000000000702
837.791000000000702
837.970000000000703
838.149000000000703
838.296000000000703
838.472000000000703
838.628000000000703
839.331000000000704
839.508000000000704
839.677000000000704
839.863000000000704
840.049000000000704
840.221000000000705
840.384000000000705
840.562000000000705
840.697000000000705
840.833000000000705
841.018000000000705
841.184000000000705
841.310000000000706
841.646000000000706
841.811000000000706
842.007000000000706
842.152000000000706
842.557000000000707
842.734000000000707
842.869000000000707
843.039000000000707
843.226000000000707
843.412000000000707
843.602000000000708
843.778000000000708
843.911000000000708
844.455000000000708
844.652000000000708
844.847000000000709
845.026000000000709
845.220000000000709
845.374000000000709
845.580000000000709
845.71100000000071
845.88800000000071
846.09700000000071
846.22400000000071
846.41900000000071
846.74400000000071
847.060000000000711
847.274000000000711
847.466000000000711
847.642000000000711
847.804000000000711
848.853000000000712
849.032000000000712
849.215000000000713
849.392000000000713
849.584000000000713
849.737000000000713
849.907000000000713
850.088000000000713
850.269000000000713
850.444000000000714
850.568000000000714
850.887000000000714
851.013000000000714
851.197000000000714
851.437000000000714
851.610000000000715
851.732000000000715
852.734000000000716
852.909000000000716
853.090000000000716
853.264000000000716
853.429000000000716
853.550000000000716
854.467000000000717
854.785000000000718
854.962000000000718
855.143000000000718
855.312000000000718
855.478000000000718
855.649000000000718
855.815000000000718
855.974000000000719
857.22200000000072
857.71100000000072
857.88900000000072
858.06900000000072
858.249000000000721
858.427000000000721
858.610000000000721
858.798000000000721
858.975000000000721
859.122000000000721
859.273000000000721
860.215000000000722
861.105000000000723
861.282000000000723
861.453000000000723
861.955000000000724
862.601000000000724
863.318000000000725
863.492000000000725
864.050000000000726
865.234000000000727
865.343000000000727
865.525000000000727
865.647000000000727
865.741000000000727
865.835000000000727
865.998000000000727
866.083000000000728
866.160000000000728
866.779000000000728
867.287000000000729
867.479000000000729
867.628000000000729
867.804000000000729
867.963000000000729
868.130000000000729
868.30200000000073
868.45800000000073
868.61600000000073
868.77700000000073
871.424000000000732
872.541000000000733
873.381000000000734
873.879000000000734
873.973000000000734
874.379000000000735
874.952000000000735
875.522000000000736
875.725000000000736
876.241000000000737
876.717000000000737
877.041000000000737
877.385000000000738
880.54500000000074
880.813000000000741
881.143000000000741
881.342000000000741
881.928000000000742
882.127000000000742
882.488000000000742
882.872000000000742
883.720000000000743
884.226000000000744
885.420000000000745
992.60300000000084
992.68400000000084
992.86800000000084
993.17700000000084
993.359000000000841
993.517000000000841
993.710000000000841
993.888000000000841
993.980000000000841
994.388000000000842
994.679000000000842
1126.69500000000096
1127.00000000000096
1127.18400000000096
1127.36600000000096
1127.56200000000096
1127.85900000000096
1205.43500000000103
1205.73500000000103
1206.04500000000103
1206.18800000000103
1206.34300000000103
1206.47200000000103
1206.74400000000103
1207.19200000000103
1209.11200000000103
1209.60600000000103
1250.03300000000107
1284.4070000000011
1650.51700000000142
1650.94900000000142
1651.48800000000143
1652.23600000000143
1653.33600000000143
1659.58300000000143
1912.87600000000166
1914.91500000000166
1915.06500000000166
1915.20900000000166
1915.92300000000166
1917.40000000000166
1922.09700000000167
1922.24900000000167
1922.41700000000167
1922.57600000000167
1922.91600000000167
1923.22100000000167
1923.65500000000167
1931.98400000000167
1932.33700000000167
1933.61000000000168
2331.19699999997059
2331.55599999997055
2331.61499999997054
2346.10399999996895
2346.11899999996894
2346.13799999996894
2347.58899999996878
2350.06499999996851
2350.83099999996843
2351.60799999996834
2351.77299999996832
2352.60699999996823
2353.10499999996817
2353.69399999996811
2354.20699999996805
2355.38399999996792
2356.03599999996785
2356.4719999999678
2356.60599999996779
2357.4339999999677
2357.66699999996767
2358.51299999996758
2359.2119999999675
2361.39299999996726
2361.82099999996721
2362.06599999996719
2362.27099999996717
2363.26599999996706
2363.46399999996703
2363.83299999996699
2364.01899999996697
2364.31599999996694
2364.89299999996688
2365.5739999999668
2366.25699999996673
2366.92699999996665
2367.08999999996663
2367.3949999999666
2367.77499999996656
2369.63599999996635
2373.38099999996594
2381.891999999965
2392.02099999996389
2393.05999999996377
2394.94199999996357
2395.24899999996353
2395.40399999996352
2395.41999999996351
2397.72499999996326
2441.52499999995844
2449.40799999995757
2655.07599999993492
2707.26399999992917
2708.13599999992907
2780.46799999992111
2781.83799999992096
2893.48399999990866
2893.62599999990864
2893.79099999990863
2893.94799999990861
3018.16699999989493
3018.56699999989488
3019.2979999998948
3020.44099999989468
3021.32799999989458
3021.42799999989457
3021.44799999989457
3021.46899999989456
3021.48799999989456
3021.50799999989456
3021.52199999989456
3021.58899999989455
3021.60899999989455
3021.62899999989455
3021.64899999989455
3021.66799999989454
3021.68799999989454
3021.70799999989454
3021.82599999989453
3021.90299999989452
3021.92099999989452
3021.94199999989451
3021.96199999989451
3023.62199999989433
3024.97999999989418
3027.31299999989392
3027.44699999989391
3027.88099999989386
3029.87499999989364
3030.54099999989357
3039.89999999989254
3041.49399999989236
3042.0179999998923
3054.06399999989098
3061.65699999989014
3062.75099999989002
3065.05999999988976
3069.76999999988925
3072.69399999988892
3077.12699999988844
3077.34199999988841
3077.36099999988841
3077.52399999988839
3077.63999999988838
3078.03099999988834
3078.17299999988832
3078.61699999988827
3079.85999999988813
3080.11099999988811
3080.55999999988806
3081.44399999988796
3082.0159999998879
3083.63899999988772
3084.63899999988761
3086.18399999988744
3086.76599999988737
3087.27099999988732
3088.3849999998872
3089.76099999988704
3089.88199999988703
3090.73699999988694
3091.53999999988685
3101.0199999998858
3101.19999999988578
3101.52099999988575
3103.65299999988551
3105.86899999988527
3107.4369999998851
3107.92099999988504
3109.02699999988492
3110.02899999988481
3129.79799999988263
3130.55799999988255
3132.30299999988236
3132.64899999988232
3132.95999999988229
3133.7209999998822
3134.12799999988216
3136.04299999988195
3137.60199999988177
3137.95099999988174
3138.3039999998817
3139.25399999988159
3139.61099999988155
3139.83299999988153
3140.66099999988144
3140.84699999988142
3141.18999999988138
3142.10699999988128
3445.74299999984784
3446.0929999998478
3446.82199999984772
3447.04399999984769
3447.19899999984768
3447.21199999984768
3447.23699999984767
3447.25099999984767
3447.37899999984766
3456.57599999984664
3460.67199999984619
3462.77799999984596
3467.16999999984548
3481.21699999984393
3491.30499999984282
3491.4999999998428
3492.06299999984274
3492.23999999984272
3494.85799999984243
3495.29499999984238
3495.95799999984231
3496.11499999984229
3496.47599999984225
3499.26399999984194
3520.16399999983964
3525.76399999983902
3543.51299999983707
3557.70399999983551
3559.45099999983531
3571.78499999983396
3571.98599999983393
3573.80499999983373
3576.00799999983349
3579.68899999983309
3580.13299999983304
3580.27999999983302
267
-3
51.1000000000000037
51.4700000000000041
52.0000000000000045
52.3920000000000049
52.6980000000000052
52.8540000000000053
52.9830000000000054
53.4030000000000058
56.1550000000000082
57.7220000000000096
57.8530000000000097
58.0180000000000099
58.16800000000001
100.3160000000000474
101.3260000000000483
101.4550000000000485
107.3820000000000537
107.661000000000054
107.9380000000000542
129.671000000000074
129.793000000000074
162.315000000000103
163.461000000000104
163.720000000000104
164.168000000000104
164.561000000000105
165.219000000000105
166.162000000000106
166.452000000000106
166.639000000000106
166.891000000000107
212.000000000000147
212.285000000000147
213.062000000000148
213.338000000000148
213.471000000000148
213.627000000000148
213.873000000000148
213.986000000000148
215.49100000000015
215.76300000000015
216.05600000000015
217.112000000000151
217.277000000000151
217.543000000000152
217.667000000000152
221.376000000000155
221.521000000000155
221.598000000000155
221.958000000000156
222.089000000000156
222.246000000000156
223.029000000000156
223.339000000000157
224.606000000000158
224.754000000000158
225.217000000000158
225.352000000000158
225.665000000000159
225.826000000000159
227.41100000000016
227.56000000000016
227.731000000000161
227.903000000000161
228.221000000000161
228.395000000000161
228.530000000000161
228.722000000000162
229.038000000000162
230.162000000000163
230.333000000000163
230.498000000000163
230.638000000000163
230.950000000000163
231.105000000000164
231.313000000000164
231.524000000000164
231.667000000000164
232.655000000000165
232.809000000000165
232.986000000000165
233.179000000000165
233.360000000000166
233.546000000000166
234.720000000000167
234.906000000000167
235.092000000000167
235.270000000000167
235.714000000000168
235.884000000000168
236.076000000000168
236.261000000000168
236.478000000000168
236.630000000000169
242.918000000000174
243.073000000000174
243.225000000000174
243.688000000000175
243.842000000000175
243.970000000000175
244.118000000000175
244.275000000000175
244.437000000000175
245.068000000000176
245.220000000000176
245.427000000000176
245.565000000000176
245.731000000000177
245.916000000000177
246.090000000000177
246.275000000000177
246.357000000000177
246.448000000000177
246.638000000000177
246.852000000000178
247.037000000000178
247.242000000000178
248.076000000000179
248.229000000000179
248.402000000000179
248.573000000000179
248.656000000000179
248.746000000000179
248.933000000000179
249.04900000000018
249.14100000000018
249.32800000000018
249.63100000000018
250.715000000000181
250.870000000000181
251.354000000000182
251.488000000000182
252.516000000000183
252.841000000000183
253.170000000000183
253.376000000000183
253.515000000000184
254.478000000000184
254.637000000000184
255.077000000000185
255.254000000000185
255.756000000000186
255.962000000000186
256.270000000000186
258.909000000000188
259.058000000000188
259.220000000000189
259.386000000000189
259.559000000000189
259.738000000000189
259.944000000000189
260.133000000000189
260.31700000000019
260.49800000000019
260.67400000000019
261.11800000000019
261.32100000000019
261.543000000000191
261.751000000000191
263.178000000000192
264.138000000000193
264.287000000000193
264.460000000000193
264.619000000000193
266.113000000000195
266.264000000000195
292.949000000000219
293.322000000000219
293.717000000000219
294.35000000000022
294.49000000000022
294.63800000000022
294.89100000000022
295.02800000000022
568.152000000000463
568.304000000000463
569.046000000000464
569.055000000000464
569.633000000000464
570.389000000000465
570.882000000000465
571.011000000000465
571.146000000000466
571.406000000000466
571.570000000000466
571.722000000000466
572.678000000000467
572.829000000000467
572.995000000000467
573.739000000000468
573.899000000000468
574.052000000000468
575.369000000000469
575.502000000000469
575.66700000000047
575.83700000000047
577.025000000000471
577.178000000000471
577.354000000000471
578.762000000000472
579.087000000000473
579.292000000000473
579.433000000000473
582.563000000000476
582.711000000000476
583.148000000000476
583.548000000000477
583.871000000000477
584.173000000000477
584.354000000000477
584.657000000000478
586.117000000000479
586.266000000000479
586.443000000000479
587.48500000000048
588.817000000000481
588.961000000000481
589.145000000000482
589.477000000000482
590.567000000000483
590.733000000000483
591.088000000000483
591.319000000000484
592.031000000000484
592.380000000000484
592.776000000000485
593.495000000000485
593.692000000000486
595.158000000000487
595.320000000000487
595.671000000000487
596.022000000000488
596.364000000000488
597.869000000000489
598.04000000000049
598.21700000000049
598.57000000000049
599.607000000000491
599.778000000000491
599.969000000000491
600.311000000000492
606.456000000000497
606.769000000000497
607.398000000000498
607.645000000000498
608.990000000000499
892.199000000000751
892.883000000000751
893.043000000000752
894.286000000000753
894.434000000000753
897.034000000000755
897.290000000000755
897.499000000000755
897.708000000000756
2825.79599999991612
2839.68699999991459
2839.81399999991457
2865.65699999991173
2866.51999999991163
2866.8039999999116
2867.11299999991156
2877.40499999991043
2878.71099999991029
2904.49499999990745
2904.63599999990743
2904.82699999990741
-4
51.2460000000000039
51.5390000000000041
52.0540000000000046
52.465000000000005
52.7550000000000052
52.8840000000000053
53.0470000000000055
53.4460000000000058
56.2320000000000083
57.7430000000000096
57.9120000000000098
58.0720000000000099
58.2350000000000101
100.3640000000000475
101.3750000000000484
101.5480000000000486
107.4300000000000538
107.718000000000054
107.9950000000000543
129.710000000000074
129.869000000000074
162.358000000000103
163.655000000000104
163.806000000000104
164.258000000000104
164.643000000000105
165.264000000000105
166.227000000000106
166.492000000000106
166.696000000000106
166.948000000000107
212.087000000000147
212.623000000000147
213.123000000000148
213.383000000000148
213.537000000000148
213.650000000000148
213.897000000000148
214.062000000000148
215.53000000000015
215.81900000000015
216.13000000000015
217.166000000000151
217.315000000000151
217.569000000000152
217.739000000000152
221.430000000000155
221.596000000000155
221.608000000000155
221.995000000000156
222.150000000000156
222.280000000000156
223.086000000000156
223.427000000000157
224.652000000000158
224.820000000000158
225.240000000000158
225.431000000000159
225.729000000000159
225.910000000000159
227.46100000000016
227.632000000000161
227.800000000000161
227.969000000000161
228.284000000000161
228.426000000000161
228.585000000000161
228.792000000000162
229.110000000000162
230.231000000000163
230.388000000000163
230.536000000000163
230.715000000000163
230.998000000000164
231.199000000000164
231.392000000000164
231.531000000000164
231.755000000000164
232.706000000000165
232.896000000000165
233.081000000000165
233.260000000000166
233.444000000000166
233.631000000000166
234.797000000000167
234.983000000000167
235.165000000000167
235.352000000000167
235.773000000000168
235.952000000000168
236.159000000000168
236.354000000000168
236.499000000000168
236.664000000000169
242.957000000000174
243.127000000000174
243.299000000000174
243.727000000000175
243.862000000000175
244.027000000000175
244.192000000000175
244.347000000000175
244.488000000000176
245.126000000000176
245.307000000000176
245.446000000000176
245.638000000000177
245.815000000000177
245.998000000000177
246.170000000000177
246.350000000000177
246.370000000000177
246.544000000000177
246.744000000000178
246.947000000000178
247.133000000000178
247.251000000000178
248.149000000000179
248.309000000000179
248.485000000000179
248.653000000000179
248.673000000000179
248.842000000000179
249.03300000000018
249.05600000000018
249.22400000000018
249.41400000000018
249.69800000000018
250.785000000000181
250.973000000000181
251.384000000000182
251.581000000000182
252.581000000000183
252.932000000000183
253.256000000000183
253.396000000000183
253.575000000000184
254.539000000000184
254.723000000000185
255.152000000000185
255.350000000000185
255.837000000000186
256.044000000000186
256.363000000000186
258.970000000000188
259.126000000000188
259.285000000000189
259.463000000000189
259.631000000000189
259.829000000000189
260.031000000000189
260.216000000000189
260.39600000000019
260.57500000000019
260.75800000000019
261.20800000000019
261.417000000000191
261.636000000000191
261.838000000000191
263.226000000000192
264.198000000000193
264.369000000000193
264.533000000000193
264.691000000000193
266.170000000000195
266.329000000000195
293.059000000000219
293.657000000000219
293.833000000000219
294.40700000000022
294.54400000000022
294.70100000000022
294.93900000000022
295.08500000000022
568.171000000000463
568.321000000000463
569.054000000000464
569.095000000000464
569.837000000000464
570.432000000000465
570.920000000000465
571.062000000000466
571.222000000000466
571.496000000000466
571.644000000000466
571.765000000000466
572.731000000000467
572.895000000000467
573.037000000000467
573.797000000000468
573.950000000000468
574.110000000000468
575.400000000000469
575.55700000000047
575.72200000000047
575.91200000000047
577.079000000000471
577.253000000000471
577.414000000000471
578.825000000000472
579.167000000000473
579.313000000000473
579.526000000000473
582.611000000000476
582.786000000000476
583.207000000000476
583.623000000000477
583.953000000000477
584.233000000000477
584.425000000000477
584.728000000000478
586.170000000000479
586.347000000000479
586.519000000000479
587.57500000000048
588.866000000000481
589.044000000000482
589.223000000000482
589.556000000000482
590.623000000000483
590.820000000000483
591.179000000000483
591.341000000000484
592.113000000000484
592.478000000000485
592.825000000000485
593.578000000000486
593.779000000000486
595.218000000000487
595.397000000000487
595.764000000000487
596.102000000000488
596.452000000000488
597.930000000000489
598.11000000000049
598.29500000000049
598.66600000000049
599.676000000000491
599.861000000000491
600.053000000000491
600.349000000000492
606.688000000000497
607.283000000000498
607.523000000000498
607.679000000000498
609.064000000000499
892.342000000000751
892.950000000000751
893.115000000000752
894.324000000000753
894.504000000000753
897.082000000000755
897.323000000000755
897.610000000000756
898.236000000000756
2825.9039999999161
2839.79599999991457
2840.10399999991454
2865.72199999991172
2866.59099999991162
2866.98299999991158
2867.25799999991155
2877.50499999991042
2878.82199999991028
2904.55199999990744
2904.68199999990743
2905.04199999990739
0
0
0
0
0
0
0
0
0
0
0
0
0
3600.00099999983085
0
0
0
0
0
0
