8
11
19
8
11
19
IPPneo1.14
sacch1
0
2
12
21
09
13
23
30
22
4
.3
1
434
434
1
1316
1316
1
1
1
1
1
1
1
1
1
1
1
1
1
1
1
1
1
1
1
1
433
-1
256.440000000000186
257.090000000000187
257.190000000000187
257.784000000000187
372.397000000000289
372.535000000000289
372.793000000000289
372.94000000000029
372.95700000000029
373.06700000000029
373.37300000000029
373.50200000000029
373.73700000000029
374.205000000000291
375.188000000000292
375.364000000000292
375.707000000000292
375.859000000000292
376.009000000000292
376.152000000000292
376.439000000000293
377.159000000000293
377.301000000000293
377.449000000000294
377.720000000000294
377.869000000000294
378.359000000000294
378.880000000000295
379.041000000000295
379.191000000000295
379.317000000000295
380.276000000000296
380.430000000000296
380.598000000000296
380.736000000000296
380.906000000000297
381.024000000000297
382.937000000000298
383.091000000000299
383.244000000000299
383.404000000000299
383.555000000000299
383.703000000000299
383.828000000000299
384.007000000000299
384.1360000000003
384.3140000000003
384.4520000000003
384.6090000000003
384.7410000000003
386.090000000000301
386.238000000000301
386.404000000000302
386.566000000000302
386.726000000000302
386.878000000000302
387.032000000000302
387.962000000000303
388.127000000000303
388.293000000000303
388.460000000000303
388.619000000000304
388.768000000000304
388.932000000000304
389.064000000000304
389.222000000000304
390.049000000000305
390.207000000000305
390.368000000000305
390.539000000000305
390.720000000000305
390.898000000000306
391.058000000000306
391.222000000000306
391.370000000000306
391.518000000000306
391.679000000000306
391.815000000000306
391.992000000000306
392.176000000000307
392.335000000000307
392.512000000000307
392.682000000000307
392.880000000000307
393.059000000000307
393.272000000000308
393.440000000000308
393.633000000000308
394.290000000000309
394.435000000000309
394.786000000000309
395.111000000000309
395.283000000000309
395.39300000000031
395.62000000000031
396.12600000000031
396.28600000000031
396.44000000000031
396.615000000000311
396.790000000000311
396.971000000000311
397.157000000000311
397.264000000000311
397.348000000000311
397.552000000000311
397.744000000000312
397.946000000000312
398.163000000000312
398.267000000000312
398.358000000000312
398.542000000000312
398.748000000000312
398.961000000000313
399.157000000000313
399.173000000000313
399.371000000000313
399.561000000000313
400.142000000000314
400.495000000000314
400.644000000000314
400.738000000000314
401.224000000000315
401.605000000000315
403.184000000000316
403.299000000000317
403.329000000000317
403.471000000000317
403.578000000000317
403.654000000000317
403.757000000000317
403.867000000000317
404.906000000000318
405.332000000000318
405.469000000000318
405.622000000000319
405.817000000000319
405.979000000000319
406.002000000000319
406.177000000000319
406.358000000000319
406.467000000000319
406.555000000000319
406.73200000000032
406.93200000000032
407.06300000000032
407.09100000000032
407.13000000000032
407.34400000000032
408.062000000000321
408.712000000000321
409.130000000000322
409.281000000000322
409.378000000000322
409.516000000000322
409.800000000000322
409.964000000000322
410.050000000000323
410.179000000000323
411.158000000000324
414.985000000000327
416.257000000000328
416.265000000000328
416.429000000000328
417.771000000000329
417.89900000000033
418.82700000000033
419.103000000000331
419.194000000000331
419.420000000000331
419.620000000000331
419.773000000000331
420.033000000000331
420.091000000000331
420.149000000000332
420.244000000000332
465.694000000000372
465.928000000000372
466.062000000000372
466.203000000000372
466.347000000000373
466.492000000000373
466.970000000000373
467.293000000000373
467.435000000000374
467.586000000000374
467.749000000000374
467.928000000000374
468.103000000000374
468.438000000000374
468.604000000000375
468.768000000000375
468.948000000000375
469.104000000000375
469.309000000000375
469.497000000000375
469.698000000000376
469.888000000000376
470.066000000000376
470.209000000000376
470.442000000000376
470.644000000000376
470.841000000000377
470.949000000000377
471.117000000000377
471.275000000000377
471.441000000000377
471.538000000000377
471.621000000000377
471.791000000000377
471.979000000000378
472.163000000000378
472.307000000000378
472.368000000000378
472.465000000000378
473.040000000000378
483.092000000000387
483.331000000000388
483.439000000000388
483.842000000000388
484.066000000000388
520.845000000000421
521.139000000000421
521.277000000000421
521.434000000000421
521.731000000000422
522.101000000000422
522.253000000000422
522.385000000000422
522.527000000000422
522.685000000000423
522.836000000000423
523.005000000000423
523.166000000000423
523.324000000000423
523.494000000000423
523.665000000000423
523.833000000000424
524.013000000000424
524.198000000000424
524.370000000000424
524.486000000000424
524.558000000000424
524.753000000000424
524.950000000000425
525.134000000000425
525.236000000000425
525.315000000000425
525.493000000000425
525.604000000000425
525.662000000000425
525.840000000000425
526.031000000000426
526.175000000000426
526.351000000000426
526.455000000000426
526.543000000000426
526.733000000000426
526.911000000000426
527.105000000000426
527.287000000000427
527.399000000000427
527.475000000000427
527.670000000000427
527.800000000000427
527.871000000000427
528.094000000000427
528.218000000000427
528.306000000000428
528.484000000000428
528.681000000000428
528.883000000000428
529.104000000000428
529.314000000000428
529.502000000000429
529.685000000000429
529.871000000000429
530.063000000000429
530.252000000000429
530.441000000000429
530.63300000000043
530.83300000000043
605.736000000000496
606.042000000000497
606.323000000000497
606.468000000000497
606.550000000000497
606.689000000000497
606.898000000000497
711.53700000000059
712.199000000000591
712.462000000000591
712.609000000000591
712.773000000000591
713.295000000000592
713.447000000000592
713.604000000000592
713.763000000000592
713.934000000000592
714.109000000000593
714.277000000000593
714.456000000000593
714.628000000000593
714.804000000000593
714.987000000000593
715.616000000000594
716.152000000000594
716.282000000000594
716.446000000000595
716.604000000000595
716.777000000000595
716.957000000000595
717.141000000000595
717.474000000000596
717.609000000000596
718.142000000000596
718.504000000000596
719.161000000000597
719.420000000000597
719.565000000000597
719.856000000000598
720.015000000000598
720.455000000000598
869.621000000000731
869.785000000000731
870.126000000000731
870.267000000000731
870.406000000000731
870.559000000000732
963.916000000000814
964.010000000000814
964.289000000000815
964.620000000000815
965.088000000000816
965.243000000000816
965.407000000000816
965.620000000000816
965.954000000000816
966.221000000000816
966.330000000000817
966.562000000000817
966.823000000000817
966.970000000000817
1083.18200000000092
1084.09400000000092
1085.49200000000092
1085.64000000000092
1087.07400000000092
1087.39800000000092
1088.28500000000092
1088.48300000000093
1088.61900000000093
1088.77400000000093
1088.93200000000093
1089.09400000000093
1089.26500000000093
1089.43900000000093
1089.61600000000093
1089.79500000000093
1089.97500000000093
1090.15300000000093
1090.33300000000093
1090.81400000000093
1091.00200000000093
1091.37400000000093
1092.56100000000093
1092.77200000000093
1229.75500000000105
1230.95300000000105
1233.94000000000105
1234.10800000000105
1234.24000000000105
1234.38500000000105
1234.54000000000105
1234.69500000000105
1234.85500000000106
1235.28300000000106
1249.85200000000107
1250.19800000000107
1250.30600000000107
1250.33400000000107
1250.39300000000107
1250.69800000000107
1250.84100000000107
1251.02400000000107
1251.18900000000107
1252.14200000000107
1254.48700000000107
1256.14800000000107
1336.58600000000115
1339.56500000000115
1339.83800000000115
1340.42800000000115
1340.74400000000115
1341.88900000000115
1342.17500000000115
1342.46700000000115
1342.61100000000115
1343.15300000000115
1343.17000000000115
1343.50900000000115
1343.73700000000115
1343.89500000000115
1344.34700000000115
1344.49800000000115
1345.49600000000115
1346.76600000000115
1346.89400000000115
1347.44900000000116
1347.57000000000116
1348.39600000000116
1349.02500000000116
1357.88500000000116
1539.86700000000133
1542.95200000000133
1545.94300000000133
1546.09300000000133
1546.25300000000133
1546.42600000000133
1552.87200000000134
1695.55700000000146
1699.67800000000147
1700.92300000000147
1701.25900000000147
1701.50200000000147
1701.64000000000147
1764.80900000000153
1764.99700000000153
1765.42300000000153
1768.25800000000153
1896.29500000000164
1897.92500000000164
1898.08300000000164
1971.30700000000171
-2
256.469000000000186
257.176000000000187
257.268000000000187
257.850000000000187
372.424000000000289
372.549000000000289
372.85000000000029
372.95300000000029
372.97100000000029
373.15800000000029
373.42900000000029
373.59300000000029
373.88100000000029
374.287000000000291
375.320000000000292
375.427000000000292
375.774000000000292
375.915000000000292
376.066000000000292
376.212000000000292
376.483000000000293
377.202000000000293
377.350000000000294
377.499000000000294
377.782000000000294
377.913000000000294
378.411000000000294
378.947000000000295
379.104000000000295
379.232000000000295
379.392000000000295
380.324000000000296
380.490000000000296
380.646000000000296
380.811000000000297
380.938000000000297
381.106000000000297
382.995000000000298
383.163000000000299
383.318000000000299
383.465000000000299
383.590000000000299
383.731000000000299
383.894000000000299
384.046000000000299
384.2120000000003
384.3640000000003
384.5140000000003
384.6480000000003
384.7810000000003
386.152000000000301
386.317000000000301
386.481000000000302
386.637000000000302
386.793000000000302
386.940000000000302
387.078000000000302
388.035000000000303
388.203000000000303
388.371000000000303
388.525000000000303
388.677000000000304
388.829000000000304
388.975000000000304
389.123000000000304
389.252000000000304
390.117000000000305
390.274000000000305
390.448000000000305
390.623000000000305
390.808000000000305
390.966000000000306
391.121000000000306
391.268000000000306
391.425000000000306
391.563000000000306
391.722000000000306
391.867000000000306
392.080000000000307
392.241000000000307
392.411000000000307
392.602000000000307
392.805000000000307
392.973000000000307
393.143000000000308
393.352000000000308
393.516000000000308
393.719000000000308
394.348000000000309
394.487000000000309
394.839000000000309
395.176000000000309
395.349000000000309
395.43000000000031
395.63900000000031
396.18700000000031
396.35800000000031
396.527000000000311
396.700000000000311
396.883000000000311
397.078000000000311
397.254000000000311
397.274000000000311
397.478000000000311
397.657000000000312
397.860000000000312
398.079000000000312
398.253000000000312
398.291000000000312
398.453000000000312
398.651000000000312
398.912000000000313
399.080000000000313
399.172000000000313
399.273000000000313
399.500000000000313
399.657000000000313
400.156000000000314
400.569000000000314
400.729000000000314
400.795000000000314
401.287000000000315
401.669000000000315
403.244000000000316
403.310000000000317
403.381000000000317
403.546000000000317
403.586000000000317
403.704000000000317
403.809000000000317
403.934000000000317
404.922000000000318
405.394000000000318
405.542000000000319
405.730000000000319
405.899000000000319
405.985000000000319
406.098000000000319
406.294000000000319
406.442000000000319
406.479000000000319
406.66700000000032
406.87000000000032
407.05900000000032
407.07200000000032
407.09900000000032
407.27900000000032
407.44000000000032
408.101000000000321
408.904000000000322
409.166000000000322
409.342000000000322
409.491000000000322
409.529000000000322
409.863000000000322
409.988000000000322
410.105000000000323
410.742000000000323
411.196000000000324
414.999000000000327
416.261000000000328
416.420000000000328
417.025000000000329
417.873000000000329
418.05600000000033
419.021000000000331
419.182000000000331
419.374000000000331
419.536000000000331
419.658000000000331
419.854000000000331
420.064000000000331
420.130000000000331
420.189000000000332
420.286000000000332
465.731000000000372
465.979000000000372
466.120000000000372
466.270000000000372
466.415000000000373
466.563000000000373
467.011000000000373
467.359000000000373
467.541000000000374
467.669000000000374
467.887000000000374
468.065000000000374
468.360000000000374
468.525000000000374
468.696000000000375
468.914000000000375
469.091000000000375
469.270000000000375
469.463000000000375
469.651000000000375
469.833000000000376
470.032000000000376
470.179000000000376
470.240000000000376
470.475000000000376
470.702000000000376
470.869000000000377
471.038000000000377
471.194000000000377
471.360000000000377
471.528000000000377
471.575000000000377
471.711000000000377
471.884000000000377
472.077000000000378
472.257000000000378
472.320000000000378
472.456000000000378
472.514000000000378
473.074000000000378
483.165000000000388
483.364000000000388
483.467000000000388
483.924000000000388
484.191000000000388
520.877000000000421
521.176000000000421
521.336000000000421
521.505000000000422
521.740000000000422
522.135000000000422
522.310000000000422
522.463000000000422
522.606000000000422
522.775000000000423
522.920000000000423
523.095000000000423
523.275000000000423
523.451000000000423
523.595000000000423
523.767000000000424
523.937000000000424
524.115000000000424
524.330000000000424
524.482000000000424
524.495000000000424
524.679000000000424
524.881000000000424
525.060000000000425
525.226000000000425
525.252000000000425
525.400000000000425
525.586000000000425
525.616000000000425
525.785000000000425
525.950000000000425
526.090000000000426
526.276000000000426
526.454000000000426
526.479000000000426
526.689000000000426
526.833000000000426
527.017000000000426
527.235000000000427
527.384000000000427
527.407000000000427
527.585000000000427
527.795000000000427
527.811000000000427
528.009000000000427
528.214000000000427
528.241000000000427
528.418000000000428
528.604000000000428
528.795000000000428
529.056000000000428
529.254000000000428
529.430000000000429
529.602000000000429
529.784000000000429
529.979000000000429
530.152000000000429
530.363000000000429
530.55400000000043
530.73400000000043
530.84900000000043
605.785000000000496
606.064000000000497
606.354000000000497
606.483000000000497
606.598000000000497
606.743000000000497
606.980000000000497
711.56800000000059
712.230000000000591
712.514000000000591
712.678000000000591
712.842000000000591
713.349000000000592
713.515000000000592
713.676000000000592
713.869000000000592
714.021000000000592
714.193000000000593
714.383000000000593
714.551000000000593
714.717000000000593
714.892000000000593
715.069000000000593
716.003000000000594
716.214000000000594
716.315000000000594
716.519000000000595
716.688000000000595
716.863000000000595
717.045000000000595
717.232000000000595
717.551000000000596
718.140000000000596
718.232000000000596
718.571000000000597
719.187000000000597
719.476000000000597
719.629000000000598
719.927000000000598
720.423000000000598
720.479000000000598
869.663000000000731
869.844000000000731
870.161000000000731
870.311000000000731
870.463000000000732
870.610000000000732
963.948000000000814
964.044000000000814
964.323000000000815
964.655000000000815
965.141000000000816
965.313000000000816
965.485000000000816
965.691000000000816
966.190000000000816
966.253000000000817
966.378000000000817
966.619000000000817
966.881000000000817
967.033000000000817
1083.20000000000092
1084.14600000000092
1085.54400000000092
1085.70200000000092
1087.14200000000092
1087.42700000000092
1088.33000000000092
1088.53100000000092
1088.68000000000093
1088.84300000000093
1089.00600000000093
1089.17400000000093
1089.38200000000093
1089.52500000000093
1089.70100000000093
1089.87600000000093
1090.06300000000093
1090.23700000000093
1090.41600000000093
1090.86200000000093
1091.02000000000093
1091.42800000000093
1092.66500000000093
1092.80700000000093
1229.78500000000105
1230.99900000000105
1233.97900000000105
1234.15400000000105
1234.29800000000105
1234.45400000000105
1234.61100000000105
1234.78100000000105
1234.92500000000106
1235.31200000000106
1249.90500000000107
1250.23600000000107
1250.32900000000107
1250.34900000000107
1250.46300000000107
1250.74000000000107
1250.89300000000107
1251.09100000000107
1251.28500000000107
1252.21100000000107
1254.52700000000107
1256.23100000000107
1336.64000000000115
1339.65300000000115
1339.87500000000115
1340.46200000000115
1340.80400000000115
1341.95200000000115
1342.25300000000115
1342.51400000000115
1342.67600000000115
1343.16000000000115
1343.22400000000115
1343.57100000000115
1343.83900000000115
1343.95900000000115
1344.43800000000115
1344.55500000000115
1345.51900000000115
1346.84400000000115
1346.96100000000115
1347.49300000000116
1347.62000000000116
1348.48200000000116
1349.07400000000116
1357.91700000000116
1539.92800000000133
1542.96500000000133
1545.98600000000133
1546.13800000000133
1546.30900000000133
1546.48200000000133
1552.88400000000134
1695.59000000000146
1699.74000000000147
1700.98500000000147
1701.27100000000147
1701.54800000000147
1701.69500000000147
1764.92000000000153
1765.21700000000153
1765.48300000000153
1768.36100000000153
1896.32900000000164
1898.01700000000164
1898.28700000000164
1971.34300000000171
1315
-3
71.7530000000000221
72.6470000000000229
329.538000000000251
329.775000000000251
330.353000000000252
330.611000000000252
331.235000000000253
332.314000000000254
332.772000000000254
332.869000000000254
332.988000000000254
333.613000000000255
334.157000000000255
334.450000000000255
431.321000000000341
431.467000000000342
537.449000000000436
537.596000000000436
538.324000000000436
538.941000000000437
539.090000000000437
539.253000000000437
539.400000000000437
539.653000000000438
540.470000000000438
540.611000000000438
540.770000000000439
540.926000000000439
541.083000000000439
542.47500000000044
542.61900000000044
542.77800000000044
542.936000000000441
543.097000000000441
543.272000000000441
543.439000000000441
543.563000000000441
543.698000000000441
543.869000000000441
544.001000000000442
545.125000000000442
545.283000000000443
545.463000000000443
545.627000000000443
545.794000000000443
545.946000000000443
546.115000000000443
546.276000000000444
546.411000000000444
547.275000000000444
547.443000000000445
547.609000000000445
547.781000000000445
547.931000000000445
548.112000000000445
548.264000000000445
548.406000000000445
548.587000000000446
548.741000000000446
548.899000000000446
549.052000000000446
549.192000000000446
549.344000000000446
550.345000000000447
550.496000000000447
550.671000000000447
550.837000000000448
551.018000000000448
551.193000000000448
551.384000000000448
551.529000000000448
551.693000000000448
551.838000000000448
551.982000000000449
552.040000000000449
552.138000000000449
552.304000000000449
552.480000000000449
552.664000000000449
552.847000000000449
553.010000000000449
553.17700000000045
553.32100000000045
553.46200000000045
554.333000000000451
554.444000000000451
554.616000000000451
554.784000000000451
554.957000000000451
555.144000000000451
555.341000000000452
555.516000000000452
555.688000000000452
555.843000000000452
556.004000000000452
557.025000000000453
557.176000000000453
557.355000000000453
557.525000000000454
557.702000000000454
557.877000000000454
558.058000000000454
558.242000000000454
558.414000000000454
558.589000000000454
558.769000000000455
558.950000000000455
559.109000000000455
559.247000000000455
560.299000000000456
560.459000000000456
560.636000000000456
560.804000000000456
560.974000000000457
561.147000000000457
561.316000000000457
561.475000000000457
561.633000000000457
561.800000000000457
561.932000000000457
562.070000000000458
563.252000000000459
563.411000000000459
563.581000000000459
563.746000000000459
563.919000000000459
564.096000000000459
564.27600000000046
564.45100000000046
564.61300000000046
564.77500000000046
564.93600000000046
565.08500000000046
565.22800000000046
565.803000000000461
565.965000000000461
566.116000000000461
566.306000000000461
566.477000000000461
566.655000000000462
566.843000000000462
567.016000000000462
567.194000000000462
567.365000000000462
567.544000000000462
567.706000000000462
567.863000000000463
568.066000000000463
568.224000000000463
569.250000000000464
569.418000000000464
569.580000000000464
569.745000000000464
569.936000000000464
570.106000000000465
570.288000000000465
570.447000000000465
570.628000000000465
571.368000000000466
571.437000000000466
572.369000000000467
572.451000000000467
572.598000000000467
573.087000000000467
575.268000000000469
575.418000000000469
575.58000000000047
575.75000000000047
575.92600000000047
576.09900000000047
576.28400000000047
576.950000000000471
577.100000000000471
577.266000000000471
577.429000000000471
577.594000000000471
577.758000000000471
577.922000000000472
578.081000000000472
578.239000000000472
578.391000000000472
578.540000000000472
578.680000000000472
578.844000000000472
578.926000000000472
579.033000000000473
579.742000000000473
579.952000000000473
580.041000000000474
580.454000000000474
580.617000000000474
580.806000000000474
580.983000000000474
581.179000000000474
581.369000000000475
581.552000000000475
581.749000000000475
581.918000000000475
582.096000000000475
582.263000000000475
582.436000000000476
583.110000000000476
583.533000000000477
583.693000000000477
583.857000000000477
584.028000000000477
584.198000000000477
584.363000000000477
584.543000000000478
584.714000000000478
584.898000000000478
585.081000000000478
585.261000000000478
585.453000000000478
585.634000000000478
585.826000000000479
585.988000000000479
586.163000000000479
586.334000000000479
586.506000000000479
586.683000000000479
586.87200000000048
587.06200000000048
587.23100000000048
588.387000000000481
588.553000000000481
588.749000000000481
588.948000000000481
589.138000000000482
589.320000000000482
589.500000000000482
590.036000000000482
590.280000000000483
980.103000000000829
980.694000000000829
980.819000000000829
980.96600000000083
981.13700000000083
981.28200000000083
981.58800000000083
981.72300000000083
981.87400000000083
982.024000000000831
982.177000000000831
982.341000000000831
982.479000000000831
982.613000000000831
982.739000000000831
983.227000000000832
983.383000000000832
983.551000000000832
983.706000000000832
983.872000000000832
984.023000000000832
984.174000000000832
984.336000000000833
984.495000000000833
984.647000000000833
984.769000000000833
984.912000000000833
985.088000000000833
985.261000000000833
985.421000000000834
985.584000000000834
985.769000000000834
985.953000000000834
986.115000000000834
986.289000000000834
986.440000000000834
987.280000000000835
987.426000000000835
987.597000000000836
987.784000000000836
987.956000000000836
988.124000000000836
988.292000000000836
988.460000000000836
988.632000000000836
988.792000000000837
988.953000000000837
989.127000000000837
989.284000000000837
989.450000000000837
990.308000000000838
990.457000000000838
990.646000000000838
990.857000000000838
991.017000000000839
991.208000000000839
991.404000000000839
991.598000000000839
991.776000000000839
991.959000000000839
992.13900000000084
992.30200000000084
992.47400000000084
992.66500000000084
992.84300000000084
993.02600000000084
993.21600000000084
993.388000000000841
993.552000000000841
994.392000000000842
994.547000000000842
994.723000000000842
994.902000000000842
995.083000000000842
995.257000000000842
995.444000000000842
995.642000000000843
995.827000000000843
996.034000000000843
996.215000000000843
996.398000000000843
996.574000000000843
996.757000000000844
996.951000000000844
997.116000000000844
998.014000000000845
998.170000000000845
998.338000000000845
998.536000000000845
998.718000000000845
998.904000000000846
999.116000000000846
999.322000000000846
999.498000000000846
999.682000000000846
999.781000000000846
999.870000000000846
1000.053000000000847
1000.237000000000847
1000.416000000000847
1000.591000000000847
1000.763000000000847
1000.927000000000847
1001.076000000000847
1001.262000000000848
1001.446000000000848
1001.649000000000848
1001.828000000000848
1002.020000000000848
1002.213000000000848
1002.404000000000849
1002.590000000000849
1002.768000000000849
1002.934000000000849
1003.098000000000849
1003.263000000000849
1003.43400000000085
1003.61900000000085
1003.78600000000085
1004.50200000000085
1004.654000000000851
1004.823000000000851
1004.991000000000851
1005.158000000000851
1005.348000000000851
1005.511000000000851
1005.669000000000852
1005.831000000000852
1005.996000000000852
1006.167000000000852
1006.355000000000852
1006.537000000000852
1006.639000000000852
1006.745000000000852
1006.921000000000853
1007.075000000000853
1007.270000000000853
1007.428000000000853
1007.598000000000853
1007.739000000000853
1008.452000000000854
1008.610000000000854
1008.799000000000854
1008.980000000000854
1009.147000000000855
1009.333000000000855
1009.515000000000855
1009.688000000000855
1009.868000000000855
1010.052000000000855
1010.249000000000856
1010.443000000000856
1010.665000000000856
1010.845000000000856
1011.021000000000856
1011.198000000000856
1011.390000000000857
1011.557000000000857
1011.726000000000857
1011.883000000000857
1012.057000000000857
1012.226000000000857
1012.401000000000858
1012.581000000000858
1012.757000000000858
1012.949000000000858
1013.145000000000858
1013.342000000000858
1013.522000000000858
1013.700000000000859
1013.860000000000859
1014.042000000000859
1014.214000000000859
1014.390000000000859
1014.566000000000859
1014.75400000000086
1014.92800000000086
1015.11100000000086
1015.30100000000086
1015.47500000000086
1015.65500000000086
1015.82300000000086
1015.994000000000861
1016.171000000000861
1016.349000000000861
1016.513000000000861
1016.687000000000861
1016.862000000000861
1017.035000000000862
1017.195000000000862
1017.358000000000862
1017.534000000000862
1017.715000000000862
1017.893000000000862
1018.079000000000862
1018.256000000000863
1018.438000000000863
1018.623000000000863
1018.820000000000863
1019.006000000000863
1019.187000000000864
1019.356000000000864
1019.506000000000864
1019.691000000000864
1019.881000000000864
1020.066000000000864
1020.257000000000864
1020.454000000000865
1020.637000000000865
1020.814000000000865
1020.992000000000865
1021.172000000000865
1021.350000000000865
1021.531000000000866
1021.716000000000866
1021.900000000000866
1022.862000000000867
1023.022000000000867
1023.200000000000867
1023.375000000000867
1023.548000000000867
1023.724000000000868
1023.911000000000868
1024.10100000000087
1024.29200000000087
1024.47900000000087
1025.04800000000087
1025.22800000000087
1025.43300000000087
1025.63700000000087
1025.81200000000087
1026.00100000000087
1026.19300000000087
1032.84700000000088
1032.97900000000088
1033.13000000000088
1033.29600000000088
1033.47000000000088
1033.64900000000088
1033.83100000000088
1034.01000000000088
1034.18000000000088
1034.35700000000088
1034.53000000000088
1034.69400000000088
1034.85800000000088
1035.02800000000088
1035.18800000000088
1035.35400000000088
1035.52700000000088
1035.69700000000088
1035.85900000000088
1036.03800000000088
1036.20100000000088
1036.37100000000088
1036.54000000000088
1036.68700000000088
1037.40900000000088
1037.56600000000088
1037.74200000000088
1037.90700000000088
1038.08400000000088
1038.26100000000088
1038.43000000000088
1038.60600000000088
1038.77500000000088
1038.95200000000088
1039.13400000000088
1039.29600000000088
1039.45300000000088
1039.59100000000088
1040.17100000000088
1040.32600000000088
1040.49600000000088
1040.67300000000088
1040.84900000000088
1041.02900000000088
1041.68400000000088
1041.86100000000088
1042.05300000000088
1042.24600000000088
1042.36200000000088
1042.49800000000088
1042.66700000000088
1042.84400000000088
1043.02700000000088
1043.20800000000088
1043.38700000000088
1043.55600000000089
1043.72000000000089
1043.89300000000089
1044.48200000000089
1044.64100000000089
1044.82500000000089
1045.03700000000089
1045.23100000000089
1045.44300000000089
1049.72300000000089
1049.87200000000089
1050.04100000000089
1050.22700000000089
1050.41000000000089
1050.58900000000089
1050.78300000000089
1050.97400000000089
1051.15600000000089
1051.33100000000089
1051.51300000000089
1051.68000000000089
1051.83500000000089
1051.98300000000089
1052.11700000000089
1052.30700000000089
1052.48200000000089
1052.65700000000089
1052.81900000000089
1052.97000000000089
1053.15900000000089
1054.00800000000089
1054.16900000000089
1054.35400000000089
1054.53700000000089
1054.7230000000009
1054.9300000000009
1055.1120000000009
1055.3040000000009
1055.4730000000009
1055.6460000000009
1055.8110000000009
1055.9870000000009
1056.1620000000009
1056.3180000000009
1056.7590000000009
1056.9300000000009
1057.0990000000009
1057.2710000000009
1057.4060000000009
1057.5960000000009
1057.7810000000009
1057.9740000000009
1058.1660000000009
1058.3470000000009
1058.5250000000009
1058.7030000000009
1058.8720000000009
1059.3760000000009
1059.5200000000009
1059.6980000000009
1059.8830000000009
1059.9820000000009
1060.0990000000009
1060.2730000000009
1060.4150000000009
1060.8760000000009
1061.0450000000009
1061.1980000000009
1061.3890000000009
1061.5750000000009
1061.6640000000009
1061.9300000000009
1062.1170000000009
1062.3090000000009
1062.4970000000009
1063.1140000000009
1064.1800000000009
1064.5450000000009
1064.7100000000009
1064.8960000000009
1065.0940000000009
1065.2810000000009
1065.4680000000009
1065.6370000000009
1065.8330000000009
1065.9470000000009
1067.08900000000091
1068.30900000000091
1068.46100000000091
1068.63500000000091
1068.80300000000091
1068.97300000000091
1069.15000000000091
1069.32300000000091
1158.44000000000099
1158.69100000000099
1158.83000000000099
1158.98700000000099
1159.15100000000099
1159.29900000000099
1159.45100000000099
1159.59300000000099
1159.74200000000099
1159.87600000000099
1160.01500000000099
1160.65700000000099
1160.79300000000099
1160.95400000000099
1161.11000000000099
1161.26400000000099
1161.41000000000099
1161.54600000000099
1161.70000000000099
1161.83600000000099
1162.00000000000099
1162.17500000000099
1162.31100000000099
1163.08400000000099
1163.23900000000099
1163.42500000000099
1163.59300000000099
1163.77300000000099
1163.94000000000099
1164.10000000000099
1164.26500000000099
1164.42600000000099
1164.59700000000099
1164.72800000000099
1164.89200000000099
1165.04400000000099
1165.20600000000099
1165.65100000000099
1165.79000000000099
1165.97100000000099
1166.14100000000099
1166.31200000000099
1166.48200000000099
1166.64900000000099
1166.80500000000099
1166.96200000000099
1167.10000000000099
1167.250000000001
1167.703000000001
1167.876000000001
1168.036000000001
1168.210000000001
1168.374000000001
1168.529000000001
1168.674000000001
1168.851000000001
1169.024000000001
1169.174000000001
1169.317000000001
1169.755000000001
1169.913000000001
1170.070000000001
1170.237000000001
1170.397000000001
1170.536000000001
1170.694000000001
1170.893000000001
1171.075000000001
1171.253000000001
1171.422000000001
1171.593000000001
1171.737000000001
1172.392000000001
1172.553000000001
1172.727000000001
1172.897000000001
1173.071000000001
1173.233000000001
1173.537000000001
1174.960000000001
1175.102000000001
1175.273000000001
1175.446000000001
1175.622000000001
1175.802000000001
1175.996000000001
1177.592000000001
1178.204000000001
1178.357000000001
1178.68800000000101
1178.86700000000101
1179.04300000000101
1179.25200000000101
1179.41900000000101
1179.59200000000101
1179.73400000000101
1180.97600000000101
1181.12000000000101
1181.28700000000101
1181.45400000000101
1181.62600000000101
1181.80600000000101
1181.98200000000101
1182.12200000000101
1182.27400000000101
1182.40800000000101
1184.15600000000101
1184.31200000000101
1184.50000000000101
1184.68000000000101
1184.84200000000101
1185.02000000000101
1185.18700000000101
1185.36600000000101
1185.52900000000101
1185.69800000000101
1185.87500000000101
1186.02600000000101
1186.20500000000101
1186.36400000000101
1186.54200000000101
1186.72600000000101
1186.91600000000101
1186.93000000000101
1187.10200000000101
1187.30800000000101
1187.51100000000101
1187.66500000000101
1187.82600000000101
1187.99600000000101
1189.46200000000101
1189.75700000000101
1191.68200000000102
1191.98200000000102
1192.18300000000102
1192.48900000000102
1193.57600000000102
1195.00000000000102
1195.31700000000102
1195.68000000000102
1196.10100000000102
1196.28200000000102
1196.43600000000102
1196.62300000000102
1196.80000000000102
1196.98800000000102
1197.17700000000102
1197.35200000000102
1197.51400000000102
1197.65300000000102
1197.80100000000102
1198.72000000000102
1198.85400000000102
1199.01800000000102
1199.17800000000102
1199.33300000000102
1199.49800000000102
1199.65200000000102
1199.78700000000102
1199.94400000000102
1201.06200000000103
1201.13400000000103
1201.56600000000103
1202.09300000000103
1202.25000000000103
1202.31900000000103
1202.70000000000103
1202.86900000000103
1203.06800000000103
1203.23900000000103
1203.41500000000103
1203.57900000000103
1203.73600000000103
1203.88800000000103
1204.02800000000103
1204.17800000000103
1204.31100000000103
1301.43500000000111
1301.57400000000111
1301.71800000000111
1301.86500000000111
1302.01800000000111
1302.17100000000111
1302.31100000000112
1302.45700000000112
1302.59200000000112
1302.73600000000112
1303.38000000000112
1303.49300000000112
1303.65100000000112
1303.80200000000112
1303.95900000000112
1304.10400000000112
1304.25900000000112
1305.02900000000112
1305.19200000000112
1305.34900000000112
1305.51700000000112
1305.67300000000112
1305.84000000000112
1305.99800000000112
1306.13400000000112
1306.29300000000112
1306.41500000000112
1306.58200000000112
1306.73000000000112
1306.89300000000112
1307.05600000000112
1307.20900000000112
1307.36100000000112
1307.52200000000112
1307.64800000000112
1307.78400000000112
1307.96400000000112
1308.10100000000112
1308.28000000000112
1308.44400000000112
1308.61200000000112
1308.77200000000112
1308.93300000000112
1309.74400000000112
1309.89300000000112
1310.06000000000112
1310.22200000000112
1310.38200000000112
1310.53800000000112
1310.70600000000112
1310.86900000000112
1311.02600000000112
1311.15900000000112
1311.30600000000112
1311.49400000000112
1311.61600000000112
1312.44100000000112
1312.60900000000112
1312.78800000000112
1312.96600000000112
1313.13100000000112
1313.29400000000112
1313.43700000000112
1314.20200000000113
1314.36000000000113
1314.52800000000113
1314.71000000000113
1314.88600000000113
1315.05900000000113
1315.22900000000113
1315.37900000000113
1315.51600000000113
1316.24600000000113
1316.40600000000113
1316.58900000000113
1316.76600000000113
1316.95000000000113
1317.12000000000113
1317.28900000000113
1317.44600000000113
1318.42100000000113
1318.58600000000113
1318.74100000000113
1318.91200000000113
1319.07800000000113
1319.25100000000113
1319.42300000000113
1319.59400000000113
1319.75900000000113
1319.93000000000113
1320.08600000000113
1320.22300000000113
1320.39800000000113
1320.57000000000113
1320.74500000000113
1320.90700000000113
1321.07100000000113
1321.24900000000113
1321.41400000000113
1321.59300000000113
1321.76100000000113
1321.93700000000113
1322.10400000000113
1322.28200000000113
1322.46900000000113
1322.65000000000113
1322.84200000000113
1323.03700000000113
1323.21300000000113
1323.41400000000113
1323.58900000000113
1323.77900000000113
1323.97300000000113
1324.14100000000113
1324.33700000000113
1324.47600000000113
1324.63800000000113
1324.81800000000113
1324.97600000000114
1325.12600000000114
1325.27200000000114
1325.45700000000114
1325.62300000000114
1325.78500000000114
1325.94100000000114
1326.10400000000114
1326.27700000000114
1326.44300000000114
1328.07700000000114
1328.25000000000114
1328.42200000000114
1328.59000000000114
1328.74900000000114
1328.92200000000114
1329.08300000000114
1329.25200000000114
1329.41300000000114
1329.55700000000114
1394.2790000000012
1394.4110000000012
1394.5560000000012
1394.7100000000012
1394.8650000000012
1395.0220000000012
1395.1790000000012
1395.3230000000012
1395.4730000000012
1395.6060000000012
1395.7460000000012
1395.9080000000012
1396.0380000000012
1396.1820000000012
1396.3120000000012
1396.4510000000012
1396.6050000000012
1396.8040000000012
1396.9500000000012
1397.1070000000012
1397.2630000000012
1397.9150000000012
1398.0420000000012
1398.1980000000012
1398.3680000000012
1398.5390000000012
1398.7070000000012
1398.8700000000012
1399.0480000000012
1399.1870000000012
1399.3360000000012
1399.4660000000012
1400.1190000000012
1400.2830000000012
1400.4510000000012
1400.6330000000012
1400.7950000000012
1400.9730000000012
1401.1330000000012
1401.2770000000012
1401.4130000000012
1401.5880000000012
1401.7730000000012
1401.9440000000012
1402.1210000000012
1402.2750000000012
1402.4460000000012
1402.5940000000012
1402.7610000000012
1402.9100000000012
1403.0690000000012
1404.09500000000121
1404.22300000000121
1404.39200000000121
1404.56100000000121
1404.74500000000121
1404.92100000000121
1405.09500000000121
1405.26600000000121
1405.43600000000121
1405.59900000000121
1405.75200000000121
1406.74900000000121
1406.90100000000121
1407.07700000000121
1407.25800000000121
1407.42200000000121
1407.59500000000121
1407.77200000000121
1407.94300000000121
1408.10700000000121
1408.26300000000121
1408.42000000000121
1409.56300000000121
1409.69400000000121
1409.86400000000121
1410.04600000000121
1410.21800000000121
1410.39100000000121
1410.57200000000121
1410.74400000000121
1410.92700000000121
1411.12700000000121
1411.26900000000121
1569.47800000000135
1569.60500000000135
1569.74800000000135
1569.90100000000135
1570.04800000000135
1570.20200000000135
1570.35500000000135
1570.51400000000135
1570.66700000000135
1570.81900000000135
1571.20700000000135
1571.32600000000135
1571.48700000000135
1571.64500000000135
1571.80300000000135
1571.94100000000135
1572.10000000000135
1572.25800000000135
1572.40800000000135
1572.56500000000136
1572.70400000000136
1572.84800000000136
1573.02600000000136
1573.16800000000136
1573.32400000000136
1574.12000000000136
1574.28500000000136
1574.44300000000136
1574.61600000000136
1574.76000000000136
1574.92100000000136
1575.08400000000136
1575.24300000000136
1575.41300000000136
1575.57600000000136
1575.71400000000136
1575.84800000000136
1576.02000000000136
1576.16400000000136
1576.30800000000136
1576.48100000000136
1576.64700000000136
1576.79300000000136
1576.96600000000136
1577.13000000000136
1577.28600000000136
1577.44100000000136
1577.61100000000136
1577.77200000000136
1577.93400000000136
1578.09200000000136
1578.24600000000136
1578.39800000000136
1579.08500000000136
1579.24900000000136
1579.42100000000136
1579.59300000000136
1579.75900000000136
1579.93000000000136
1580.09900000000136
1580.27000000000136
1580.43300000000136
1580.58900000000136
1581.43200000000136
1581.59500000000136
1581.77600000000136
1581.97500000000136
1582.13700000000136
1582.32000000000136
1582.49600000000136
1582.67200000000136
1582.85000000000136
1583.84700000000136
1584.01600000000137
1584.18600000000137
1584.35700000000137
1584.53400000000137
1584.70900000000137
1584.88000000000137
1585.06100000000137
1585.23200000000137
1585.39800000000137
1585.56300000000137
1585.72800000000137
1585.89700000000137
1586.07200000000137
1586.24100000000137
1586.81800000000137
1586.97200000000137
1587.15100000000137
1587.33300000000137
1587.51300000000137
1587.69200000000137
1587.86600000000137
1588.03900000000137
1588.21100000000137
1588.37300000000137
1588.53500000000137
1588.69300000000137
1588.85600000000137
1589.01700000000137
1589.20000000000137
1589.37500000000137
1589.53000000000137
1589.70400000000137
1589.87500000000137
1590.77700000000137
1590.94500000000137
1591.12500000000137
1591.30500000000137
1591.48500000000137
1591.66700000000137
1591.84500000000137
1592.02300000000137
1592.19700000000137
1592.36300000000137
1592.53400000000137
1592.70400000000137
1592.88600000000137
1593.05800000000137
1593.22900000000137
1594.53400000000137
1594.69200000000137
1594.86600000000137
1595.03400000000138
1595.21100000000138
1595.38400000000138
1595.57500000000138
1595.75300000000138
1595.92500000000138
1596.09000000000138
1596.26200000000138
1596.41800000000138
1596.87700000000138
1597.01400000000138
1597.19900000000138
1597.36500000000138
1597.55300000000138
1597.74200000000138
1597.92500000000138
1598.09300000000138
1598.27600000000138
1598.44300000000138
1598.61500000000138
1598.79600000000138
1598.97700000000138
1599.16000000000138
1600.50700000000138
1600.65900000000138
1600.83400000000138
1601.02200000000138
1601.20300000000138
1601.39200000000138
1601.58700000000138
1601.77700000000138
1601.95600000000138
1602.13000000000138
1602.30800000000138
1602.47300000000138
1602.63900000000138
1602.82100000000138
1604.26000000000138
1604.41800000000138
1604.60100000000138
1604.78000000000138
1604.95800000000138
1605.16200000000138
1605.34500000000138
1605.53700000000138
1605.72300000000138
1605.90300000000138
1606.07100000000138
1606.23900000000138
1606.40200000000138
1606.54100000000139
1606.68700000000139
1607.07700000000139
1607.24500000000139
1607.42000000000139
1607.57800000000139
1607.75800000000139
1607.91000000000139
1608.08700000000139
1608.51600000000139
1608.65100000000139
1608.82400000000139
1608.92400000000139
1609.03000000000139
1609.18600000000139
1609.34300000000139
1609.51800000000139
1609.69400000000139
1609.86500000000139
1610.02600000000139
1610.19200000000139
1610.33900000000139
1610.49800000000139
1610.64900000000139
1610.81400000000139
1610.97900000000139
1611.11300000000139
1611.27200000000139
1612.67200000000139
1612.83400000000139
1613.00700000000139
1613.19000000000139
1613.36500000000139
1613.54600000000139
1613.73000000000139
1613.90300000000139
1614.04400000000139
1614.23900000000139
1614.41100000000139
1614.57600000000139
1614.71700000000139
1614.89300000000139
1615.05100000000139
1615.23200000000139
1615.37200000000139
1619.3500000000014
1619.4870000000014
1619.6480000000014
1619.8240000000014
1620.0090000000014
1620.1860000000014
1620.3710000000014
1620.5530000000014
1620.7220000000014
1620.9150000000014
1621.0730000000014
1621.2100000000014
1621.3430000000014
1713.13600000000148
1713.26700000000148
1713.41500000000148
1713.56800000000148
1713.72300000000148
1713.88100000000148
1714.03700000000148
1714.18800000000148
1714.32500000000148
1714.47100000000148
1714.60400000000148
1714.74800000000148
1714.87800000000148
1715.38000000000148
1715.53100000000148
1715.68900000000148
1715.84800000000148
1716.01900000000148
1716.16800000000148
1716.31700000000148
1716.48700000000148
1716.64100000000148
1716.80400000000148
1716.94800000000148
1717.09300000000148
1717.23600000000148
1717.89000000000148
1718.03800000000148
1718.19600000000148
1718.34400000000148
1718.50600000000148
1718.65600000000148
1718.79900000000148
1718.96500000000148
1719.10200000000149
1719.88700000000149
1720.04600000000149
1720.20200000000149
1720.36500000000149
1720.53700000000149
1720.70200000000149
1720.84600000000149
1721.01000000000149
1721.14100000000149
1721.27400000000149
1721.45300000000149
1721.61100000000149
1721.78100000000149
1721.93100000000149
1722.06000000000149
1722.90200000000149
1723.06400000000149
1723.23800000000149
1723.39800000000149
1723.56400000000149
1723.73100000000149
1723.88000000000149
1724.04900000000149
1725.16900000000149
1725.33300000000149
1725.50700000000149
1725.66800000000149
1725.83300000000149
1729.33600000000149
1729.47300000000149
1729.69600000000149
1729.85900000000149
1730.01000000000149
1730.1900000000015
-4
71.8500000000000222
72.760000000000023
329.588000000000251
329.875000000000251
330.548000000000252
330.693000000000252
331.921000000000253
332.573000000000254
332.793000000000254
332.941000000000254
333.063000000000254
334.033000000000255
334.241000000000255
335.196000000000256
431.431000000000342
431.579000000000342
537.484000000000436
537.639000000000436
538.644000000000437
539.016000000000437
539.179000000000437
539.332000000000437
539.469000000000437
539.693000000000438
540.538000000000438
540.695000000000439
540.853000000000439
540.998000000000439
541.134000000000439
542.53900000000044
542.69500000000044
542.85600000000044
543.016000000000441
543.190000000000441
543.355000000000441
543.478000000000441
543.596000000000441
543.779000000000441
543.912000000000441
544.034000000000442
545.195000000000443
545.375000000000443
545.542000000000443
545.706000000000443
545.860000000000443
546.022000000000443
546.162000000000443
546.316000000000444
546.494000000000444
547.350000000000444
547.519000000000445
547.692000000000445
547.838000000000445
548.015000000000445
548.170000000000445
548.318000000000445
548.485000000000445
548.639000000000446
548.796000000000446
548.959000000000446
549.097000000000446
549.256000000000446
549.377000000000446
550.408000000000447
550.578000000000447
550.746000000000447
550.928000000000448
551.111000000000448
551.271000000000448
551.443000000000448
551.597000000000448
551.742000000000448
551.886000000000448
552.030000000000449
552.070000000000449
552.183000000000449
552.380000000000449
552.569000000000449
552.747000000000449
552.922000000000449
553.08900000000045
553.22900000000045
553.37100000000045
553.49100000000045
554.353000000000451
554.523000000000451
554.695000000000451
554.871000000000451
555.055000000000451
555.246000000000451
555.427000000000452
555.596000000000452
555.758000000000452
555.913000000000452
556.048000000000452
557.091000000000453
557.261000000000453
557.435000000000453
557.609000000000454
557.790000000000454
557.965000000000454
558.149000000000454
558.318000000000454
558.499000000000454
558.657000000000454
558.858000000000455
559.009000000000455
559.154000000000455
559.278000000000455
560.368000000000456
560.540000000000456
560.710000000000456
560.885000000000456
561.064000000000457
561.219000000000457
561.381000000000457
561.538000000000457
561.696000000000457
561.842000000000457
561.974000000000457
562.110000000000458
563.321000000000459
563.491000000000459
563.657000000000459
563.828000000000459
564.005000000000459
564.183000000000459
564.35600000000046
564.52100000000046
564.68100000000046
564.84300000000046
564.99100000000046
565.13100000000046
565.26400000000046
565.872000000000461
566.014000000000461
566.193000000000461
566.386000000000461
566.561000000000462
566.740000000000462
566.917000000000462
567.092000000000462
567.262000000000462
567.441000000000462
567.607000000000462
567.765000000000463
567.942000000000463
568.135000000000463
568.310000000000463
569.319000000000464
569.490000000000464
569.653000000000464
569.834000000000464
570.014000000000465
570.196000000000465
570.351000000000465
570.511000000000465
570.705000000000465
571.418000000000466
571.472000000000466
572.408000000000467
572.486000000000467
572.632000000000467
573.199000000000467
575.331000000000469
575.484000000000469
575.65800000000047
575.83100000000047
576.01900000000047
576.19200000000047
576.37800000000047
577.011000000000471
577.177000000000471
577.344000000000471
577.511000000000471
577.674000000000471
577.836000000000472
577.991000000000472
578.147000000000472
578.295000000000472
578.446000000000472
578.584000000000472
578.722000000000472
578.898000000000472
578.959000000000472
579.104000000000473
579.906000000000473
579.985000000000473
580.095000000000474
580.511000000000474
580.701000000000474
580.889000000000474
581.078000000000474
581.266000000000475
581.455000000000475
581.656000000000475
581.822000000000475
582.009000000000475
582.167000000000475
582.331000000000476
582.486000000000476
583.139000000000476
583.605000000000477
583.762000000000477
583.934000000000477
584.109000000000477
584.273000000000477
584.449000000000477
584.623000000000478
584.803000000000478
584.991000000000478
585.177000000000478
585.361000000000478
585.559000000000478
585.719000000000479
585.904000000000479
586.098000000000479
586.256000000000479
586.419000000000479
586.601000000000479
586.78600000000048
586.98000000000048
587.15800000000048
587.31600000000048
588.477000000000481
588.658000000000481
588.856000000000481
589.047000000000482
589.250000000000482
589.422000000000482
589.568000000000482
590.095000000000482
593.434000000000485
980.163000000000829
980.739000000000829
980.87400000000083
981.02700000000083
981.19300000000083
981.36200000000083
981.65100000000083
981.78500000000083
981.94800000000083
982.093000000000831
982.257000000000831
982.396000000000831
982.526000000000831
982.650000000000831
982.762000000000831
983.295000000000832
983.458000000000832
983.618000000000832
983.782000000000832
983.936000000000832
984.083000000000832
984.232000000000832
984.406000000000833
984.556000000000833
984.678000000000833
984.808000000000833
984.997000000000833
985.169000000000833
985.337000000000833
985.487000000000834
985.670000000000834
985.852000000000834
986.023000000000834
986.195000000000834
986.355000000000834
986.477000000000834
987.330000000000835
987.498000000000835
987.677000000000836
987.857000000000836
988.035000000000836
988.200000000000836
988.367000000000836
988.543000000000836
988.700000000000836
988.860000000000837
989.020000000000837
989.196000000000837
989.359000000000837
989.485000000000837
990.363000000000838
990.547000000000838
990.745000000000838
990.922000000000838
991.104000000000839
991.307000000000839
991.510000000000839
991.684000000000839
991.863000000000839
992.042000000000839
992.21100000000084
992.38400000000084
992.55800000000084
992.75600000000084
992.92900000000084
993.10400000000084
993.29100000000084
993.460000000000841
993.594000000000841
994.452000000000842
994.623000000000842
994.810000000000842
994.989000000000842
995.171000000000842
995.342000000000842
995.540000000000843
995.728000000000843
995.927000000000843
996.122000000000843
996.304000000000843
996.483000000000843
996.665000000000844
996.844000000000844
997.024000000000844
997.190000000000844
998.073000000000845
998.250000000000845
998.430000000000845
998.626000000000845
998.814000000000845
999.010000000000846
999.216000000000846
999.404000000000846
999.589000000000846
999.771000000000846
999.807000000000846
999.959000000000846
1000.149000000000847
1000.330000000000847
1000.486000000000847
1000.676000000000847
1000.829000000000847
1000.978000000000847
1001.165000000000848
1001.349000000000848
1001.548000000000848
1001.750000000000848
1001.926000000000848
1002.119000000000848
1002.314000000000849
1002.496000000000849
1002.676000000000849
1002.848000000000849
1003.013000000000849
1003.176000000000849
1003.34900000000085
1003.53100000000085
1003.69500000000085
1003.84000000000085
1004.580000000000851
1004.740000000000851
1004.909000000000851
1005.076000000000851
1005.253000000000851
1005.430000000000851
1005.585000000000851
1005.738000000000852
1005.897000000000852
1006.072000000000852
1006.257000000000852
1006.447000000000852
1006.631000000000852
1006.673000000000852
1006.833000000000853
1006.985000000000853
1007.166000000000853
1007.341000000000853
1007.505000000000853
1007.645000000000853
1007.773000000000853
1008.521000000000854
1008.703000000000854
1008.889000000000854
1009.062000000000854
1009.237000000000855
1009.425000000000855
1009.597000000000855
1009.779000000000855
1009.964000000000855
1010.150000000000856
1010.347000000000856
1010.536000000000856
1010.758000000000856
1010.935000000000856
1011.119000000000856
1011.310000000000856
1011.495000000000857
1011.668000000000857
1011.794000000000857
1011.993000000000857
1012.158000000000857
1012.319000000000857
1012.495000000000858
1012.668000000000858
1012.856000000000858
1013.046000000000858
1013.237000000000858
1013.435000000000858
1013.613000000000859
1013.772000000000859
1013.953000000000859
1014.120000000000859
1014.297000000000859
1014.477000000000859
1014.648000000000859
1014.83700000000086
1015.01700000000086
1015.20100000000086
1015.38900000000086
1015.55800000000086
1015.73300000000086
1015.901000000000861
1016.081000000000861
1016.260000000000861
1016.426000000000861
1016.596000000000861
1016.778000000000861
1016.944000000000862
1017.113000000000862
1017.273000000000862
1017.451000000000862
1017.631000000000862
1017.808000000000862
1017.990000000000862
1018.170000000000863
1018.354000000000863
1018.537000000000863
1018.720000000000863
1018.906000000000863
1019.102000000000863
1019.269000000000864
1019.409000000000864
1019.598000000000864
1019.791000000000864
1019.983000000000864
1020.161000000000864
1020.357000000000865
1020.549000000000865
1020.727000000000865
1020.898000000000865
1021.088000000000865
1021.274000000000865
1021.443000000000866
1021.627000000000866
1021.817000000000866
1021.992000000000866
1022.940000000000867
1023.113000000000867
1023.296000000000867
1023.470000000000867
1023.645000000000868
1023.829000000000868
1024.01200000000087
1024.20400000000087
1024.38800000000087
1024.56600000000087
1025.12500000000087
1025.31500000000087
1025.53000000000087
1025.71400000000087
1025.90200000000087
1026.10900000000087
1026.27800000000087
1032.90500000000088
1033.04900000000088
1033.21800000000088
1033.39100000000088
1033.57200000000088
1033.74900000000088
1033.93100000000088
1034.10500000000088
1034.27700000000088
1034.44800000000088
1034.61600000000088
1034.78200000000088
1034.94300000000088
1035.10400000000088
1035.27300000000088
1035.44400000000088
1035.61400000000088
1035.78700000000088
1035.95200000000088
1036.12300000000088
1036.29000000000088
1036.45800000000088
1036.59500000000088
1036.70900000000088
1037.47900000000088
1037.65600000000088
1037.82300000000088
1037.99600000000088
1038.17200000000088
1038.34000000000088
1038.51300000000088
1038.69100000000088
1038.87000000000088
1039.04700000000088
1039.20200000000088
1039.36600000000088
1039.49900000000088
1039.64600000000088
1040.24300000000088
1040.41100000000088
1040.59200000000088
1040.76900000000088
1040.94400000000088
1041.13600000000088
1041.77000000000088
1041.96200000000088
1042.14300000000088
1042.33700000000088
1042.43200000000088
1042.58500000000088
1042.75900000000088
1042.93300000000088
1043.12300000000088
1043.30300000000088
1043.47000000000088
1043.62700000000089
1043.80500000000089
1043.96300000000089
1044.56400000000089
1044.73400000000089
1044.93000000000089
1045.13200000000089
1045.33000000000089
1045.53800000000089
1049.78000000000089
1049.95600000000089
1050.14200000000089
1050.32900000000089
1050.50800000000089
1050.69700000000089
1050.88500000000089
1051.06900000000089
1051.25100000000089
1051.42800000000089
1051.59400000000089
1051.74800000000089
1051.89200000000089
1052.02600000000089
1052.21500000000089
1052.39200000000089
1052.57200000000089
1052.73200000000089
1052.88100000000089
1053.04900000000089
1053.20100000000089
1054.08100000000089
1054.25600000000089
1054.45200000000089
1054.6350000000009
1054.8260000000009
1055.0280000000009
1055.2160000000009
1055.3830000000009
1055.5590000000009
1055.7240000000009
1055.8980000000009
1056.0750000000009
1056.2280000000009
1056.3570000000009
1056.8250000000009
1056.9950000000009
1057.1530000000009
1057.3100000000009
1057.4940000000009
1057.6930000000009
1057.8830000000009
1058.0740000000009
1058.2520000000009
1058.4370000000009
1058.6100000000009
1058.7760000000009
1058.9590000000009
1059.4110000000009
1059.6070000000009
1059.7750000000009
1059.9690000000009
1060.0270000000009
1060.1810000000009
1060.3230000000009
1060.4430000000009
1060.9470000000009
1061.1070000000009
1061.2670000000009
1061.4620000000009
1061.6620000000009
1061.7250000000009
1062.0240000000009
1062.2160000000009
1062.4060000000009
1062.5900000000009
1063.1840000000009
1064.2780000000009
1064.6200000000009
1064.8110000000009
1065.0020000000009
1065.1930000000009
1065.3810000000009
1065.5470000000009
1065.7200000000009
1065.8630000000009
1066.02400000000091
1067.97100000000091
1068.36700000000091
1068.54300000000091
1068.72300000000091
1068.89100000000091
1069.06600000000091
1069.23300000000091
1069.39300000000091
1158.46400000000099
1158.74200000000099
1158.90600000000099
1159.07100000000099
1159.22400000000099
1159.37400000000099
1159.51500000000099
1159.66600000000099
1159.79400000000099
1159.93200000000099
1160.06900000000099
1160.70600000000099
1160.86300000000099
1161.02800000000099
1161.18200000000099
1161.32600000000099
1161.46100000000099
1161.61300000000099
1161.74800000000099
1161.91100000000099
1162.07000000000099
1162.22700000000099
1162.34100000000099
1163.14900000000099
1163.33000000000099
1163.50700000000099
1163.68400000000099
1163.85100000000099
1164.01100000000099
1164.17600000000099
1164.33600000000099
1164.49100000000099
1164.63900000000099
1164.80100000000099
1164.93100000000099
1165.09600000000099
1165.24400000000099
1165.69000000000099
1165.86900000000099
1166.05000000000099
1166.22500000000099
1166.39700000000099
1166.56600000000099
1166.71800000000099
1166.87200000000099
1167.00500000000099
1167.14600000000099
1167.288000000001
1167.772000000001
1167.948000000001
1168.119000000001
1168.282000000001
1168.434000000001
1168.579000000001
1168.758000000001
1168.933000000001
1169.080000000001
1169.223000000001
1169.382000000001
1169.822000000001
1169.980000000001
1170.149000000001
1170.306000000001
1170.443000000001
1170.576000000001
1170.787000000001
1170.983000000001
1171.163000000001
1171.330000000001
1171.500000000001
1171.641000000001
1171.763000000001
1172.465000000001
1172.636000000001
1172.813000000001
1172.981000000001
1173.144000000001
1173.307000000001
1173.609000000001
1175.012000000001
1175.176000000001
1175.355000000001
1175.535000000001
1175.712000000001
1175.888000000001
1176.039000000001
1177.807000000001
1178.266000000001
1178.448000000001
1178.78100000000101
1178.96000000000101
1179.14500000000101
1179.33000000000101
1179.51200000000101
1179.64300000000101
1179.76700000000101
1181.03600000000101
1181.19700000000101
1181.36900000000101
1181.53900000000101
1181.71600000000101
1181.88900000000101
1182.03100000000101
1182.18200000000101
1182.31500000000101
1182.44400000000101
1184.21700000000101
1184.39100000000101
1184.58600000000101
1184.75300000000101
1184.93300000000101
1185.10800000000101
1185.28300000000101
1185.44300000000101
1185.61600000000101
1185.78300000000101
1185.93200000000101
1186.10100000000101
1186.32800000000101
1186.50600000000101
1186.69100000000101
1186.88200000000101
1186.92600000000101
1187.05400000000101
1187.28100000000101
1187.43200000000101
1187.56900000000101
1187.73500000000101
1187.89500000000101
1188.06000000000101
1189.52800000000101
1189.79100000000102
1191.73300000000102
1192.01800000000102
1192.41800000000102
1192.81700000000102
1193.63000000000102
1195.27700000000102
1195.35400000000102
1195.85800000000102
1196.14700000000102
1196.35600000000102
1196.54000000000102
1196.71700000000102
1196.90100000000102
1197.10400000000102
1197.27000000000102
1197.43400000000102
1197.57100000000102
1197.71600000000102
1197.84100000000102
1198.75700000000102
1198.92000000000102
1199.08200000000102
1199.24700000000102
1199.40800000000102
1199.56400000000102
1199.68900000000102
1199.84800000000102
1199.99000000000102
1201.09000000000103
1201.25200000000103
1201.59600000000103
1202.13900000000103
1202.27600000000103
1202.37300000000103
1202.75500000000103
1202.94200000000103
1203.15300000000103
1203.32700000000103
1203.50000000000103
1203.65400000000103
1203.80400000000103
1203.94300000000103
1204.08900000000103
1204.22300000000103
1204.35300000000103
1301.50100000000111
1301.63800000000111
1301.78700000000111
1301.94300000000111
1302.09600000000111
1302.23600000000111
1302.37800000000112
1302.51500000000112
1302.66200000000112
1302.78800000000112
1303.41000000000112
1303.55900000000112
1303.71300000000112
1303.87100000000112
1304.01800000000112
1304.17300000000112
1304.30800000000112
1305.09800000000112
1305.25900000000112
1305.43200000000112
1305.58900000000112
1305.75400000000112
1305.91300000000112
1306.03900000000112
1306.20300000000112
1306.31700000000112
1306.48400000000112
1306.63300000000112
1306.80000000000112
1306.96600000000112
1307.12000000000112
1307.26000000000112
1307.43500000000112
1307.56200000000112
1307.68700000000112
1307.87000000000112
1308.00900000000112
1308.17900000000112
1308.35000000000112
1308.52200000000112
1308.68500000000112
1308.84100000000112
1308.98900000000112
1309.79600000000112
1309.96400000000112
1310.13400000000112
1310.29600000000112
1310.45200000000112
1310.61900000000112
1310.77800000000112
1310.93900000000112
1311.06900000000112
1311.21400000000112
1311.39000000000112
1311.52800000000112
1311.66000000000112
1312.51500000000112
1312.69700000000112
1312.87100000000112
1313.04200000000112
1313.20500000000112
1313.34700000000112
1313.52500000000112
1314.27000000000113
1314.44400000000113
1314.62100000000113
1314.79800000000113
1314.97000000000113
1315.13900000000113
1315.29000000000113
1315.42800000000113
1315.55000000000113
1316.31900000000113
1316.49200000000113
1316.68000000000113
1316.85900000000113
1317.03700000000113
1317.20500000000113
1317.36100000000113
1317.48500000000113
1318.47400000000113
1318.63900000000113
1318.82000000000113
1318.99200000000113
1319.16300000000113
1319.34000000000113
1319.50600000000113
1319.67100000000113
1319.83900000000113
1319.99600000000113
1320.12700000000113
1320.30600000000113
1320.47200000000113
1320.64100000000113
1320.81700000000113
1320.97800000000113
1321.15700000000113
1321.32200000000113
1321.49700000000113
1321.66100000000113
1321.84400000000113
1322.00900000000113
1322.19700000000113
1322.37800000000113
1322.56000000000113
1322.74200000000113
1322.92800000000113
1323.11900000000113
1323.30600000000113
1323.49400000000113
1323.68000000000113
1323.86500000000113
1324.04500000000113
1324.22800000000113
1324.37800000000113
1324.55500000000113
1324.72700000000113
1324.88200000000113
1325.02600000000114
1325.17100000000114
1325.35700000000114
1325.52800000000114
1325.69600000000114
1325.85100000000114
1326.01200000000114
1326.18700000000114
1326.34600000000114
1326.49200000000114
1328.14700000000114
1328.33300000000114
1328.50600000000114
1328.66700000000114
1328.83700000000114
1328.99800000000114
1329.16800000000114
1329.32100000000114
1329.46600000000114
1329.60200000000114
1394.3390000000012
1394.4740000000012
1394.6310000000012
1394.8160000000012
1394.9440000000012
1395.1000000000012
1395.2470000000012
1395.3940000000012
1395.5280000000012
1395.6620000000012
1395.8250000000012
1395.9530000000012
1396.0960000000012
1396.2240000000012
1396.3610000000012
1396.5260000000012
1396.6770000000012
1396.8690000000012
1397.0200000000012
1397.1780000000012
1397.3030000000012
1397.9520000000012
1398.1130000000012
1398.2790000000012
1398.4510000000012
1398.6200000000012
1398.7870000000012
1398.9440000000012
1399.0980000000012
1399.2450000000012
1399.3810000000012
1399.4950000000012
1400.1860000000012
1400.3600000000012
1400.5350000000012
1400.7120000000012
1400.8840000000012
1401.0400000000012
1401.1830000000012
1401.3170000000012
1401.4910000000012
1401.6800000000012
1401.8500000000012
1402.0260000000012
1402.1810000000012
1402.3510000000012
1402.5030000000012
1402.6580000000012
1402.8220000000012
1402.9820000000012
1403.1080000000012
1404.12500000000121
1404.30100000000121
1404.47400000000121
1404.65400000000121
1404.83000000000121
1405.00500000000121
1405.17900000000121
1405.34900000000121
1405.51200000000121
1405.66400000000121
1405.78900000000121
1406.82000000000121
1406.98900000000121
1407.17200000000121
1407.34300000000121
1407.51300000000121
1407.68800000000121
1407.85700000000121
1408.02000000000121
1408.16700000000121
1408.33000000000121
1408.45500000000121
1409.60400000000121
1409.77200000000121
1409.95700000000121
1410.13000000000121
1410.30600000000121
1410.48800000000121
1410.65900000000121
1410.84100000000121
1411.02000000000121
1411.18100000000121
1411.31200000000121
1569.52700000000135
1569.66600000000135
1569.83000000000135
1569.96700000000135
1570.15000000000135
1570.27200000000135
1570.43100000000135
1570.58200000000135
1570.73100000000135
1570.88000000000135
1571.22900000000135
1571.39100000000135
1571.55500000000135
1571.71200000000135
1571.85900000000135
1572.00800000000135
1572.16900000000135
1572.32500000000135
1572.47800000000136
1572.61600000000136
1572.75700000000136
1572.92100000000136
1573.08300000000136
1573.23900000000136
1573.36900000000136
1574.18300000000136
1574.35200000000136
1574.51200000000136
1574.65900000000136
1574.82800000000136
1574.99500000000136
1575.15300000000136
1575.32300000000136
1575.48500000000136
1575.62500000000136
1575.75200000000136
1575.92500000000136
1576.07300000000136
1576.20600000000136
1576.38800000000136
1576.55500000000136
1576.69800000000136
1576.86900000000136
1577.03300000000136
1577.19300000000136
1577.35200000000136
1577.52000000000136
1577.67400000000136
1577.84900000000136
1578.00400000000136
1578.15900000000136
1578.30800000000136
1578.43600000000136
1579.15500000000136
1579.32800000000136
1579.49600000000136
1579.66300000000136
1579.84000000000136
1580.00900000000136
1580.18200000000136
1580.34500000000136
1580.50000000000136
1580.61900000000136
1581.50100000000136
1581.67600000000136
1581.87800000000136
1582.04800000000136
1582.23100000000136
1582.40900000000136
1582.58600000000136
1582.76300000000136
1582.91100000000136
1583.92200000000137
1584.09300000000137
1584.26600000000137
1584.44300000000137
1584.62000000000137
1584.79200000000137
1584.96900000000137
1585.13800000000137
1585.30500000000137
1585.47100000000137
1585.61600000000137
1585.80200000000137
1585.98100000000137
1586.15000000000137
1586.27800000000137
1586.86800000000137
1587.04300000000137
1587.23700000000137
1587.42000000000137
1587.59500000000137
1587.78200000000137
1587.95200000000137
1588.12300000000137
1588.27700000000137
1588.43700000000137
1588.59400000000137
1588.75700000000137
1588.91800000000137
1589.10600000000137
1589.28100000000137
1589.42000000000137
1589.60700000000137
1589.77900000000137
1589.93300000000137
1590.84800000000137
1591.03000000000137
1591.21300000000137
1591.38900000000137
1591.56900000000137
1591.74700000000137
1591.92600000000137
1592.09600000000137
1592.26500000000137
1592.44000000000137
1592.61300000000137
1592.79500000000137
1592.97000000000137
1593.14100000000137
1593.30300000000137
1594.60400000000137
1594.77800000000137
1594.95000000000137
1595.12400000000138
1595.30000000000138
1595.47500000000138
1595.66400000000138
1595.83700000000138
1595.99700000000138
1596.17200000000138
1596.32400000000138
1596.46300000000138
1596.92800000000138
1597.10300000000138
1597.27700000000138
1597.45900000000138
1597.64100000000138
1597.83400000000138
1598.00700000000138
1598.18500000000138
1598.34700000000138
1598.52600000000138
1598.70800000000138
1598.88900000000138
1599.05500000000138
1599.18000000000138
1600.57400000000138
1600.74400000000138
1600.93100000000138
1601.11600000000138
1601.30500000000138
1601.49500000000138
1601.68600000000138
1601.86500000000138
1602.04300000000138
1602.21900000000138
1602.38700000000138
1602.55200000000138
1602.73000000000138
1602.89000000000138
1604.33000000000138
1604.50800000000138
1604.68900000000138
1604.87000000000138
1605.06500000000138
1605.25300000000138
1605.44600000000138
1605.63000000000138
1605.79700000000138
1605.98400000000138
1606.15100000000138
1606.30900000000138
1606.44700000000138
1606.57800000000139
1606.76800000000139
1607.15700000000139
1607.32200000000139
1607.47700000000139
1607.66300000000139
1607.81000000000139
1607.99100000000139
1608.13100000000139
1608.54300000000139
1608.71800000000139
1608.89200000000139
1608.95800000000139
1609.09400000000139
1609.24500000000139
1609.42700000000139
1609.60400000000139
1609.77100000000139
1609.93300000000139
1610.09800000000139
1610.24600000000139
1610.40800000000139
1610.55600000000139
1610.72200000000139
1610.87900000000139
1611.02100000000139
1611.17900000000139
1611.30700000000139
1612.72900000000139
1612.91400000000139
1613.09800000000139
1613.27200000000139
1613.45200000000139
1613.63800000000139
1613.81000000000139
1613.94500000000139
1614.13400000000139
1614.31000000000139
1614.47900000000139
1614.61800000000139
1614.79800000000139
1614.95600000000139
1615.12700000000139
1615.27900000000139
1615.42800000000139
1619.3990000000014
1619.5540000000014
1619.7350000000014
1619.9190000000014
1620.0990000000014
1620.2780000000014
1620.4590000000014
1620.6360000000014
1620.8040000000014
1620.9830000000014
1621.1110000000014
1621.2320000000014
1621.3750000000014
1713.18800000000148
1713.33400000000148
1713.48500000000148
1713.64500000000148
1713.81900000000148
1713.96200000000148
1714.11200000000148
1714.25200000000148
1714.38900000000148
1714.52100000000148
1714.66500000000148
1714.79000000000148
1714.91000000000148
1715.42600000000148
1715.59300000000148
1715.76100000000148
1715.92900000000148
1716.08600000000148
1716.22700000000148
1716.38100000000148
1716.55100000000148
1716.71200000000148
1716.86100000000148
1717.00500000000148
1717.14800000000148
1717.27200000000148
1717.93500000000148
1718.10100000000148
1718.25300000000148
1718.41100000000148
1718.56600000000148
1718.71200000000148
1718.87500000000148
1719.01400000000148
1719.13200000000149
1719.94600000000149
1720.10600000000149
1720.27500000000149
1720.44500000000149
1720.60800000000149
1720.75500000000149
1720.91900000000149
1721.04500000000149
1721.16200000000149
1721.35800000000149
1721.51300000000149
1721.68200000000149
1721.84400000000149
1721.97100000000149
1722.09000000000149
1722.96100000000149
1723.12000000000149
1723.30300000000149
1723.47400000000149
1723.63600000000149
1723.79200000000149
1723.95500000000149
1724.07300000000149
1725.24200000000149
1725.41300000000149
1725.56300000000149
1725.73700000000149
1725.85900000000149
1729.37700000000149
1729.53400000000149
1729.75800000000149
1729.91900000000149
1730.09100000000149
1730.2350000000015
0
0
0
0
0
0
0
0
0
0
0
0
0
3600.00099999983085
0
0
0
0
0
0
