8
16
19
8
16
19
IPPneo1.15
test3
0
3
12
17
55
13
19
30
22
4
.3
1
510
510
1
833
833
1
1
1
1
1
1
1
1
1
1
1
1
1
1
1
1
1
1
1
1
509
-1
24.3499999999999933
24.4709999999999931
24.601999999999993
24.7429999999999929
24.8919999999999928
25.0459999999999927
25.1979999999999925
25.3579999999999924
25.5129999999999923
25.6669999999999921
25.825999999999992
25.9849999999999919
26.1439999999999917
26.3049999999999916
26.4729999999999915
26.6379999999999913
26.8069999999999912
26.975999999999991
27.1419999999999909
27.3119999999999907
27.4829999999999906
27.6379999999999905
27.7959999999999903
27.9609999999999902
28.1249999999999901
28.2989999999999899
28.4839999999999898
28.6519999999999896
28.8179999999999895
28.9929999999999893
29.1589999999999892
29.331999999999989
29.4979999999999889
29.6799999999999887
29.8469999999999886
30.0119999999999885
30.1799999999999883
30.3489999999999882
30.513999999999988
30.6739999999999879
30.8469999999999878
31.0219999999999876
31.1899999999999875
31.8889999999999869
32.0529999999999868
32.221999999999987
32.4059999999999871
32.5739999999999873
32.7799999999999875
32.9569999999999876
33.1189999999999878
33.2609999999999879
33.431999999999988
33.6069999999999882
33.8279999999999884
34.0639999999999886
34.4349999999999889
35.0529999999999895
35.4109999999999898
35.59599999999999
35.7749999999999901
35.9509999999999903
80.3700000000000297
80.5030000000000299
80.64600000000003
80.7990000000000301
80.9680000000000303
81.1350000000000304
81.3020000000000306
81.4690000000000307
81.9700000000000312
82.1270000000000313
120.8490000000000657
121.222000000000066
335.616000000000256
335.845000000000257
335.948000000000257
336.068000000000257
336.230000000000257
336.461000000000257
336.847000000000258
336.948000000000258
337.067000000000258
337.314000000000258
337.466000000000258
337.813000000000258
338.216000000000259
342.498000000000263
347.576000000000267
347.724000000000267
347.811000000000267
347.912000000000267
348.191000000000268
348.331000000000268
348.496000000000268
348.670000000000268
348.821000000000268
349.618000000000269
349.768000000000269
349.927000000000269
350.091000000000269
350.53700000000027
350.70900000000027
350.86700000000027
351.02400000000027
351.18100000000027
351.35400000000027
351.531000000000271
351.708000000000271
351.879000000000271
352.046000000000271
352.215000000000271
352.385000000000271
352.565000000000272
352.758000000000272
352.935000000000272
353.116000000000272
353.285000000000272
353.462000000000272
353.637000000000272
353.811000000000273
353.982000000000273
354.150000000000273
354.341000000000273
354.522000000000273
354.712000000000273
354.922000000000274
355.144000000000274
355.310000000000274
355.493000000000274
355.682000000000274
355.873000000000274
356.065000000000275
356.260000000000275
356.456000000000275
356.651000000000275
356.852000000000275
357.055000000000275
357.256000000000276
357.446000000000276
357.634000000000276
357.825000000000276
358.028000000000276
358.240000000000277
358.426000000000277
358.614000000000277
358.830000000000277
359.030000000000277
359.237000000000277
359.419000000000278
359.606000000000278
359.805000000000278
360.020000000000278
360.266000000000278
360.478000000000278
360.674000000000279
360.876000000000279
361.067000000000279
361.258000000000279
361.445000000000279
361.63800000000028
361.86300000000028
362.06900000000028
362.25500000000028
362.44400000000028
362.69400000000028
362.914000000000281
363.119000000000281
363.299000000000281
363.586000000000281
363.785000000000281
363.980000000000282
364.213000000000282
364.431000000000282
364.658000000000282
364.866000000000282
365.045000000000283
365.229000000000283
365.414000000000283
365.590000000000283
365.778000000000283
366.031000000000283
366.272000000000284
366.775000000000284
366.946000000000284
367.168000000000284
367.361000000000285
367.554000000000285
367.741000000000285
367.933000000000285
368.153000000000285
368.991000000000286
369.171000000000286
369.401000000000286
369.637000000000287
369.858000000000287
370.064000000000287
370.273000000000287
370.489000000000287
370.767000000000288
370.971000000000288
371.164000000000288
371.345000000000288
371.556000000000288
371.791000000000289
372.004000000000289
372.207000000000289
372.430000000000289
372.645000000000289
372.88700000000029
373.06000000000029
373.25100000000029
373.45100000000029
373.67300000000029
373.86800000000029
374.500000000000291
374.686000000000291
374.909000000000291
375.182000000000292
375.405000000000292
375.580000000000292
375.764000000000292
375.963000000000292
376.161000000000292
376.379000000000293
376.914000000000293
377.137000000000293
377.358000000000294
377.640000000000294
377.857000000000294
378.051000000000294
378.998000000000295
379.400000000000295
380.718000000000296
382.133000000000298
382.283000000000298
382.452000000000298
382.613000000000298
382.791000000000298
382.963000000000298
383.149000000000299
383.275000000000299
383.339000000000299
383.544000000000299
383.672000000000299
383.751000000000299
383.940000000000299
384.1360000000003
384.3200000000003
384.5020000000003
384.7120000000003
384.9320000000003
385.1090000000003
385.305000000000301
385.484000000000301
385.671000000000301
385.882000000000301
386.091000000000301
386.287000000000301
386.481000000000302
386.736000000000302
387.977000000000303
388.152000000000303
388.341000000000303
388.542000000000303
453.334000000000361
453.542000000000361
454.245000000000362
454.432000000000362
457.483000000000365
457.614000000000365
458.132000000000365
460.619000000000367
461.075000000000368
461.218000000000368
461.253000000000368
461.544000000000368
461.573000000000368
461.664000000000368
462.701000000000369
466.233000000000372
466.406000000000373
466.571000000000373
466.741000000000373
466.921000000000373
467.107000000000373
467.304000000000373
467.503000000000374
467.675000000000374
467.859000000000374
468.063000000000374
468.246000000000374
468.428000000000374
468.668000000000375
468.855000000000375
469.023000000000375
469.210000000000375
469.435000000000375
469.623000000000375
469.800000000000376
469.970000000000376
470.159000000000376
470.356000000000376
470.632000000000376
470.860000000000377
471.031000000000377
471.223000000000377
471.443000000000377
471.621000000000377
471.803000000000377
471.991000000000378
472.205000000000378
472.414000000000378
472.616000000000378
472.794000000000378
473.001000000000378
473.271000000000379
473.470000000000379
473.661000000000379
473.865000000000379
474.041000000000379
474.23400000000038
474.44100000000038
474.62800000000038
474.81300000000038
474.99500000000038
475.23900000000038
475.452000000000381
475.695000000000381
475.895000000000381
476.086000000000381
476.254000000000381
476.439000000000382
476.616000000000382
476.877000000000382
480.314000000000385
484.687000000000389
484.812000000000389
484.982000000000389
485.175000000000389
485.335000000000389
485.52600000000039
485.71900000000039
485.90000000000039
486.10600000000039
486.33900000000039
486.53900000000039
486.916000000000391
487.257000000000391
487.422000000000391
487.638000000000391
487.829000000000392
488.011000000000392
488.236000000000392
488.434000000000392
488.630000000000392
489.082000000000393
489.237000000000393
489.479000000000393
489.708000000000393
489.904000000000393
490.084000000000394
490.280000000000394
490.497000000000394
491.206000000000395
491.359000000000395
491.719000000000395
491.891000000000395
492.139000000000395
492.355000000000396
498.034000000000401
645.510000000000532
820.593000000000687
820.814000000000687
820.941000000000687
821.064000000000688
821.290000000000688
822.218000000000689
822.608000000000689
822.845000000000689
823.071000000000689
823.47600000000069
823.89300000000069
824.30100000000069
824.789000000000691
824.871000000000691
824.997000000000691
825.146000000000691
825.258000000000691
825.503000000000692
825.729000000000692
826.290000000000692
826.765000000000693
826.993000000000693
827.024000000000693
827.401000000000693
827.919000000000694
828.090000000000694
828.327000000000694
828.568000000000694
828.675000000000694
828.796000000000694
828.889000000000694
829.967000000000696
830.084000000000696
830.471000000000696
830.669000000000696
830.824000000000696
831.060000000000696
831.163000000000697
831.316000000000697
831.471000000000697
831.652000000000697
831.825000000000697
831.986000000000697
832.158000000000697
832.333000000000698
832.511000000000698
832.672000000000698
832.840000000000698
833.011000000000698
833.195000000000698
833.375000000000698
833.550000000000699
833.718000000000699
833.929000000000699
834.126000000000699
834.298000000000699
834.4740000000007
834.6560000000007
834.8450000000007
835.0240000000007
835.1980000000007
835.3880000000007
835.912000000000701
836.085000000000701
836.700000000000701
837.277000000000702
837.454000000000702
837.883000000000702
837.914000000000702
839.255000000000704
839.427000000000704
840.404000000000705
840.496000000000705
840.698000000000705
840.737000000000705
840.993000000000705
841.354000000000706
841.740000000000706
841.766000000000706
842.229000000000706
954.752000000000806
954.909000000000806
955.062000000000807
955.225000000000807
955.402000000000807
955.568000000000807
955.767000000000807
956.459000000000808
1072.83000000000091
1072.97300000000091
1073.11700000000091
1073.12400000000091
1073.30900000000091
1073.43800000000091
1073.60400000000091
1073.78400000000091
1074.94900000000091
1074.98700000000091
1082.93300000000092
1083.49500000000092
1083.82700000000092
1083.98900000000092
1084.10100000000092
1084.31400000000092
1084.44300000000092
1467.30800000000126
1467.71400000000126
1468.01200000000126
1469.64700000000126
1476.62700000000127
1476.78000000000127
1476.95700000000127
1477.13400000000127
1478.70100000000127
1480.83100000000127
3454.58399999984686
3455.48699999984676
3455.81199999984673
3455.98299999984671
3456.16799999984669
3456.34799999984667
3456.53399999984665
3456.71699999984663
3457.16099999984658
3457.33299999984656
3457.53999999984654
3457.71799999984652
3457.9009999998465
3570.90299999983405
3571.04499999983404
3571.362999999834
3571.62299999983397
3571.74299999983396
3571.88899999983394
3572.05199999983393
3572.22599999983391
3574.1019999998337
-2
24.3999999999999932
24.5269999999999931
24.667999999999993
24.8189999999999929
24.9679999999999927
25.1229999999999926
25.2789999999999925
25.4339999999999923
25.5839999999999922
25.7399999999999921
25.8989999999999919
26.0599999999999918
26.2189999999999917
26.3879999999999915
26.5499999999999914
26.7139999999999912
26.8899999999999911
27.054999999999991
27.2259999999999908
27.3939999999999907
27.5509999999999905
27.7059999999999904
27.8739999999999903
28.0419999999999901
28.21399999999999
28.3819999999999898
28.5579999999999897
28.7299999999999895
28.9009999999999894
29.0709999999999893
29.2479999999999891
29.413999999999989
29.5819999999999888
29.7559999999999887
29.9229999999999885
30.0889999999999884
30.2549999999999883
30.4259999999999881
30.582999999999988
30.7519999999999878
30.9259999999999877
31.0939999999999875
31.2229999999999874
31.9659999999999868
32.1299999999999869
32.297999999999987
32.4799999999999872
32.6549999999999874
32.8219999999999875
32.9809999999999876
33.1649999999999878
33.344999999999988
33.5179999999999881
33.6889999999999883
33.8529999999999884
34.1099999999999886
34.470999999999989
35.0769999999999895
35.4879999999999899
35.65299999999999
35.8239999999999902
35.9999999999999903
80.4180000000000298
80.5630000000000299
80.71900000000003
80.8750000000000302
81.0440000000000303
81.2120000000000305
81.3800000000000306
81.5430000000000308
82.0400000000000312
82.1810000000000313
120.9150000000000657
121.2940000000000661
335.657000000000256
335.887000000000257
335.998000000000257
336.101000000000257
336.309000000000257
336.507000000000257
336.899000000000258
337.025000000000258
337.135000000000258
337.376000000000258
337.518000000000258
337.854000000000258
338.253000000000259
342.888000000000263
347.638000000000267
347.757000000000267
347.858000000000267
347.949000000000267
348.254000000000268
348.377000000000268
348.546000000000268
348.734000000000268
348.879000000000268
349.681000000000269
349.835000000000269
350.001000000000269
350.161000000000269
350.59500000000027
350.76800000000027
350.96200000000027
351.10100000000027
351.25000000000027
351.44600000000027
351.665000000000271
351.802000000000271
352.016000000000271
352.138000000000271
352.307000000000271
352.479000000000271
352.666000000000272
352.843000000000272
353.019000000000272
353.188000000000272
353.368000000000272
353.547000000000272
353.734000000000273
353.892000000000273
354.064000000000273
354.246000000000273
354.444000000000273
354.636000000000273
354.820000000000273
355.042000000000274
355.229000000000274
355.406000000000274
355.604000000000274
355.776000000000274
355.971000000000274
356.163000000000275
356.366000000000275
356.555000000000275
356.754000000000275
356.971000000000275
357.161000000000276
357.350000000000276
357.544000000000276
357.739000000000276
357.927000000000276
358.145000000000276
358.355000000000277
358.525000000000277
358.737000000000277
358.934000000000277
359.122000000000277
359.325000000000278
359.524000000000278
359.719000000000278
359.932000000000278
360.143000000000278
360.389000000000278
360.599000000000279
360.774000000000279
360.975000000000279
361.166000000000279
361.362000000000279
361.551000000000279
361.75700000000028
361.99300000000028
362.16000000000028
362.36600000000028
362.61000000000028
362.821000000000281
363.033000000000281
363.219000000000281
363.471000000000281
363.697000000000281
363.904000000000282
364.104000000000282
364.336000000000282
364.558000000000282
364.807000000000282
364.968000000000282
365.176000000000283
365.356000000000283
365.493000000000283
365.710000000000283
365.918000000000283
366.155000000000284
366.396000000000284
366.859000000000284
367.048000000000284
367.288000000000285
367.470000000000285
367.650000000000285
367.866000000000285
368.044000000000285
368.241000000000285
369.081000000000286
369.267000000000286
369.518000000000287
369.755000000000287
369.987000000000287
370.179000000000287
370.400000000000287
370.624000000000288
370.912000000000288
371.078000000000288
371.265000000000288
371.447000000000288
371.671000000000288
371.919000000000289
372.121000000000289
372.325000000000289
372.547000000000289
372.772000000000289
372.96800000000029
373.16800000000029
373.35000000000029
373.57000000000029
373.77900000000029
374.000000000000291
374.608000000000291
374.777000000000291
375.022000000000291
375.307000000000292
375.490000000000292
375.672000000000292
375.877000000000292
376.055000000000292
376.289000000000293
376.465000000000293
377.003000000000293
377.252000000000293
377.475000000000294
377.749000000000294
377.927000000000294
378.124000000000294
379.079000000000295
379.461000000000295
380.772000000000297
382.199000000000298
382.351000000000298
382.515000000000298
382.720000000000298
382.895000000000298
383.101000000000299
383.272000000000299
383.280000000000299
383.465000000000299
383.671000000000299
383.678000000000299
383.849000000000299
384.050000000000299
384.2490000000003
384.4130000000003
384.6190000000003
384.8290000000003
385.0200000000003
385.1950000000003
385.387000000000301
385.577000000000301
385.781000000000301
385.983000000000301
386.196000000000301
386.387000000000302
386.590000000000302
386.772000000000302
388.061000000000303
388.251000000000303
388.448000000000303
388.643000000000304
453.348000000000361
453.628000000000361
454.344000000000362
454.519000000000362
457.612000000000365
457.633000000000365
460.070000000000367
460.791000000000368
461.209000000000368
461.236000000000368
461.309000000000368
461.551000000000368
461.602000000000368
462.683000000000369
462.98000000000037
466.241000000000372
466.428000000000373
466.636000000000373
466.829000000000373
467.024000000000373
467.195000000000373
467.397000000000373
467.621000000000374
467.775000000000374
467.959000000000374
468.151000000000374
468.345000000000374
468.549000000000374
468.761000000000375
468.954000000000375
469.137000000000375
469.348000000000375
469.541000000000375
469.708000000000376
469.883000000000376
470.061000000000376
470.256000000000376
470.576000000000376
470.737000000000376
470.995000000000377
471.183000000000377
471.370000000000377
471.577000000000377
471.738000000000377
471.935000000000378
472.122000000000378
472.331000000000378
472.548000000000378
472.697000000000378
472.908000000000378
473.170000000000379
473.393000000000379
473.574000000000379
473.796000000000379
473.991000000000379
474.132000000000379
474.32300000000038
474.54200000000038
474.71200000000038
474.89700000000038
475.09700000000038
475.356000000000381
475.595000000000381
475.827000000000381
475.987000000000381
476.143000000000381
476.357000000000381
476.557000000000382
476.759000000000382
476.992000000000382
480.340000000000385
484.702000000000389
484.874000000000389
485.084000000000389
485.251000000000389
485.45200000000039
485.65800000000039
485.83700000000039
486.06000000000039
486.27300000000039
486.46100000000039
486.635000000000391
486.998000000000391
487.334000000000391
487.512000000000391
487.740000000000392
487.920000000000392
488.116000000000392
488.342000000000392
488.544000000000392
488.739000000000392
489.154000000000393
489.334000000000393
489.586000000000393
489.814000000000393
490.000000000000394
490.200000000000394
490.421000000000394
490.614000000000394
491.264000000000395
491.463000000000395
491.788000000000395
491.993000000000395
492.242000000000396
492.480000000000396
498.067000000000401
645.746000000000532
820.629000000000687
820.873000000000687
820.994000000000687
821.120000000000688
821.703000000000688
822.539000000000689
822.685000000000689
822.951000000000689
823.45300000000069
823.72600000000069
824.14500000000069
824.577000000000691
824.828000000000691
824.931000000000691
825.059000000000691
825.201000000000691
825.342000000000691
825.699000000000692
825.971000000000692
826.633000000000692
826.813000000000693
827.000000000000693
827.355000000000693
827.676000000000693
827.974000000000694
828.156000000000694
828.521000000000694
828.605000000000694
828.786000000000694
828.840000000000694
829.835000000000695
830.012000000000696
830.133000000000696
830.539000000000696
830.730000000000696
830.891000000000696
831.075000000000696
831.237000000000697
831.387000000000697
831.544000000000697
831.720000000000697
831.900000000000697
832.065000000000697
832.244000000000697
832.415000000000698
832.587000000000698
832.750000000000698
832.914000000000698
833.096000000000698
833.287000000000698
833.450000000000699
833.638000000000699
833.811000000000699
834.011000000000699
834.177000000000699
834.370000000000699
834.5510000000007
834.7350000000007
834.9160000000007
835.0950000000007
835.3030000000007
835.4890000000007
835.988000000000701
836.132000000000701
836.723000000000701
837.351000000000702
837.485000000000702
837.913000000000703
837.922000000000703
839.271000000000704
840.355000000000705
840.434000000000705
840.560000000000705
840.715000000000705
840.984000000000705
841.235000000000705
841.553000000000706
841.755000000000706
841.952000000000706
842.340000000000706
954.848000000000806
955.014000000000806
955.176000000000807
955.336000000000807
955.503000000000807
955.660000000000807
955.844000000000807
956.505000000000808
1072.89300000000091
1073.05900000000091
1073.12000000000091
1073.21100000000091
1073.36700000000091
1073.53900000000091
1073.68200000000091
1073.81800000000091
1074.95600000000091
1074.99700000000091
1082.99700000000092
1083.57700000000092
1083.88600000000092
1084.03900000000092
1084.20800000000092
1084.35200000000092
1084.52100000000092
1467.37800000000126
1467.79500000000126
1468.08900000000126
1469.70000000000126
1476.66800000000127
1476.82000000000127
1477.00600000000127
1477.18300000000127
1478.77200000000127
1480.87000000000127
3454.63099999984686
3455.51799999984676
3455.87599999984672
3456.0569999998467
3456.24099999984668
3456.45899999984666
3456.62799999984664
3456.75099999984663
3457.21599999984657
3457.41399999984655
3457.61899999984653
3457.79799999984651
3457.98399999984649
3570.95099999983405
3571.10599999983403
3571.413999999834
3571.70799999983396
3571.84599999983395
3571.99399999983393
3572.13799999983392
3572.3389999998339
3574.1309999998337
832
-3
11.86400000000000023
12.00400000000000024
12.15100000000000024
12.30800000000000024
12.46400000000000025
12.62300000000000025
12.77800000000000025
12.93700000000000026
13.09700000000000026
13.26300000000000026
13.43700000000000027
13.60900000000000027
13.77400000000000027
13.94600000000000028
14.12500000000000028
14.29100000000000028
14.46700000000000029
14.63600000000000029
62.1020000000000135
62.2310000000000136
62.3720000000000138
62.5380000000000139
62.695000000000014
62.8660000000000142
63.0210000000000143
63.1930000000000145
63.3520000000000146
63.5200000000000148
63.6850000000000149
63.8510000000000151
64.0260000000000152
64.1980000000000154
67.206000000000018
67.3520000000000182
67.5040000000000183
67.6720000000000185
67.8280000000000186
67.9930000000000187
68.1550000000000189
68.324000000000019
68.4890000000000192
68.6640000000000193
69.0980000000000197
69.2290000000000198
69.39600000000002
69.5550000000000201
69.7230000000000203
69.9030000000000204
70.0950000000000206
72.5610000000000228
72.6810000000000229
72.8580000000000231
73.0270000000000232
73.2120000000000234
75.7620000000000256
75.9140000000000258
76.0880000000000259
76.2610000000000261
76.4330000000000262
76.6150000000000264
76.8060000000000266
76.9870000000000267
77.1790000000000269
77.343000000000027
77.5270000000000272
124.9010000000000693
125.0120000000000694
125.1440000000000695
125.2870000000000696
125.4390000000000698
125.5860000000000699
237.190000000000169
550.365000000000447
550.495000000000447
550.644000000000447
550.789000000000448
550.945000000000448
551.095000000000448
551.263000000000448
551.429000000000448
551.591000000000448
551.774000000000448
551.961000000000449
552.091000000000449
552.266000000000449
552.424000000000449
552.602000000000449
552.767000000000449
552.910000000000449
553.08700000000045
553.28700000000045
553.46300000000045
553.63000000000045
553.80100000000045
553.96800000000045
554.13400000000045
554.290000000000451
554.481000000000451
554.630000000000451
554.792000000000451
554.959000000000451
555.147000000000451
555.324000000000452
555.484000000000452
555.655000000000452
555.828000000000452
556.249000000000452
556.409000000000452
556.576000000000453
556.752000000000453
556.959000000000453
557.135000000000453
557.295000000000453
557.487000000000453
557.672000000000454
557.875000000000454
558.073000000000454
558.287000000000454
559.663000000000455
559.816000000000456
559.981000000000456
560.144000000000456
560.355000000000456
560.534000000000456
560.714000000000456
560.883000000000456
561.065000000000457
561.257000000000457
561.431000000000457
561.641000000000457
561.817000000000457
562.005000000000458
562.170000000000458
562.378000000000458
562.560000000000458
562.742000000000458
562.881000000000458
562.995000000000458
563.195000000000459
563.380000000000459
563.565000000000459
563.945000000000459
564.49800000000046
564.68700000000046
564.83900000000046
565.00800000000046
565.17500000000046
565.35100000000046
565.543000000000461
566.345000000000461
566.507000000000461
566.691000000000462
566.877000000000462
567.053000000000462
567.302000000000462
567.525000000000462
567.717000000000463
567.904000000000463
568.101000000000463
568.300000000000463
568.483000000000463
568.668000000000463
568.863000000000464
569.175000000000464
569.353000000000464
569.523000000000464
569.702000000000464
569.894000000000464
570.102000000000465
570.325000000000465
570.469000000000465
570.580000000000465
570.784000000000465
570.972000000000465
571.147000000000466
571.329000000000466
571.518000000000466
571.703000000000466
572.947000000000467
573.138000000000467
573.349000000000468
573.545000000000468
573.763000000000468
574.064000000000468
574.270000000000468
574.451000000000469
574.638000000000469
574.850000000000469
575.083000000000469
575.278000000000469
575.52300000000047
575.67000000000047
575.84900000000047
576.02900000000047
576.20100000000047
576.39200000000047
576.59900000000047
576.716000000000471
576.816000000000471
577.034000000000471
577.224000000000471
577.445000000000471
577.572000000000471
577.715000000000471
577.919000000000472
578.126000000000472
578.342000000000472
578.516000000000472
578.704000000000472
578.907000000000472
579.473000000000473
579.672000000000473
579.872000000000473
580.454000000000474
580.633000000000474
580.915000000000474
581.082000000000474
581.266000000000475
581.452000000000475
581.676000000000475
581.905000000000475
582.093000000000475
582.286000000000476
582.414000000000476
582.575000000000476
582.779000000000476
582.990000000000476
583.195000000000476
583.380000000000476
583.569000000000477
584.510000000000477
584.697000000000478
584.887000000000478
585.137000000000478
585.333000000000478
585.512000000000478
585.719000000000479
589.106000000000482
589.294000000000482
589.509000000000482
589.736000000000482
589.927000000000482
590.119000000000482
590.302000000000483
590.520000000000483
590.706000000000483
590.911000000000483
591.177000000000483
591.362000000000484
591.536000000000484
591.649000000000484
591.983000000000484
592.182000000000484
592.375000000000484
592.589000000000485
592.767000000000485
592.924000000000485
593.090000000000485
593.267000000000485
593.442000000000485
593.620000000000486
593.738000000000486
593.842000000000486
594.056000000000486
594.250000000000486
594.439000000000486
594.887000000000487
595.104000000000487
595.278000000000487
595.467000000000487
595.657000000000487
595.854000000000488
596.298000000000488
596.484000000000488
596.680000000000488
596.843000000000488
597.018000000000489
597.199000000000489
597.394000000000489
597.630000000000489
597.768000000000489
597.835000000000489
598.011000000000489
598.20400000000049
598.40600000000049
598.60700000000049
598.86600000000049
599.06500000000049
605.081000000000496
605.216000000000496
605.368000000000496
605.548000000000496
605.722000000000496
605.877000000000496
606.353000000000497
606.512000000000497
606.689000000000497
620.60300000000051
620.74600000000051
620.89600000000051
621.05000000000051
621.21300000000051
621.38500000000051
621.57700000000051
621.746000000000511
621.931000000000511
622.107000000000511
622.284000000000511
622.457000000000511
623.473000000000512
623.741000000000512
623.988000000000512
624.207000000000513
624.274000000000513
625.257000000000514
625.416000000000514
625.592000000000514
625.800000000000514
625.988000000000514
635.989000000000523
636.138000000000523
636.292000000000523
636.453000000000524
636.625000000000524
636.800000000000524
636.958000000000524
637.133000000000524
637.351000000000524
637.571000000000525
637.901000000000525
638.080000000000525
638.499000000000525
638.673000000000526
638.841000000000526
639.010000000000526
639.195000000000526
639.384000000000526
640.135000000000527
640.339000000000527
740.614000000000616
740.757000000000616
740.913000000000616
741.068000000000616
741.229000000000617
741.392000000000617
741.549000000000617
741.718000000000617
741.894000000000617
742.068000000000617
742.236000000000618
742.398000000000618
742.570000000000618
743.043000000000618
743.197000000000618
743.357000000000618
743.551000000000619
743.745000000000619
743.921000000000619
744.092000000000619
744.272000000000619
744.373000000000619
744.49500000000062
744.69000000000062
744.88100000000062
745.08000000000062
745.28700000000062
745.48100000000062
745.694000000000621
745.899000000000621
746.097000000000621
746.277000000000621
746.462000000000621
746.647000000000622
746.836000000000622
747.013000000000622
747.172000000000622
747.978000000000623
748.140000000000623
748.331000000000623
882.580000000000742
882.622000000000742
883.356000000000743
883.502000000000743
883.657000000000743
883.808000000000743
883.979000000000743
884.148000000000744
884.323000000000744
884.494000000000744
884.699000000000744
884.888000000000744
885.067000000000744
885.245000000000745
885.635000000000745
885.794000000000745
885.959000000000745
886.128000000000745
886.307000000000746
886.488000000000746
886.680000000000746
886.862000000000746
887.049000000000746
887.241000000000746
888.253000000000747
888.697000000000748
888.848000000000748
889.019000000000748
889.182000000000748
889.402000000000748
889.586000000000748
889.759000000000749
889.940000000000749
890.127000000000749
891.07400000000075
891.24500000000075
1232.48300000000105
1232.64700000000105
1232.79800000000105
1232.95300000000105
1233.10400000000105
1233.26100000000105
1233.42300000000105
1233.59200000000105
1233.76300000000105
1233.93300000000105
1234.09500000000105
1234.26500000000105
1234.43500000000105
1234.62600000000105
1234.81400000000106
1234.98900000000106
1235.17600000000106
1235.35700000000106
1235.54200000000106
1235.71600000000106
1235.91300000000106
1236.07400000000106
1236.25600000000106
1236.43800000000106
1236.59700000000106
1236.76600000000106
1236.94000000000106
1237.12200000000106
1237.32200000000106
1237.47400000000106
1237.66300000000106
1237.85300000000106
1238.04900000000106
1238.23200000000106
1238.43300000000106
1238.63400000000106
1238.81500000000106
1239.01700000000106
1239.85200000000106
1240.01900000000106
1240.18900000000106
1240.36400000000106
1240.53600000000106
1240.72200000000106
1240.90800000000106
1241.09700000000106
1241.30500000000106
1241.75700000000106
1241.93300000000106
1242.11500000000106
1242.31500000000106
1242.49900000000106
1242.68500000000106
1242.86700000000106
1243.04700000000106
1243.22900000000106
1243.40700000000106
1243.59900000000106
1243.77100000000106
1243.96300000000106
1244.18000000000106
1244.36800000000106
1244.56100000000106
1244.75600000000106
1244.94600000000106
1245.14500000000106
1245.34800000000106
1245.56500000000106
1245.77300000000106
1246.12500000000107
1246.30500000000107
1246.50200000000107
1246.73700000000107
1246.89000000000107
1247.08100000000107
1247.27100000000107
1247.48100000000107
1247.68100000000107
1247.85800000000107
1248.04000000000107
1248.22800000000107
1248.41200000000107
1248.60400000000107
1248.80000000000107
1248.96900000000107
1249.17100000000107
1249.35700000000107
1249.54900000000107
1249.88400000000107
1250.05500000000107
1250.28400000000107
1250.46600000000107
1250.64700000000107
1250.84800000000107
1251.98600000000107
1252.16500000000107
1252.35000000000107
1252.53700000000107
1252.71500000000107
1252.89900000000107
1253.10500000000107
1254.31400000000107
1254.47100000000107
1254.64000000000107
1254.81200000000107
1254.98500000000107
1255.16900000000107
1255.35200000000107
1255.54900000000107
1255.74200000000107
1255.92100000000107
1256.10300000000107
1256.28100000000107
1256.47300000000107
1256.64800000000107
1256.83800000000107
1257.01600000000107
1257.04800000000107
1257.20600000000107
1257.40200000000108
1257.59900000000108
1257.80900000000108
1258.01600000000108
1258.22500000000108
1258.41800000000108
1258.63000000000108
1258.82400000000108
1259.02500000000108
1259.20600000000108
1259.39700000000108
1259.57200000000108
1259.75300000000108
1259.94200000000108
1260.13200000000108
1260.32700000000108
1260.52200000000108
1260.70300000000108
1260.88200000000108
1261.07900000000108
1261.27700000000108
1261.48700000000108
1261.69600000000108
1261.87400000000108
1262.07200000000108
1262.27500000000108
1262.51800000000108
1262.72400000000108
1262.94500000000108
1263.15200000000108
1263.38900000000108
1263.54400000000108
1263.86600000000108
1264.62800000000108
1264.78200000000108
1264.96000000000108
1265.16000000000108
1265.33600000000108
1265.50800000000108
1265.68900000000108
1265.88600000000108
1266.09000000000108
1266.29100000000108
1266.51700000000108
1267.83600000000108
1267.99200000000108
1268.16100000000108
1268.32600000000108
1268.50700000000108
1268.91100000000109
1269.07900000000109
1269.25500000000109
1269.43500000000109
1269.60800000000109
1269.80200000000109
1269.99700000000109
1270.10000000000109
1270.25700000000109
1270.46600000000109
1270.65600000000109
1270.83700000000109
1271.02100000000109
1271.21300000000109
1271.40100000000109
1271.59000000000109
1271.77900000000109
1271.97700000000109
1272.18600000000109
1273.65500000000109
1273.84100000000109
1428.64400000000123
1428.80000000000123
1428.95800000000123
1429.11200000000123
1429.27000000000123
1429.41700000000123
1429.57700000000123
1429.74000000000123
1429.90800000000123
1430.07100000000123
1430.23700000000123
1430.40600000000123
1430.57400000000123
1430.75700000000123
1430.95500000000123
1431.13000000000123
1431.31000000000123
1431.47000000000123
1431.65600000000123
1431.82800000000123
1432.00500000000123
1432.18600000000123
1432.36800000000123
1432.55900000000123
1433.16100000000123
1433.32400000000123
1433.50100000000123
1433.71700000000123
1433.86900000000123
1434.04800000000123
1434.23300000000123
1434.42700000000123
1435.25500000000123
1435.42500000000123
1435.59700000000123
1435.79200000000123
1435.97900000000123
1436.15900000000123
1436.34700000000123
1436.52800000000123
1436.70700000000123
1436.89000000000123
1437.07800000000123
1437.27000000000123
1437.46500000000124
1437.64400000000124
1437.83300000000124
1453.17500000000125
1453.33300000000125
1453.50300000000125
1453.67800000000125
3486.42799999984336
3486.54799999984334
3486.69599999984333
3486.85199999984331
3487.01199999984329
3487.17599999984327
3487.33099999984326
3487.49899999984324
3487.67199999984322
3487.8429999998432
3488.01699999984318
3488.19099999984316
3488.35699999984314
3488.53199999984313
3488.70199999984311
3488.88199999984309
3489.05699999984307
3489.24299999984305
3489.42599999984303
3489.59799999984301
3490.63699999984289
3490.80999999984287
3490.97999999984286
3491.13999999984284
3491.30899999984282
3491.4849999998428
3491.67399999984278
3491.84499999984276
3491.98799999984274
3492.16999999984272
3492.32199999984271
3492.48999999984269
3492.67899999984267
3492.85199999984265
3493.03599999984263
3493.19899999984261
3493.36699999984259
3493.51399999984258
3493.70999999984256
3493.88699999984254
3494.06099999984252
3494.2229999998425
3494.37799999984248
3494.56699999984246
3494.73899999984244
3494.88499999984243
3495.0749999998424
3495.25699999984238
3495.43299999984237
3495.61599999984235
3495.80599999984232
3495.9829999998423
3496.15899999984229
3496.34899999984226
3496.52799999984224
3496.69799999984223
3496.88199999984221
3497.06599999984219
3497.23099999984217
3497.38499999984215
3497.56699999984213
3497.73899999984211
3497.91199999984209
3498.11499999984207
3498.28299999984205
3498.44399999984203
3498.62799999984201
3498.80399999984199
3498.98099999984197
3499.18199999984195
3499.39899999984193
3499.57099999984191
3499.72099999984189
3499.91499999984187
3500.10699999984185
3500.29899999984183
3500.49599999984181
3500.68799999984179
3500.87699999984177
3501.06899999984174
3501.26799999984172
3501.4609999998417
3501.64499999984168
3501.80699999984166
3502.00799999984164
3502.20599999984162
3502.91199999984154
3503.07499999984152
3503.2519999998415
3503.44799999984148
3503.62799999984146
3503.82199999984144
3504.01899999984142
3504.2099999998414
3504.41099999984138
3504.60199999984136
3504.79899999984133
3505.00699999984131
3505.64199999984124
3505.79699999984122
3505.9789999998412
3506.16699999984118
3506.35599999984116
3506.55499999984114
3506.74499999984112
3506.9439999998411
3507.14799999984108
3507.34499999984105
3507.55199999984103
3507.72099999984101
3507.93399999984099
3508.94999999984088
3509.07199999984086
3509.23999999984084
3509.41299999984083
3509.59399999984081
3509.78699999984078
3509.97299999984076
3510.15899999984074
3510.33699999984072
3510.5439999998407
3510.73399999984068
3510.93899999984066
3511.13099999984064
3511.33499999984061
3511.55299999984059
3511.75399999984057
3511.95799999984055
3512.79899999984045
3512.96199999984044
3513.13199999984042
3513.3199999998404
3513.51699999984037
3513.70799999984035
3513.88799999984033
3514.09299999984031
3514.27999999984029
3514.91799999984022
3530.62999999983849
3530.77599999983847
3530.94199999983845
3531.13199999983843
3531.28799999983842
3531.4769999998384
3535.9649999998379
3536.26699999983787
3536.44799999983785
3582.85699999983274
3583.01799999983272
3583.2269999998327
3583.47199999983267
3583.63399999983265
3583.80999999983263
3583.98499999983261
3584.16099999983259
3584.33799999983257
3584.51599999983255
3584.69599999983253
3584.86699999983252
3585.07399999983249
3585.39799999983246
3585.57499999983244
3585.75999999983242
3585.9399999998324
3586.13099999983238
3586.31599999983236
3586.49899999983234
3586.68599999983232
3586.8639999998323
3587.05899999983227
3587.26099999983225
3587.45999999983223
3589.07999999983205
3589.24699999983203
3589.42999999983201
3589.61099999983199
3589.93299999983196
-4
11.92000000000000024
12.07100000000000024
12.22800000000000024
12.38000000000000024
12.53700000000000025
12.69000000000000025
12.84800000000000026
13.00900000000000026
13.17300000000000026
13.34300000000000026
13.51400000000000027
13.68500000000000027
13.85400000000000028
14.03000000000000028
14.20200000000000028
14.37600000000000029
14.54100000000000029
14.67600000000000029
62.1540000000000136
62.2910000000000137
62.4490000000000138
62.611000000000014
62.7720000000000141
62.9320000000000142
63.0980000000000144
63.2590000000000145
63.4270000000000147
63.5910000000000148
63.756000000000015
63.9280000000000151
64.1020000000000153
64.2860000000000154
67.2700000000000181
67.4240000000000182
67.5830000000000184
67.7430000000000185
67.9010000000000187
68.0620000000000188
68.226000000000019
68.3960000000000191
68.5700000000000193
68.7430000000000194
69.1330000000000198
69.2940000000000199
69.46700000000002
69.6300000000000202
69.8470000000000204
69.9980000000000205
70.2250000000000207
72.5960000000000228
72.769000000000023
72.9410000000000231
73.1220000000000233
73.2980000000000235
75.8190000000000257
75.9990000000000258
76.176000000000026
76.3540000000000262
76.5290000000000263
76.7140000000000265
76.8960000000000266
77.0800000000000268
77.249000000000027
77.4320000000000271
77.6090000000000273
124.9600000000000693
125.0660000000000694
125.2060000000000696
125.3560000000000697
125.5070000000000698
125.66100000000007
237.223000000000169
550.413000000000447
550.561000000000447
550.710000000000447
550.859000000000448
551.006000000000448
551.168000000000448
551.334000000000448
551.492000000000448
551.663000000000448
551.840000000000448
551.993000000000449
552.149000000000449
552.327000000000449
552.495000000000449
552.662000000000449
552.817000000000449
553.02000000000045
553.24100000000045
553.39400000000045
553.57000000000045
553.73100000000045
553.87600000000045
554.04900000000045
554.198000000000451
554.368000000000451
554.535000000000451
554.694000000000451
554.865000000000451
555.048000000000451
555.225000000000451
555.388000000000452
555.564000000000452
555.733000000000452
555.862000000000452
556.312000000000452
556.482000000000453
556.650000000000453
556.835000000000453
557.032000000000453
557.193000000000453
557.376000000000453
557.563000000000454
557.765000000000454
557.968000000000454
558.171000000000454
558.369000000000454
559.733000000000455
559.881000000000456
560.050000000000456
560.223000000000456
560.456000000000456
560.624000000000456
560.789000000000456
560.971000000000457
561.154000000000457
561.336000000000457
561.512000000000457
561.726000000000457
561.906000000000457
562.107000000000458
562.291000000000458
562.476000000000458
562.646000000000458
562.836000000000458
562.899000000000458
563.103000000000458
563.347000000000459
563.485000000000459
563.940000000000459
564.065000000000459
564.58100000000046
564.73700000000046
564.91300000000046
565.08800000000046
565.26100000000046
565.441000000000461
565.624000000000461
566.428000000000461
566.594000000000462
566.777000000000462
566.960000000000462
567.137000000000462
567.398000000000462
567.634000000000462
567.807000000000463
567.997000000000463
568.194000000000463
568.392000000000463
568.570000000000463
568.755000000000464
568.948000000000464
569.253000000000464
569.427000000000464
569.612000000000464
569.781000000000464
569.990000000000465
570.211000000000465
570.468000000000465
570.485000000000465
570.735000000000465
570.872000000000465
571.080000000000466
571.240000000000466
571.416000000000466
571.604000000000466
571.804000000000466
573.032000000000467
573.240000000000467
573.454000000000468
573.645000000000468
573.892000000000468
574.186000000000468
574.351000000000468
574.542000000000469
574.744000000000469
574.986000000000469
575.153000000000469
575.362000000000469
575.54400000000047
575.76000000000047
575.93100000000047
576.10200000000047
576.28600000000047
576.47800000000047
576.71000000000047
576.723000000000471
577.022000000000471
577.173000000000471
577.334000000000471
577.545000000000471
577.597000000000471
577.816000000000472
578.006000000000472
578.225000000000472
578.409000000000472
578.613000000000472
578.804000000000472
579.431000000000473
579.590000000000473
579.767000000000473
579.972000000000473
580.524000000000474
580.663000000000474
580.985000000000474
581.160000000000474
581.357000000000475
581.549000000000475
581.781000000000475
582.006000000000475
582.213000000000475
582.410000000000476
582.467000000000476
582.684000000000476
582.886000000000476
583.120000000000476
583.295000000000476
583.479000000000477
583.658000000000477
584.588000000000478
584.782000000000478
584.985000000000478
585.246000000000478
585.417000000000478
585.606000000000478
585.869000000000479
589.133000000000482
589.331000000000482
589.576000000000482
589.805000000000482
590.008000000000482
590.251000000000483
590.472000000000483
590.666000000000483
590.800000000000483
591.072000000000483
591.305000000000484
591.454000000000484
591.641000000000484
591.961000000000484
592.125000000000484
592.338000000000484
592.498000000000485
592.633000000000485
592.863000000000485
593.007000000000485
593.173000000000485
593.347000000000485
593.522000000000486
593.715000000000486
593.780000000000486
593.978000000000486
594.208000000000486
594.351000000000486
594.883000000000487
595.083000000000487
595.258000000000487
595.437000000000487
595.605000000000487
595.797000000000488
596.288000000000488
596.391000000000488
596.610000000000488
596.797000000000488
596.935000000000488
597.104000000000489
597.322000000000489
597.540000000000489
597.766000000000489
597.781000000000489
597.931000000000489
598.11700000000049
598.34700000000049
598.49600000000049
598.77100000000049
599.02600000000049
599.16200000000049
605.151000000000496
605.287000000000496
605.453000000000496
605.632000000000496
605.791000000000496
605.957000000000496
606.457000000000497
606.602000000000497
606.781000000000497
620.66700000000051
620.81300000000051
620.96400000000051
621.12700000000051
621.29100000000051
621.46800000000051
621.65400000000051
621.863000000000511
622.029000000000511
622.186000000000511
622.358000000000511
622.528000000000511
623.518000000000512
623.808000000000512
624.080000000000513
624.257000000000513
624.855000000000513
625.337000000000514
625.495000000000514
625.684000000000514
625.982000000000514
626.075000000000514
636.046000000000523
636.202000000000523
636.368000000000524
636.530000000000524
636.702000000000524
636.868000000000524
637.033000000000524
637.218000000000524
637.454000000000524
637.666000000000525
637.977000000000525
638.150000000000525
638.642000000000526
638.752000000000526
638.917000000000526
639.094000000000526
639.284000000000526
639.466000000000526
640.189000000000527
640.415000000000527
740.670000000000616
740.828000000000616
740.985000000000616
741.141000000000617
741.303000000000617
741.463000000000617
741.629000000000617
741.803000000000617
741.968000000000617
742.143000000000617
742.307000000000618
742.476000000000618
742.658000000000618
743.124000000000618
743.262000000000618
743.430000000000619
743.641000000000619
743.833000000000619
744.008000000000619
744.173000000000619
744.366000000000619
744.408000000000619
744.59700000000062
744.79100000000062
744.98300000000062
745.18200000000062
745.39500000000062
745.578000000000621
745.795000000000621
746.001000000000621
746.187000000000621
746.370000000000621
746.556000000000621
746.739000000000622
746.914000000000622
747.079000000000622
747.215000000000622
748.039000000000623
748.211000000000623
748.345000000000623
882.585000000000742
882.677000000000742
883.413000000000743
883.567000000000743
883.721000000000743
883.885000000000743
884.051000000000744
884.216000000000744
884.387000000000744
884.633000000000744
884.813000000000744
884.964000000000744
885.161000000000744
885.338000000000745
885.696000000000745
885.858000000000745
886.028000000000745
886.205000000000745
886.386000000000746
886.566000000000746
886.758000000000746
886.937000000000746
887.131000000000746
887.313000000000746
888.294000000000747
888.770000000000748
888.902000000000748
889.081000000000748
889.252000000000748
889.481000000000748
889.665000000000748
889.858000000000749
890.019000000000749
890.185000000000749
891.14200000000075
891.28400000000075
1232.53500000000105
1232.70400000000105
1232.86300000000105
1233.01500000000105
1233.17100000000105
1233.33000000000105
1233.50000000000105
1233.66700000000105
1233.83500000000105
1233.99900000000105
1234.16700000000105
1234.34000000000105
1234.51100000000105
1234.70500000000105
1234.88900000000106
1235.07300000000106
1235.26100000000106
1235.43300000000106
1235.61800000000106
1235.79700000000106
1235.98000000000106
1236.15300000000106
1236.33700000000106
1236.51500000000106
1236.67000000000106
1236.84000000000106
1237.01200000000106
1237.19400000000106
1237.36900000000106
1237.55400000000106
1237.74600000000106
1237.93400000000106
1238.12500000000106
1238.31500000000106
1238.51500000000106
1238.71000000000106
1238.89800000000106
1239.09500000000106
1239.91700000000106
1240.08900000000106
1240.26300000000106
1240.43400000000106
1240.61700000000106
1240.80400000000106
1240.99000000000106
1241.17500000000106
1241.33100000000106
1241.82600000000106
1242.00000000000106
1242.19400000000106
1242.39000000000106
1242.57400000000106
1242.76900000000106
1242.95700000000106
1243.12400000000106
1243.29500000000106
1243.49400000000106
1243.66000000000106
1243.85000000000106
1244.04500000000106
1244.25400000000106
1244.44600000000106
1244.63800000000106
1244.83900000000106
1245.02700000000106
1245.23400000000106
1245.43100000000106
1245.64200000000106
1245.83300000000106
1246.19300000000107
1246.38500000000107
1246.58200000000107
1246.78700000000107
1246.96600000000107
1247.15800000000107
1247.35200000000107
1247.57600000000107
1247.75100000000107
1247.92800000000107
1248.11500000000107
1248.29800000000107
1248.49100000000107
1248.67800000000107
1248.84600000000107
1249.04700000000107
1249.24500000000107
1249.42800000000107
1249.57800000000107
1249.93600000000107
1250.15600000000107
1250.35800000000107
1250.53700000000107
1250.71800000000107
1250.91900000000107
1252.04800000000107
1252.23200000000107
1252.42700000000107
1252.61400000000107
1252.79500000000107
1252.98600000000107
1253.13300000000107
1254.38300000000107
1254.54600000000107
1254.71700000000107
1254.89400000000107
1255.07100000000107
1255.25500000000107
1255.44100000000107
1255.63100000000107
1255.81900000000107
1256.00100000000107
1256.18300000000107
1256.35000000000107
1256.54500000000107
1256.72400000000107
1256.91100000000107
1257.04200000000107
1257.09600000000107
1257.29300000000108
1257.48400000000108
1257.69100000000108
1257.90100000000108
1258.10700000000108
1258.31700000000108
1258.54400000000108
1258.72800000000108
1258.90300000000108
1259.10700000000108
1259.28400000000108
1259.46800000000108
1259.65000000000108
1259.83300000000108
1260.02600000000108
1260.21600000000108
1260.41500000000108
1260.59800000000108
1260.77600000000108
1260.96200000000108
1261.16500000000108
1261.36000000000108
1261.56500000000108
1261.77100000000108
1261.95400000000108
1262.15000000000108
1262.35600000000108
1262.60200000000108
1262.80900000000108
1263.03000000000108
1263.23300000000108
1263.42800000000108
1263.57300000000108
1263.94700000000108
1264.69500000000108
1264.85300000000108
1265.04200000000108
1265.23900000000108
1265.41300000000108
1265.59100000000108
1265.77400000000108
1265.97400000000108
1266.17600000000108
1266.37400000000108
1266.53300000000108
1267.91100000000108
1268.06300000000108
1268.23900000000108
1268.40700000000108
1268.58000000000108
1268.98300000000109
1269.15400000000109
1269.34000000000109
1269.51300000000109
1269.69100000000109
1269.88900000000109
1270.07500000000109
1270.14600000000109
1270.36400000000109
1270.55900000000109
1270.73400000000109
1270.91500000000109
1271.10100000000109
1271.30000000000109
1271.48500000000109
1271.68000000000109
1271.86400000000109
1272.05600000000109
1272.25700000000109
1273.71000000000109
1273.89100000000109
1428.67700000000123
1428.85000000000123
1429.02000000000123
1429.17800000000123
1429.32700000000123
1429.48300000000123
1429.64600000000123
1429.81200000000123
1429.97300000000123
1430.13700000000123
1430.30400000000123
1430.47200000000123
1430.65300000000123
1430.83000000000123
1431.02300000000123
1431.20000000000123
1431.37200000000123
1431.55100000000123
1431.73200000000123
1431.90400000000123
1432.08500000000123
1432.27000000000123
1432.45100000000123
1432.63000000000123
1433.24000000000123
1433.39900000000123
1433.57700000000123
1433.76400000000123
1433.94400000000123
1434.12400000000123
1434.30800000000123
1434.47900000000123
1435.32300000000123
1435.48600000000123
1435.66500000000123
1435.87100000000123
1436.04800000000123
1436.23600000000123
1436.41700000000123
1436.59800000000123
1436.78200000000123
1436.97100000000123
1437.16000000000123
1437.34600000000123
1437.53100000000124
1437.71800000000124
1437.91800000000124
1453.22500000000125
1453.38900000000125
1453.55400000000125
1453.71600000000125
3486.44699999984336
3486.60199999984334
3486.75699999984332
3486.9179999998433
3487.08099999984329
3487.24099999984327
3487.40599999984325
3487.57599999984323
3487.73999999984321
3487.90799999984319
3488.08899999984317
3488.25599999984316
3488.42899999984314
3488.59899999984312
3488.7749999998431
3488.95399999984308
3489.13199999984306
3489.32199999984304
3489.49799999984302
3489.655999999843
3490.70799999984289
3490.88299999984287
3491.04499999984285
3491.21199999984283
3491.38699999984281
3491.55999999984279
3491.73899999984277
3491.88899999984276
3492.06499999984274
3492.21899999984272
3492.3889999998427
3492.56199999984268
3492.75199999984266
3492.93499999984264
3493.09899999984262
3493.2619999998426
3493.41399999984259
3493.59699999984257
3493.78499999984255
3493.95899999984253
3494.12199999984251
3494.27799999984249
3494.45099999984247
3494.63799999984245
3494.78599999984244
3494.97299999984242
3495.1549999998424
3495.33199999984238
3495.51299999984236
3495.68899999984234
3495.87999999984232
3496.0579999998423
3496.24399999984228
3496.42099999984226
3496.59499999984224
3496.76999999984222
3496.9599999998422
3497.12799999984218
3497.28399999984216
3497.46499999984214
3497.64099999984212
3497.8159999998421
3498.00199999984208
3498.18299999984206
3498.34699999984204
3498.52899999984202
3498.705999999842
3498.88099999984199
3499.07599999984196
3499.27299999984194
3499.46299999984192
3499.6239999998419
3499.80999999984188
3500.00299999984186
3500.19299999984184
3500.38599999984182
3500.5869999998418
3500.77499999984178
3500.96899999984176
3501.15999999984173
3501.35899999984171
3501.55199999984169
3501.70799999984167
3501.90299999984165
3502.10499999984163
3502.30599999984161
3502.98699999984153
3503.15799999984151
3503.3379999998415
3503.52999999984147
3503.71899999984145
3503.91699999984143
3504.10799999984141
3504.31299999984139
3504.50599999984137
3504.70099999984134
3504.90199999984132
3505.0949999998413
3505.72699999984123
3505.88199999984121
3506.07199999984119
3506.25399999984117
3506.44599999984115
3506.64299999984113
3506.83699999984111
3507.03199999984109
3507.24799999984106
3507.44399999984104
3507.61499999984102
3507.820999999841
3508.02199999984098
3508.98599999984087
3509.14499999984086
3509.31899999984084
3509.49699999984082
3509.6759999998408
3509.86099999984078
3510.06599999984075
3510.23399999984074
3510.42999999984071
3510.62499999984069
3510.82799999984067
3511.03799999984065
3511.21599999984063
3511.4429999998406
3511.68699999984058
3511.85599999984056
3512.01699999984054
3512.86899999984044
3513.03599999984043
3513.21099999984041
3513.39899999984039
3513.59699999984036
3513.77499999984035
3513.97699999984032
3514.1759999998403
3514.36199999984028
3514.98799999984021
3530.67999999983848
3530.83699999983847
3531.01399999983845
3531.19399999983843
3531.36499999983841
3531.55999999983839
3536.0219999998379
3536.35099999983786
3536.52299999983784
3582.90399999983273
3583.06499999983271
3583.28199999983269
3583.52599999983266
3583.68999999983265
3583.87099999983263
3584.04899999983261
3584.23399999983259
3584.41199999983257
3584.58399999983255
3584.75099999983253
3584.94299999983251
3585.15199999983248
3585.47499999983245
3585.65299999983243
3585.83999999983241
3586.01899999983239
3586.20599999983237
3586.39399999983235
3586.57699999983233
3586.74599999983231
3586.92499999983229
3587.09799999983227
3587.31099999983225
3587.48299999983223
3589.13999999983205
3589.30299999983203
3589.46199999983201
3589.68599999983198
3590.01099999983195
0
0
0
0
0
0
0
0
0
0
0
0
0
3600.00099999983085
0
0
0
0
0
0
