10
13
18
10
13
18
IPP2.14
test2
0
2
7
47
48
8
49
32
22
4
.3
1
583
583
1
1831
1831
1
1
1
1
1
1
1
1
1
1
1
1
1
1
1
1
1
1
1
1
582
-1
19.8059999999999971
20.1659999999999968
20.4469999999999966
21.2239999999999959
21.5349999999999956
21.6669999999999955
21.7709999999999954
21.8989999999999953
22.0419999999999952
22.1649999999999951
22.6169999999999947
22.7389999999999946
22.8739999999999945
23.2189999999999942
23.3429999999999941
23.8269999999999937
23.9689999999999936
24.2149999999999934
24.605999999999993
24.7249999999999929
25.0279999999999927
25.1529999999999926
25.4179999999999923
25.5589999999999922
25.7229999999999921
25.837999999999992
26.0019999999999919
26.1209999999999918
27.7159999999999904
27.8339999999999903
27.9809999999999902
28.1259999999999901
28.2689999999999899
28.4139999999999898
28.5649999999999897
28.6929999999999896
28.8489999999999894
28.9999999999999893
29.1709999999999892
29.319999999999989
29.4709999999999889
29.6229999999999888
29.7499999999999887
29.9249999999999885
30.0829999999999884
30.2449999999999883
30.4109999999999881
30.570999999999988
30.7509999999999878
31.2659999999999874
31.4289999999999873
31.5849999999999871
31.753999999999987
31.9019999999999869
32.0729999999999868
32.251999999999987
32.4059999999999871
32.5549999999999873
32.6929999999999874
32.8619999999999875
33.0289999999999877
33.1879999999999878
33.355999999999988
33.5069999999999881
33.7209999999999883
33.8719999999999884
34.0329999999999886
34.2079999999999887
34.3829999999999889
34.524999999999989
34.7109999999999892
34.8849999999999893
35.0269999999999895
35.2399999999999897
35.3959999999999898
35.5629999999999899
35.7319999999999901
35.9059999999999902
36.0639999999999904
36.2419999999999905
36.4129999999999907
36.5849999999999908
36.757999999999991
36.9379999999999912
37.1199999999999913
37.2749999999999915
37.4579999999999916
37.6369999999999918
37.8189999999999919
38.7019999999999927
38.8329999999999928
38.981999999999993
39.1469999999999931
39.3159999999999933
39.5299999999999935
39.9939999999999939
40.137999999999994
40.3029999999999942
40.4559999999999943
40.6189999999999944
40.9749999999999947
41.0549999999999948
41.253999999999995
41.3819999999999951
42.0299999999999957
42.2439999999999959
42.375999999999996
62.0880000000000135
62.2090000000000136
62.3440000000000137
62.601000000000014
63.5050000000000148
63.760000000000015
64.0210000000000152
88.3340000000000368
88.4480000000000369
88.567000000000037
88.6920000000000371
88.8290000000000372
88.9730000000000374
89.4920000000000378
89.630000000000038
89.7740000000000381
89.9260000000000382
90.0760000000000384
90.2370000000000385
90.4040000000000386
90.5740000000000388
90.6910000000000389
90.779000000000039
91.1530000000000393
91.2980000000000394
91.7210000000000398
91.86700000000004
92.0270000000000401
92.1860000000000402
92.3460000000000404
92.4950000000000405
92.6750000000000407
92.8480000000000408
93.015000000000041
93.1810000000000411
93.3450000000000413
93.5010000000000414
93.6640000000000415
94.3710000000000422
94.7810000000000425
94.9150000000000426
95.0620000000000428
95.2160000000000429
95.3810000000000431
95.5600000000000432
95.7490000000000434
95.9280000000000436
96.0770000000000437
96.2680000000000439
96.437000000000044
96.6310000000000442
96.9790000000000445
97.0860000000000446
97.2580000000000447
97.527000000000045
97.6850000000000451
98.3720000000000457
98.5630000000000459
98.700000000000046
98.9540000000000462
99.1050000000000464
241.875000000000173
242.537000000000174
243.530000000000175
243.793000000000175
243.952000000000175
244.096000000000175
244.264000000000175
244.400000000000175
244.556000000000176
244.704000000000176
244.863000000000176
245.030000000000176
245.231000000000176
245.510000000000176
245.686000000000177
245.883000000000177
246.048000000000177
246.234000000000177
246.358000000000177
246.399000000000177
246.459000000000177
247.144000000000178
247.279000000000178
247.395000000000178
247.468000000000178
247.636000000000178
247.721000000000178
248.202000000000179
248.444000000000179
248.557000000000179
249.22700000000018
368.469000000000286
369.077000000000286
369.339000000000286
370.020000000000287
370.296000000000287
370.860000000000288
370.997000000000288
371.689000000000288
371.726000000000288
371.814000000000289
371.956000000000289
372.086000000000289
372.239000000000289
372.396000000000289
372.713000000000289
373.45700000000029
373.86900000000029
374.026000000000291
374.093000000000291
374.186000000000291
374.271000000000291
374.731000000000291
375.258000000000292
375.309000000000292
376.290000000000293
376.449000000000293
377.077000000000293
379.255000000000295
379.861000000000296
379.998000000000296
380.089000000000296
380.166000000000296
380.326000000000296
380.488000000000296
380.631000000000296
380.790000000000297
380.900000000000297
380.933000000000297
381.289000000000297
381.557000000000297
382.006000000000298
382.095000000000298
382.660000000000298
382.813000000000298
383.155000000000299
384.6210000000003
384.8580000000003
384.8980000000003
385.0030000000003
440.91000000000035
441.873000000000351
442.775000000000352
443.058000000000352
443.534000000000352
443.693000000000352
444.021000000000353
444.227000000000353
444.537000000000353
444.875000000000353
445.051000000000354
445.470000000000354
446.240000000000355
446.734000000000355
446.981000000000355
447.268000000000356
447.423000000000356
447.575000000000356
447.689000000000356
450.173000000000358
450.615000000000359
507.209000000000409
507.878000000000409
508.35600000000041
508.65200000000041
508.77100000000041
508.99700000000041
509.117000000000411
509.438000000000411
665.88800000000055
666.858000000000551
667.260000000000551
667.672000000000551
668.135000000000552
668.269000000000552
668.417000000000552
668.552000000000552
668.820000000000552
668.962000000000552
669.111000000000553
669.258000000000553
669.830000000000553
669.966000000000553
670.102000000000554
670.255000000000554
670.380000000000554
670.520000000000554
670.658000000000554
670.792000000000554
670.944000000000554
671.091000000000554
671.640000000000555
672.004000000000555
672.133000000000555
672.280000000000555
672.423000000000556
672.577000000000556
672.823000000000556
672.978000000000556
673.136000000000556
673.295000000000556
673.448000000000556
673.606000000000557
673.762000000000557
673.935000000000557
674.097000000000557
674.265000000000557
674.451000000000557
674.633000000000558
674.797000000000558
674.919000000000558
675.082000000000558
675.286000000000558
675.640000000000558
675.822000000000559
676.117000000000559
676.271000000000559
676.438000000000559
676.603000000000559
676.763000000000559
676.93400000000056
677.09300000000056
677.29400000000056
677.36500000000056
677.47400000000056
678.042000000000561
678.321000000000561
678.470000000000561
678.622000000000561
678.725000000000561
678.802000000000561
678.920000000000561
679.350000000000562
679.442000000000562
679.641000000000562
679.706000000000562
680.030000000000562
680.218000000000562
680.277000000000563
680.511000000000563
681.457000000000564
682.170000000000564
682.522000000000564
682.655000000000565
682.796000000000565
682.943000000000565
683.080000000000565
683.221000000000565
683.582000000000565
683.729000000000566
683.884000000000566
684.076000000000566
684.524000000000566
684.676000000000566
684.706000000000566
684.775000000000566
685.163000000000567
685.257000000000567
685.448000000000567
685.601000000000567
685.998000000000568
687.132000000000569
687.241000000000569
687.364000000000569
687.498000000000569
687.663000000000569
687.953000000000569
688.093000000000569
688.22800000000057
688.37800000000057
688.52700000000057
688.69500000000057
688.84300000000057
689.00100000000057
689.16400000000057
689.26700000000057
689.378000000000571
689.515000000000571
689.650000000000571
689.808000000000571
689.976000000000571
690.137000000000571
690.252000000000571
690.337000000000571
691.671000000000573
692.385000000000573
692.516000000000573
832.141000000000697
832.723000000000698
833.227000000000698
833.356000000000698
833.527000000000699
833.771000000000699
833.997000000000699
834.130000000000699
834.274000000000699
834.415000000000699
834.5640000000007
835.1460000000007
835.4250000000007
835.4480000000007
835.809000000000701
836.174000000000701
836.281000000000701
837.957000000000703
838.216000000000703
838.353000000000703
838.551000000000703
838.686000000000703
855.736000000000718
994.089000000000841
995.825000000000843
997.438000000000844
997.848000000000845
998.188000000000845
998.507000000000845
998.607000000000845
998.705000000000845
999.071000000000846
999.176000000000846
1000.736000000000847
1125.97600000000096
1126.12000000000096
1126.52800000000096
1126.78600000000096
1127.16100000000096
1127.27200000000096
1127.41400000000096
1127.56000000000096
1127.89500000000096
1128.95500000000096
1129.39700000000096
1129.52800000000096
1129.65200000000096
1129.80500000000096
1249.09900000000107
1250.15800000000107
1250.66400000000107
1251.17900000000107
1252.25300000000107
1252.50400000000107
1252.84800000000107
1252.94100000000107
1253.19400000000107
1253.35600000000107
1253.49900000000107
1254.29400000000107
1254.55200000000107
1254.65500000000107
1255.11400000000107
1255.25800000000107
1255.40700000000107
1255.52500000000107
1255.67500000000107
1255.94000000000107
1256.08300000000107
1256.23800000000107
1256.37300000000107
1256.48900000000107
1256.64400000000107
1256.79400000000107
1256.93500000000107
1257.10500000000107
1257.48500000000108
1257.63200000000108
1257.78700000000108
1257.94600000000108
1258.11000000000108
1258.29100000000108
1258.46600000000108
1258.63500000000108
1258.82300000000108
1258.99600000000108
1259.17200000000108
1261.78200000000108
1262.63700000000108
1262.87400000000108
1263.28600000000108
1263.77100000000108
1264.02500000000108
1264.15900000000108
1264.77300000000108
1264.92100000000108
1265.56900000000108
1265.86800000000108
1266.24400000000108
1266.65600000000108
1266.67100000000108
1267.04200000000108
1267.16300000000108
1267.31200000000108
1276.07000000000109
1276.41800000000109
1276.52800000000109
1276.90000000000109
1277.22700000000109
1277.36800000000109
1277.51500000000109
1277.63800000000109
1277.78100000000109
1277.92700000000109
1278.08900000000109
1278.25000000000109
1278.55400000000109
1278.69900000000109
1278.85100000000109
1279.01200000000109
1279.15400000000109
1279.30900000000109
1279.46800000000109
1279.64200000000109
1279.9180000000011
1280.0490000000011
1280.2070000000011
1280.3660000000011
1280.5510000000011
1280.9030000000011
1281.0150000000011
1281.2060000000011
1281.4850000000011
1281.5730000000011
1285.7150000000011
1285.8510000000011
1285.9950000000011
1745.94100000000151
1746.36300000000151
1749.57200000000151
1749.73100000000151
1750.02300000000151
1750.29100000000151
1750.45800000000151
1750.86300000000151
1751.01500000000151
1751.17000000000151
1751.33000000000151
1751.61400000000151
1751.78800000000151
1751.96700000000151
1752.24500000000151
1752.41600000000151
1752.60100000000151
1752.76300000000152
1753.05900000000152
1753.24200000000152
1753.41000000000152
1753.60000000000152
1753.79200000000152
1753.98400000000152
1754.16600000000152
1754.36000000000152
1754.53400000000152
1754.74700000000152
1755.32700000000152
1755.70300000000152
1755.86400000000152
1756.03700000000152
1760.21000000000152
1760.36100000000152
1760.80700000000152
1760.95500000000152
1761.12200000000152
1796.30700000000155
1796.59400000000155
1796.73200000000155
1796.98400000000155
1797.13200000000155
1797.30000000000155
1797.46800000000155
2178.35099999998742
2181.98599999998702
2182.86799999998692
2253.65399999997913
2332.66899999997043
2477.50499999995447
-2
19.860999999999997
20.2319999999999967
20.5569999999999965
21.2709999999999959
21.5789999999999956
21.6949999999999955
21.8219999999999954
21.9399999999999953
22.0849999999999952
22.1869999999999951
22.6579999999999947
22.7909999999999946
22.8979999999999945
23.2549999999999942
23.4009999999999941
23.8759999999999937
24.0219999999999935
24.2849999999999933
24.631999999999993
24.7949999999999929
25.0649999999999926
25.2099999999999925
25.4639999999999923
25.6279999999999922
25.7459999999999921
25.9089999999999919
26.0329999999999918
26.1809999999999917
27.7539999999999904
27.9019999999999902
28.0469999999999901
28.18799999999999
28.3359999999999899
28.4799999999999898
28.6109999999999896
28.7629999999999895
28.9079999999999894
29.0609999999999893
29.2299999999999891
29.367999999999989
29.5239999999999889
29.6579999999999888
29.8329999999999886
29.9949999999999885
30.1599999999999883
30.3209999999999882
30.4769999999999881
30.6349999999999879
30.8129999999999878
31.3429999999999873
31.5019999999999872
31.6609999999999871
31.8159999999999869
31.9729999999999868
32.1489999999999869
32.299999999999987
32.4629999999999872
32.5799999999999873
32.7619999999999874
32.9319999999999876
33.0929999999999877
33.2559999999999879
33.420999999999988
33.5939999999999882
33.7779999999999884
33.9439999999999885
34.1179999999999887
34.2899999999999888
34.4399999999999889
34.6089999999999891
34.7739999999999892
34.9389999999999894
35.1119999999999895
35.3029999999999897
35.4609999999999898
35.62699999999999
35.8019999999999902
35.9689999999999903
36.1489999999999905
36.3239999999999906
36.5009999999999908
36.6619999999999909
36.8359999999999911
37.0199999999999912
37.1859999999999914
37.3679999999999915
37.5409999999999917
37.7249999999999919
37.906999999999992
38.7589999999999928
38.9039999999999929
39.060999999999993
39.2269999999999932
39.3959999999999933
39.6389999999999936
40.0479999999999939
40.2009999999999941
40.3719999999999942
40.5249999999999943
40.6839999999999945
41.0129999999999948
41.0829999999999948
41.301999999999995
41.4529999999999952
42.0579999999999957
42.2979999999999959
42.439999999999996
62.1330000000000135
62.2640000000000137
62.4020000000000138
62.633000000000014
63.6050000000000148
63.8760000000000151
64.0840000000000153
88.3630000000000368
88.493000000000037
88.6200000000000371
88.7520000000000372
88.8890000000000373
89.0270000000000374
89.5540000000000379
89.700000000000038
89.8490000000000382
89.9980000000000383
90.1570000000000384
90.3170000000000386
90.4920000000000387
90.6680000000000389
90.7060000000000389
90.818000000000039
91.2110000000000394
91.3630000000000395
91.7990000000000399
91.93900000000004
92.0970000000000402
92.2620000000000403
92.4190000000000404
92.5770000000000406
92.7580000000000407
92.9290000000000409
93.095000000000041
93.2650000000000412
93.4220000000000413
93.5830000000000415
93.7470000000000416
94.4460000000000422
94.8390000000000426
94.9910000000000427
95.1450000000000429
95.304000000000043
95.4730000000000432
95.6500000000000433
95.8180000000000435
96.0190000000000436
96.0900000000000437
96.3480000000000439
96.5240000000000441
96.7120000000000442
96.9950000000000445
97.1430000000000446
97.3210000000000448
97.594000000000045
97.7640000000000452
98.3970000000000457
98.6220000000000459
98.7660000000000461
99.0350000000000463
99.1730000000000464
241.914000000000173
242.721000000000174
243.584000000000175
243.852000000000175
244.018000000000175
244.164000000000175
244.320000000000175
244.467000000000175
244.623000000000176
244.776000000000176
244.929000000000176
245.101000000000176
245.268000000000176
245.565000000000176
245.753000000000177
245.956000000000177
246.130000000000177
246.317000000000177
246.392000000000177
246.413000000000177
246.495000000000177
247.190000000000178
247.358000000000178
247.408000000000178
247.511000000000178
247.706000000000178
247.742000000000178
248.344000000000179
248.479000000000179
248.676000000000179
249.41200000000018
368.514000000000286
369.160000000000286
369.449000000000286
370.077000000000287
370.349000000000287
370.903000000000288
371.057000000000288
371.702000000000288
371.732000000000288
371.855000000000289
372.000000000000289
372.216000000000289
372.359000000000289
372.519000000000289
372.83900000000029
373.49900000000029
373.93500000000029
374.081000000000291
374.106000000000291
374.228000000000291
374.284000000000291
374.794000000000291
375.284000000000292
375.419000000000292
376.374000000000293
376.543000000000293
377.246000000000293
379.554000000000295
379.903000000000296
380.080000000000296
380.105000000000296
380.221000000000296
380.389000000000296
380.541000000000296
380.702000000000296
380.863000000000297
380.907000000000297
380.949000000000297
381.405000000000297
381.923000000000298
382.093000000000298
382.576000000000298
382.689000000000298
382.974000000000298
383.225000000000299
384.7400000000003
384.8940000000003
384.9720000000003
385.1750000000003
440.96200000000035
441.945000000000351
442.787000000000352
443.085000000000352
443.592000000000352
443.802000000000352
444.138000000000353
444.328000000000353
444.664000000000353
444.984000000000354
445.080000000000354
445.545000000000354
446.312000000000355
446.804000000000355
447.000000000000355
447.348000000000356
447.486000000000356
447.603000000000356
447.814000000000356
450.238000000000358
450.637000000000359
507.254000000000409
507.94200000000041
508.41200000000041
508.67200000000041
508.82400000000041
509.03300000000041
509.384000000000411
509.498000000000411
665.94500000000055
666.908000000000551
667.275000000000551
667.712000000000551
668.175000000000552
668.323000000000552
668.461000000000552
668.590000000000552
668.874000000000552
669.025000000000553
669.176000000000553
669.326000000000553
669.885000000000553
670.021000000000553
670.166000000000554
670.295000000000554
670.434000000000554
670.573000000000554
670.703000000000554
670.856000000000554
671.011000000000554
671.155000000000554
671.711000000000555
672.051000000000555
672.196000000000555
672.343000000000556
672.491000000000556
672.617000000000556
672.887000000000556
673.052000000000556
673.211000000000556
673.355000000000556
673.510000000000556
673.664000000000557
673.845000000000557
674.010000000000557
674.174000000000557
674.352000000000557
674.541000000000557
674.709000000000558
674.834000000000558
674.997000000000558
675.144000000000558
675.314000000000558
675.699000000000558
675.857000000000559
676.182000000000559
676.345000000000559
676.511000000000559
676.677000000000559
676.838000000000559
677.01400000000056
677.18500000000056
677.33400000000056
677.39200000000056
677.50400000000056
678.199000000000561
678.382000000000561
678.538000000000561
678.685000000000561
678.734000000000561
678.841000000000561
678.993000000000561
679.382000000000562
679.605000000000562
679.661000000000562
679.902000000000562
680.200000000000562
680.252000000000562
680.299000000000563
680.536000000000563
681.482000000000564
682.214000000000564
682.582000000000565
682.722000000000565
682.864000000000565
683.002000000000565
683.131000000000565
683.273000000000565
683.650000000000566
683.788000000000566
683.952000000000566
684.120000000000566
684.672000000000566
684.690000000000566
684.735000000000566
685.069000000000567
685.207000000000567
685.307000000000567
685.505000000000567
685.656000000000567
686.015000000000568
687.167000000000569
687.315000000000569
687.380000000000569
687.548000000000569
687.704000000000569
688.014000000000569
688.15500000000057
688.29700000000057
688.44600000000057
688.59900000000057
688.75500000000057
688.91900000000057
689.11200000000057
689.24800000000057
689.279000000000571
689.409000000000571
689.554000000000571
689.719000000000571
689.880000000000571
690.048000000000571
690.208000000000571
690.268000000000571
690.391000000000572
691.739000000000573
692.438000000000573
692.585000000000573
832.153000000000697
832.753000000000698
833.264000000000698
833.366000000000698
833.576000000000699
833.816000000000699
834.033000000000699
834.177000000000699
834.333000000000699
834.4840000000007
834.6340000000007
835.1730000000007
835.4410000000007
835.5750000000007
835.864000000000701
836.223000000000701
836.346000000000701
838.001000000000703
838.252000000000703
838.394000000000703
838.594000000000703
838.730000000000703
855.806000000000718
994.150000000000841
995.838000000000843
997.472000000000844
997.914000000000845
998.421000000000845
998.587000000000845
998.619000000000845
998.772000000000845
999.127000000000846
999.237000000000846
1000.793000000000847
1126.01600000000096
1126.17100000000096
1126.56200000000096
1126.80900000000096
1127.20200000000096
1127.34500000000096
1127.45800000000096
1127.76300000000096
1127.95000000000096
1128.99200000000096
1129.44100000000096
1129.56400000000096
1129.71300000000096
1129.86600000000096
1249.12100000000107
1250.21300000000107
1250.70000000000107
1251.24100000000107
1252.28100000000107
1252.54200000000107
1252.87300000000107
1252.96900000000107
1253.21400000000107
1253.39900000000107
1253.55100000000107
1254.34700000000107
1254.56800000000107
1254.74900000000107
1255.16000000000107
1255.31800000000107
1255.43700000000107
1255.58600000000107
1255.71000000000107
1256.00300000000107
1256.14700000000107
1256.28400000000107
1256.40100000000107
1256.55300000000107
1256.70200000000107
1256.83900000000107
1257.01800000000107
1257.16200000000107
1257.53000000000108
1257.69200000000108
1257.85100000000108
1258.01800000000108
1258.19500000000108
1258.37400000000108
1258.53800000000108
1258.71100000000108
1258.89200000000108
1259.07900000000108
1259.21300000000108
1261.84900000000108
1262.67000000000108
1262.93300000000108
1263.32500000000108
1263.82900000000108
1264.04700000000108
1264.21100000000108
1264.83000000000108
1264.96800000000108
1265.59600000000108
1266.18800000000108
1266.59800000000108
1266.66600000000108
1266.81900000000108
1267.07500000000108
1267.21900000000108
1267.36300000000108
1276.11600000000109
1276.44100000000109
1276.64000000000109
1277.02400000000109
1277.27000000000109
1277.41900000000109
1277.55600000000109
1277.70400000000109
1277.84700000000109
1278.00000000000109
1278.16100000000109
1278.29500000000109
1278.60700000000109
1278.76100000000109
1278.92500000000109
1279.06500000000109
1279.21800000000109
1279.37900000000109
1279.54900000000109
1279.69300000000109
1279.9580000000011
1280.1260000000011
1280.2820000000011
1280.4520000000011
1280.6140000000011
1280.9520000000011
1281.0650000000011
1281.3190000000011
1281.5690000000011
1281.6210000000011
1285.7580000000011
1285.9040000000011
1286.0460000000011
1745.98400000000151
1746.40400000000151
1749.60300000000151
1749.77600000000151
1750.07500000000151
1750.35400000000151
1750.52100000000151
1750.91600000000151
1751.07600000000151
1751.23300000000151
1751.38500000000151
1751.68600000000151
1751.86300000000151
1752.01700000000151
1752.31500000000151
1752.48300000000151
1752.66500000000151
1752.82900000000152
1753.13500000000152
1753.30800000000152
1753.49400000000152
1753.68000000000152
1753.87700000000152
1754.06000000000152
1754.24900000000152
1754.43400000000152
1754.61900000000152
1754.82300000000152
1755.37300000000152
1755.77100000000152
1755.94100000000152
1756.11700000000152
1760.24600000000152
1760.41400000000152
1760.85800000000152
1761.01700000000152
1761.18300000000152
1796.35000000000155
1796.62000000000155
1796.77400000000155
1797.03900000000155
1797.19400000000155
1797.36200000000155
1797.52900000000155
2178.36799999998742
2182.01299999998702
2182.91599999998692
2253.66999999997913
2332.71799999997042
2477.54599999995447
1830
-3
109.3430000000000555
109.4740000000000556
109.6120000000000557
109.7330000000000558
109.8680000000000559
110.0040000000000561
111.039000000000057
111.1680000000000571
111.3330000000000572
111.4870000000000574
111.6050000000000575
111.9570000000000578
112.1100000000000579
112.2870000000000581
112.4380000000000582
112.5540000000000583
112.6760000000000584
112.8000000000000585
112.9310000000000587
113.0640000000000588
113.2310000000000589
113.3860000000000591
113.5490000000000592
113.9140000000000595
114.0450000000000596
114.2230000000000598
114.3800000000000599
114.5510000000000601
114.7170000000000602
115.3620000000000608
115.513000000000061
115.6810000000000611
115.8570000000000612
116.0280000000000614
117.2040000000000624
117.3470000000000626
117.5130000000000627
117.6780000000000629
117.854000000000063
117.9980000000000632
118.1860000000000633
118.3570000000000635
119.0700000000000641
119.2220000000000642
119.3930000000000644
119.5660000000000646
119.7420000000000647
119.9170000000000649
120.3300000000000652
120.4960000000000654
120.6740000000000655
120.8540000000000657
121.0460000000000659
121.228000000000066
121.3920000000000662
121.5810000000000663
121.7800000000000665
121.9590000000000667
123.7630000000000683
123.8900000000000684
124.0360000000000685
124.1990000000000687
124.3710000000000688
124.545000000000069
124.7230000000000691
124.8930000000000693
125.0740000000000694
125.6290000000000699
125.8060000000000701
125.9920000000000702
126.1570000000000704
126.3390000000000706
127.1490000000000713
127.2940000000000714
127.4600000000000716
127.6400000000000717
127.8340000000000719
128.011000000000072
128.189000000000072
128.371000000000072
128.531000000000073
128.918000000000073
129.130000000000073
129.303000000000073
129.486000000000073
129.678000000000074
129.832000000000074
130.008000000000074
130.183000000000074
130.352000000000074
130.531000000000074
130.721000000000074
130.898000000000075
131.046000000000075
131.210000000000075
131.393000000000075
131.576000000000075
131.753000000000075
131.965000000000076
132.144000000000076
132.331000000000076
132.509000000000076
133.533000000000077
133.684000000000077
133.859000000000077
134.026000000000077
134.188000000000078
134.333000000000078
134.729000000000078
134.900000000000078
135.069000000000078
135.253000000000078
136.019000000000079
136.177000000000079
136.345000000000079
136.51900000000008
136.68400000000008
136.83400000000008
137.21900000000008
137.41400000000008
137.546000000000081
137.717000000000081
137.890000000000081
138.064000000000081
138.238000000000081
138.426000000000081
138.583000000000081
139.517000000000082
139.648000000000082
139.820000000000083
139.993000000000083
140.162000000000083
140.317000000000083
140.490000000000083
140.669000000000083
140.814000000000083
140.945000000000084
141.117000000000084
141.285000000000084
141.467000000000084
141.643000000000084
141.807000000000084
141.994000000000084
142.161000000000085
142.321000000000085
142.475000000000085
143.274000000000086
143.413000000000086
143.577000000000086
143.743000000000086
143.920000000000086
144.079000000000086
144.273000000000086
144.448000000000087
144.589000000000087
144.758000000000087
144.934000000000087
145.107000000000087
145.268000000000087
145.441000000000088
145.617000000000088
145.790000000000088
145.970000000000088
146.102000000000088
146.256000000000088
146.436000000000088
146.596000000000089
146.801000000000089
146.975000000000089
147.150000000000089
147.318000000000089
147.491000000000089
147.625000000000089
147.75700000000009
147.93800000000009
148.12800000000009
148.30400000000009
148.47200000000009
149.442000000000091
149.577000000000091
149.740000000000091
149.908000000000092
150.077000000000092
150.247000000000092
150.430000000000092
150.602000000000092
150.777000000000092
150.947000000000092
151.118000000000093
151.289000000000093
151.456000000000093
151.616000000000093
151.816000000000093
151.994000000000093
152.163000000000094
152.342000000000094
152.526000000000094
152.710000000000094
152.891000000000094
153.061000000000094
153.225000000000094
153.405000000000095
153.582000000000095
153.758000000000095
153.935000000000095
154.108000000000095
154.286000000000095
154.469000000000096
154.645000000000096
154.811000000000096
154.994000000000096
155.191000000000096
155.371000000000096
155.547000000000096
155.717000000000097
155.848000000000097
155.986000000000097
156.148000000000097
156.331000000000097
156.516000000000097
156.673000000000098
156.851000000000098
157.029000000000098
157.205000000000098
157.357000000000098
157.501000000000098
157.664000000000098
157.832000000000099
157.997000000000099
158.154000000000099
158.324000000000099
160.106000000000101
160.244000000000101
160.396000000000101
160.553000000000101
160.721000000000101
160.877000000000101
161.036000000000101
161.197000000000102
161.733000000000102
161.886000000000102
162.061000000000102
162.233000000000102
162.417000000000103
162.589000000000103
162.766000000000103
163.914000000000104
164.054000000000104
164.224000000000104
164.396000000000104
164.587000000000105
164.758000000000105
164.934000000000105
165.116000000000105
165.298000000000105
165.468000000000105
165.657000000000105
165.823000000000106
166.026000000000106
166.186000000000106
167.281000000000107
167.418000000000107
167.582000000000107
167.752000000000107
167.918000000000108
168.088000000000108
168.252000000000108
168.422000000000108
168.602000000000108
168.795000000000108
169.993000000000109
170.129000000000109
170.29500000000011
170.47700000000011
170.59900000000011
170.75900000000011
170.90500000000011
171.08000000000011
171.25000000000011
171.401000000000111
171.533000000000111
171.687000000000111
171.872000000000111
172.050000000000111
172.225000000000111
172.403000000000111
172.570000000000112
172.728000000000112
172.881000000000112
173.039000000000112
173.200000000000112
173.345000000000112
174.019000000000113
174.133000000000113
174.294000000000113
174.460000000000113
174.625000000000113
174.795000000000114
174.973000000000114
175.138000000000114
175.275000000000114
175.445000000000114
175.592000000000114
177.417000000000116
177.733000000000116
178.314000000000117
178.709000000000117
208.755000000000144
208.863000000000144
209.100000000000144
209.250000000000144
209.377000000000144
209.530000000000144
209.636000000000145
210.457000000000145
210.605000000000145
210.769000000000146
210.914000000000146
211.068000000000146
211.696000000000146
211.877000000000147
212.048000000000147
212.214000000000147
212.384000000000147
213.007000000000148
213.169000000000148
213.333000000000148
213.502000000000148
213.694000000000148
213.837000000000148
214.011000000000148
214.679000000000149
214.853000000000149
215.029000000000149
215.20600000000015
215.88200000000015
216.04900000000015
216.21800000000015
216.406000000000151
216.911000000000151
217.080000000000151
217.265000000000151
217.451000000000151
217.617000000000152
217.789000000000152
218.478000000000152
218.615000000000153
218.801000000000153
218.974000000000153
219.153000000000153
219.327000000000153
219.767000000000154
219.937000000000154
220.118000000000154
220.292000000000154
221.129000000000155
221.286000000000155
221.466000000000155
221.651000000000155
221.769000000000155
222.021000000000156
222.218000000000156
222.399000000000156
222.568000000000156
222.747000000000156
222.867000000000156
223.055000000000156
223.228000000000157
223.416000000000157
223.539000000000157
223.698000000000157
223.879000000000157
224.005000000000157
224.186000000000157
224.359000000000158
224.495000000000158
224.631000000000158
224.826000000000158
225.003000000000158
225.165000000000158
226.93000000000016
227.07300000000016
228.041000000000161
228.194000000000161
228.359000000000161
228.526000000000161
228.683000000000161
229.075000000000162
229.229000000000162
229.406000000000162
231.224000000000164
231.374000000000164
231.527000000000164
231.688000000000164
231.853000000000164
232.030000000000164
232.197000000000165
232.352000000000165
232.525000000000165
232.659000000000165
232.842000000000165
232.994000000000165
234.902000000000167
235.038000000000167
235.204000000000167
235.372000000000167
235.531000000000168
236.050000000000168
236.224000000000168
237.645000000000169
238.28800000000017
238.29600000000017
275.813000000000203
276.084000000000204
276.285000000000204
276.441000000000204
276.571000000000204
276.701000000000204
276.841000000000204
276.983000000000204
278.181000000000205
278.324000000000206
278.474000000000206
278.617000000000206
279.339000000000206
279.493000000000207
279.647000000000207
279.805000000000207
281.100000000000208
281.239000000000208
281.388000000000208
281.545000000000208
281.694000000000209
281.857000000000209
282.004000000000209
282.171000000000209
282.337000000000209
282.477000000000209
282.643000000000209
282.80600000000021
282.96200000000021
283.58900000000021
283.75800000000021
283.922000000000211
284.089000000000211
284.463000000000211
284.657000000000211
284.850000000000211
285.016000000000211
285.929000000000212
286.078000000000212
286.255000000000213
286.391000000000213
286.566000000000213
286.724000000000213
286.905000000000213
287.586000000000214
287.764000000000214
287.941000000000214
288.118000000000214
288.291000000000214
288.924000000000215
289.100000000000215
289.262000000000215
289.434000000000215
289.609000000000216
289.788000000000216
290.424000000000216
290.589000000000216
290.763000000000217
290.932000000000217
291.734000000000217
291.908000000000218
292.086000000000218
292.262000000000218
293.236000000000219
293.405000000000219
293.575000000000219
294.46500000000022
294.64800000000022
294.80300000000022
294.97700000000022
295.15200000000022
295.323000000000221
295.449000000000221
295.718000000000221
295.903000000000221
296.091000000000221
296.273000000000222
296.455000000000222
296.644000000000222
296.817000000000222
296.991000000000222
297.160000000000222
297.701000000000223
297.885000000000223
299.940000000000225
300.117000000000225
300.611000000000225
300.782000000000225
300.980000000000226
301.204000000000226
301.593000000000226
301.780000000000226
301.963000000000227
302.139000000000227
302.324000000000227
303.686000000000228
303.844000000000228
304.141000000000228
304.310000000000229
304.481000000000229
305.053000000000229
305.246000000000229
305.43800000000023
307.649000000000232
307.782000000000232
307.944000000000232
308.109000000000232
308.256000000000232
308.418000000000232
308.592000000000232
308.767000000000233
308.951000000000233
309.144000000000233
309.322000000000233
309.724000000000233
309.885000000000234
335.843000000000257
335.958000000000257
336.103000000000257
336.222000000000257
336.369000000000257
336.521000000000257
336.625000000000257
336.990000000000258
337.824000000000258
337.971000000000259
338.122000000000259
338.287000000000259
338.426000000000259
338.539000000000259
338.705000000000259
338.856000000000259
339.019000000000259
339.15000000000026
339.65100000000026
339.82100000000026
339.98900000000026
340.663000000000261
340.843000000000261
341.020000000000261
341.204000000000261
341.376000000000262
342.518000000000263
342.677000000000263
342.848000000000263
343.011000000000263
343.384000000000263
343.574000000000264
343.759000000000264
343.936000000000264
345.399000000000265
345.551000000000265
345.725000000000265
345.892000000000266
346.065000000000266
346.190000000000266
346.364000000000266
346.573000000000266
347.240000000000267
347.419000000000267
347.598000000000267
347.789000000000267
348.386000000000268
348.554000000000268
348.738000000000268
348.931000000000268
349.113000000000268
349.752000000000269
349.918000000000269
350.103000000000269
350.281000000000269
350.48000000000027
350.66400000000027
351.34700000000027
351.507000000000271
351.694000000000271
351.872000000000271
352.057000000000271
352.255000000000271
352.938000000000272
353.110000000000272
353.298000000000272
353.480000000000272
353.663000000000272
353.838000000000273
355.056000000000274
355.227000000000274
355.378000000000274
355.548000000000274
355.720000000000274
356.182000000000275
356.343000000000275
356.534000000000275
356.714000000000275
356.911000000000275
357.440000000000276
357.632000000000276
357.809000000000276
357.990000000000276
359.400000000000278
359.543000000000278
359.728000000000278
359.891000000000278
360.461000000000278
360.653000000000279
360.836000000000279
361.007000000000279
362.65200000000028
362.802000000000281
362.974000000000281
363.126000000000281
363.297000000000281
363.471000000000281
363.590000000000281
363.769000000000281
363.950000000000282
366.273000000000284
366.293000000000284
366.313000000000284
366.333000000000284
366.353000000000284
366.373000000000284
366.393000000000284
366.814000000000284
366.834000000000284
366.854000000000284
366.874000000000284
366.894000000000284
366.914000000000284
366.934000000000284
366.954000000000284
366.974000000000284
366.994000000000284
367.014000000000284
367.034000000000284
367.055000000000284
367.075000000000284
367.095000000000284
367.115000000000284
367.135000000000284
367.155000000000284
367.175000000000284
367.195000000000284
367.215000000000284
367.235000000000284
367.255000000000285
367.275000000000285
367.295000000000285
367.315000000000285
367.335000000000285
367.355000000000285
367.375000000000285
367.395000000000285
367.416000000000285
367.436000000000285
367.456000000000285
367.476000000000285
367.496000000000285
367.516000000000285
367.536000000000285
367.556000000000285
367.576000000000285
367.596000000000285
367.616000000000285
367.636000000000285
367.656000000000285
367.676000000000285
367.696000000000285
367.716000000000285
367.736000000000285
367.756000000000285
367.776000000000285
367.796000000000285
367.816000000000285
367.832000000000285
367.897000000000285
367.917000000000285
367.937000000000285
367.957000000000285
367.977000000000285
367.997000000000285
368.017000000000285
368.037000000000285
368.057000000000285
368.077000000000285
370.455000000000287
370.476000000000287
370.506000000000287
370.515000000000287
370.535000000000287
370.555000000000287
370.575000000000287
370.595000000000288
370.615000000000288
370.635000000000288
370.655000000000288
370.675000000000288
370.696000000000288
370.716000000000288
370.736000000000288
370.756000000000288
370.776000000000288
370.796000000000288
370.816000000000288
370.836000000000288
370.856000000000288
370.877000000000288
370.897000000000288
370.917000000000288
370.937000000000288
370.957000000000288
370.977000000000288
370.997000000000288
371.017000000000288
371.037000000000288
371.058000000000288
371.077000000000288
371.097000000000288
371.117000000000288
371.138000000000288
371.178000000000288
371.198000000000288
371.218000000000288
371.238000000000288
371.258000000000288
371.278000000000288
371.298000000000288
371.318000000000288
371.338000000000288
371.357000000000288
371.378000000000288
371.398000000000288
371.418000000000288
371.438000000000288
371.458000000000288
371.478000000000288
371.498000000000288
371.518000000000288
371.538000000000288
371.558000000000288
371.578000000000288
371.598000000000288
371.618000000000288
371.638000000000288
371.658000000000288
371.679000000000288
371.719000000000288
371.739000000000289
371.759000000000289
408.987000000000322
409.159000000000322
409.537000000000322
410.267000000000323
410.504000000000323
410.644000000000323
412.440000000000325
413.224000000000325
413.351000000000325
413.490000000000326
413.634000000000326
413.756000000000326
413.872000000000326
414.208000000000326
414.365000000000326
414.505000000000326
414.683000000000327
415.516000000000327
415.657000000000328
415.807000000000328
415.961000000000328
416.121000000000328
416.513000000000328
416.645000000000328
416.819000000000329
416.968000000000329
417.626000000000329
417.794000000000329
417.98200000000033
418.14700000000033
418.63100000000033
418.80800000000033
418.97500000000033
419.151000000000331
419.842000000000331
420.014000000000331
420.205000000000332
421.107000000000332
421.263000000000332
421.433000000000333
421.612000000000333
421.795000000000333
422.306000000000333
422.471000000000334
422.648000000000334
422.826000000000334
423.780000000000335
423.945000000000335
424.144000000000335
424.290000000000335
424.465000000000335
424.644000000000336
425.689000000000336
425.850000000000337
426.026000000000337
426.196000000000337
426.360000000000337
426.530000000000337
426.707000000000337
427.364000000000338
427.536000000000338
427.705000000000338
427.888000000000338
428.080000000000339
428.480000000000339
428.657000000000339
428.865000000000339
429.046000000000339
430.794000000000341
430.936000000000341
431.104000000000341
431.273000000000341
431.572000000000342
432.060000000000342
432.238000000000342
432.432000000000342
432.615000000000343
434.298000000000344
434.452000000000344
434.781000000000344
434.950000000000345
435.112000000000345
435.301000000000345
435.703000000000345
476.705000000000382
542.930000000000441
543.068000000000441
543.213000000000441
543.329000000000441
544.026000000000442
544.172000000000442
544.325000000000442
544.460000000000442
545.320000000000443
545.473000000000443
545.648000000000443
545.805000000000443
546.288000000000444
546.450000000000444
546.604000000000444
547.394000000000444
547.571000000000445
547.732000000000445
547.904000000000445
548.565000000000446
549.149000000000446
549.290000000000446
549.450000000000446
549.622000000000446
549.808000000000447
549.943000000000447
550.123000000000447
550.290000000000447
550.968000000000448
551.137000000000448
551.300000000000448
552.019000000000449
552.160000000000449
552.332000000000449
552.504000000000449
552.664000000000449
552.830000000000449
553.26400000000045
553.42700000000045
553.59100000000045
553.76700000000045
553.93200000000045
554.10300000000045
554.281000000000451
554.458000000000451
555.243000000000451
555.410000000000452
555.561000000000452
556.100000000000452
556.251000000000452
556.422000000000453
556.591000000000453
556.755000000000453
557.311000000000453
557.487000000000453
557.673000000000454
557.861000000000454
558.040000000000454
558.667000000000454
558.830000000000455
559.009000000000455
559.178000000000455
559.362000000000455
559.545000000000455
560.219000000000456
560.365000000000456
560.539000000000456
560.714000000000456
560.898000000000456
561.092000000000457
561.278000000000457
561.460000000000457
562.320000000000458
562.462000000000458
562.637000000000458
562.819000000000458
562.991000000000458
563.175000000000459
564.183000000000459
564.35700000000046
564.53100000000046
564.70100000000046
564.88400000000046
565.06100000000046
565.21900000000046
565.35200000000046
565.546000000000461
565.737000000000461
565.919000000000461
566.893000000000462
567.043000000000462
567.214000000000462
567.379000000000462
567.552000000000462
567.736000000000463
568.236000000000463
568.396000000000463
568.578000000000463
568.770000000000463
568.948000000000464
570.032000000000465
570.201000000000465
570.381000000000465
570.572000000000465
570.970000000000465
571.151000000000466
571.337000000000466
571.526000000000466
571.706000000000466
571.886000000000466
572.062000000000466
573.375000000000468
573.537000000000468
573.709000000000468
573.884000000000468
574.060000000000468
574.240000000000468
574.413000000000468
574.604000000000469
575.82300000000047
575.97800000000047
576.15400000000047
576.32200000000047
576.51200000000047
577.118000000000471
577.244000000000471
577.423000000000471
577.753000000000472
577.955000000000472
578.266000000000472
578.403000000000472
578.584000000000472
578.782000000000472
578.976000000000473
695.863000000000576
696.004000000000576
696.864000000000577
697.002000000000577
697.160000000000578
697.482000000000578
697.588000000000578
697.751000000000578
698.369000000000579
698.533000000000579
698.690000000000579
698.828000000000579
699.001000000000579
699.37500000000058
699.54600000000058
699.95300000000058
700.13800000000058
700.32000000000058
700.43900000000058
700.628000000000581
701.130000000000581
701.306000000000581
701.478000000000581
701.645000000000582
701.803000000000582
702.715000000000582
702.845000000000583
703.010000000000583
703.170000000000583
703.335000000000583
703.504000000000583
703.685000000000583
704.063000000000584
704.259000000000584
704.427000000000584
704.625000000000584
705.146000000000585
705.320000000000585
705.505000000000585
705.695000000000585
705.871000000000585
706.038000000000585
706.671000000000586
706.835000000000586
707.017000000000586
708.521000000000588
708.655000000000588
708.825000000000588
709.144000000000588
709.315000000000588
709.487000000000588
709.680000000000589
709.856000000000589
710.023000000000589
710.97500000000059
711.13100000000059
711.31300000000059
711.45300000000059
711.63600000000059
711.80800000000059
711.985000000000591
712.161000000000591
712.349000000000591
712.508000000000591
713.047000000000592
713.172000000000592
713.359000000000592
714.420000000000593
714.564000000000593
714.735000000000593
714.921000000000593
715.098000000000593
715.546000000000594
715.671000000000594
715.852000000000594
716.030000000000594
716.217000000000594
717.008000000000595
717.167000000000595
717.345000000000595
717.532000000000596
717.699000000000596
717.885000000000596
718.058000000000596
718.240000000000596
718.432000000000596
718.948000000000597
719.141000000000597
719.332000000000597
719.507000000000597
719.697000000000598
719.877000000000598
720.401000000000598
720.573000000000598
720.764000000000598
720.946000000000599
721.142000000000599
721.292000000000599
721.477000000000599
721.675000000000599
721.867000000000599
723.114000000000601
723.278000000000601
723.462000000000601
723.632000000000601
723.817000000000601
724.084000000000601
724.277000000000602
725.317000000000602
725.478000000000603
725.658000000000603
725.847000000000603
727.964000000000605
728.111000000000605
765.756000000000638
765.877000000000639
766.349000000000639
766.486000000000639
766.639000000000639
766.788000000000639
767.51600000000064
767.80200000000064
768.406000000000641
768.565000000000641
769.091000000000641
769.266000000000642
769.439000000000642
770.069000000000642
770.254000000000642
770.429000000000643
771.104000000000643
771.276000000000643
771.452000000000644
771.631000000000644
771.751000000000644
772.202000000000644
772.379000000000644
772.560000000000644
773.312000000000645
773.486000000000645
773.650000000000645
773.829000000000646
773.968000000000646
774.114000000000646
774.432000000000646
774.830000000000646
775.024000000000647
775.214000000000647
775.928000000000648
776.253000000000648
776.427000000000648
776.612000000000648
776.794000000000648
777.763000000000649
777.929000000000649
778.107000000000649
778.28300000000065
778.45900000000065
778.64200000000065
778.76000000000065
778.94900000000065
779.13500000000065
780.433000000000651
780.589000000000652
780.772000000000652
780.925000000000652
781.398000000000652
781.565000000000652
782.359000000000653
782.533000000000653
782.737000000000654
782.913000000000654
783.094000000000654
783.289000000000654
784.612000000000655
784.779000000000655
784.973000000000656
785.144000000000656
789.89500000000066
790.16300000000066
790.647000000000661
791.577000000000661
791.726000000000662
792.009000000000662
792.401000000000662
797.011000000000666
797.428000000000667
797.590000000000667
799.323000000000668
799.614000000000668
799.916000000000669
800.092000000000669
800.252000000000669
800.427000000000669
800.633000000000669
801.38200000000067
801.53500000000067
801.70600000000067
802.009000000000671
802.258000000000671
802.452000000000671
802.643000000000671
809.855000000000678
809.987000000000678
1013.576000000000859
1013.984000000000859
1014.270000000000859
1014.526000000000859
1014.90900000000086
1016.242000000000861
1016.373000000000861
1016.629000000000861
1016.749000000000861
1016.909000000000862
1017.025000000000862
1019.636000000000864
1019.778000000000864
1019.920000000000864
1020.665000000000865
1020.825000000000865
1021.119000000000865
1021.523000000000866
1021.705000000000866
1022.376000000000866
1022.550000000000866
1023.217000000000867
1023.395000000000867
1023.563000000000867
1024.32900000000087
1024.48900000000087
1024.66400000000087
1024.83800000000087
1025.15600000000087
1025.34700000000087
1025.49200000000087
1025.66700000000087
1026.76900000000087
1026.91200000000087
1027.08700000000087
1027.39900000000087
1027.56600000000087
1027.78200000000087
1027.93900000000087
1028.09800000000087
1028.31100000000087
1028.61500000000087
1029.47100000000087
1029.64900000000087
1029.83100000000087
1030.63100000000087
1030.81000000000087
1030.97600000000087
1031.32700000000087
1031.61400000000087
1031.81600000000087
1032.01500000000087
1032.29500000000088
1032.47900000000088
1032.76400000000088
1032.96600000000088
1033.14500000000088
1033.34300000000088
1033.53300000000088
1033.60500000000088
1034.20100000000088
1034.37600000000088
1034.56400000000088
1034.75000000000088
1034.95200000000088
1035.12000000000088
1035.27800000000088
1035.41100000000088
1035.60500000000088
1037.01500000000088
1037.17000000000088
1037.34400000000088
1037.53400000000088
1037.71800000000088
1037.89900000000088
1038.07900000000088
1038.59800000000088
1038.78400000000088
1038.96700000000088
1039.16200000000088
1039.30400000000088
1039.45500000000088
1039.57800000000088
1039.77700000000088
1039.96900000000088
1040.13400000000088
1040.72700000000088
1040.94900000000088
1041.11500000000088
1041.32400000000088
1041.50400000000088
1042.90600000000088
1043.05200000000088
1043.22500000000088
1043.41600000000088
1043.56600000000089
1043.74100000000089
1043.93200000000089
1044.11000000000089
1044.28800000000089
1045.21400000000089
1045.38000000000089
1045.56200000000089
1045.73500000000089
1045.92700000000089
1046.06300000000089
1046.43300000000089
1046.64000000000089
1049.18900000000089
1049.33100000000089
1049.52100000000089
1049.67400000000089
1049.84100000000089
1050.01200000000089
1050.21300000000089
1050.47700000000089
1050.66300000000089
1050.88900000000089
1051.02700000000089
1051.25000000000089
1051.42300000000089
1053.16900000000089
1053.32700000000089
1053.50700000000089
1053.67800000000089
1053.85600000000089
1054.03600000000089
1054.22100000000089
1054.40400000000089
1054.60000000000089
1054.8780000000009
1055.0900000000009
1055.2800000000009
1055.4650000000009
1055.9910000000009
1056.1800000000009
1056.3710000000009
1056.5460000000009
1057.4010000000009
1057.5600000000009
1057.8930000000009
1058.2500000000009
1060.0690000000009
1060.1880000000009
1060.3590000000009
1060.5570000000009
1060.7130000000009
1060.9230000000009
1061.0890000000009
1061.3640000000009
1061.5510000000009
1289.2560000000011
1289.3920000000011
1290.1150000000011
1290.8500000000011
1290.9990000000011
1291.64800000000111
1291.81700000000111
1292.68600000000111
1292.84100000000111
1293.00500000000111
1293.14000000000111
1293.29200000000111
1293.55800000000111
1293.73200000000111
1294.11000000000111
1294.44500000000111
1294.75300000000111
1295.06000000000111
1295.25900000000111
1296.05700000000111
1296.22700000000111
1296.53600000000111
1296.70700000000111
1296.86500000000111
1297.04100000000111
1297.83200000000111
1298.01700000000111
1298.46900000000111
1298.67200000000111
1298.86400000000111
1299.15300000000111
1299.28200000000111
1300.30200000000111
1300.46700000000111
1300.63400000000111
1300.80500000000111
1300.99100000000111
1302.09700000000111
1302.26000000000111
1302.43700000000112
1302.74300000000112
1302.91300000000112
1303.04900000000112
1303.36300000000112
1303.48000000000112
1304.81500000000112
1304.97100000000112
1305.14100000000112
1305.33100000000112
1305.47600000000112
1305.65700000000112
1305.84300000000112
1307.45000000000112
1307.60500000000112
1307.78800000000112
1307.92500000000112
1308.10300000000112
1308.29000000000112
1308.94800000000112
1309.29800000000112
1309.49300000000112
1309.71000000000112
1310.39600000000112
1310.58400000000112
1310.92100000000112
1311.09600000000112
1311.24200000000112
1311.44200000000112
1311.62100000000112
1311.75400000000112
1312.02600000000112
1312.17600000000112
1312.38500000000112
1312.70200000000112
1313.94400000000113
1314.24000000000113
1314.57500000000113
1314.76400000000113
1314.95900000000113
1315.13700000000113
1315.61200000000113
1315.97500000000113
1316.10900000000113
1316.33600000000113
1316.49300000000113
1316.61800000000113
1316.72400000000113
1316.87000000000113
1317.01700000000113
1317.36300000000113
1318.44400000000113
1318.59700000000113
1318.76800000000113
1318.94600000000113
1319.11700000000113
1319.29600000000113
1319.47600000000113
1319.60000000000113
1319.75300000000113
1319.94700000000113
1321.24000000000113
1321.39900000000113
1321.58600000000113
1321.75600000000113
1321.93200000000113
1322.11500000000113
1322.45600000000113
1348.34000000000116
1348.51400000000116
1348.65500000000116
1348.82000000000116
1348.96700000000116
1349.23600000000116
1349.40600000000116
1350.38600000000116
1350.55000000000116
1350.72600000000116
1351.02000000000116
1351.68800000000116
1351.87300000000116
1352.06600000000116
1352.55300000000116
1353.12800000000116
1353.31300000000116
1353.49300000000116
1353.81800000000116
1353.94900000000116
1354.14500000000116
1354.33600000000116
1354.53800000000116
1355.47200000000116
1355.63400000000116
1355.81600000000116
1355.98200000000116
1356.19700000000116
1356.34500000000116
1356.49200000000116
1356.68300000000116
1356.85600000000116
1357.04900000000116
1358.96400000000117
1359.11600000000117
1359.29000000000117
1359.48600000000117
1359.63800000000117
1359.85600000000117
1359.99400000000117
1360.72400000000117
1360.91600000000117
1361.10900000000117
1361.30800000000117
1361.49500000000117
1362.92100000000117
1363.07800000000117
1363.25100000000117
1363.56100000000117
1363.73700000000117
1363.93100000000117
1364.21600000000117
1364.42000000000117
1364.61300000000117
1364.77200000000117
1364.90200000000117
2187.90199999998637
2188.04299999998635
2188.31799999998632
2188.82399999998627
2189.10399999998624
2189.4119999999862
2189.85799999998615
2189.99499999998614
2190.25299999998611
2190.41499999998609
2190.75999999998605
2190.91999999998604
2191.18799999998601
2192.07099999998591
2192.22499999998589
2193.30399999998577
2193.47099999998576
2194.27399999998567
2194.59799999998563
2195.02199999998559
2195.28999999998556
2195.49499999998553
2196.35499999998544
2196.52999999998542
2196.7059999999854
2197.25099999998534
2197.45599999998532
2197.5989999999853
2197.77199999998528
2197.96099999998526
2198.36999999998522
2198.68899999998518
2198.84399999998516
2199.04099999998514
2199.19499999998513
2199.34599999998511
2199.51799999998509
2200.61699999998497
2200.77899999998495
2200.96499999998493
2201.12299999998491
2201.31399999998489
2201.45899999998488
2201.64699999998486
2201.83899999998483
2202.69699999998474
2202.90699999998472
2203.0629999999847
2203.24999999998468
2203.43399999998466
2203.61999999998464
2204.79499999998451
2204.93699999998449
2205.10499999998447
2205.28599999998445
2205.46799999998443
2205.64599999998442
2206.50199999998432
2206.6689999999843
2206.91999999998427
2207.20599999998424
2207.39099999998422
2207.5879999999842
2207.98699999998416
2208.19399999998413
2208.40799999998411
2208.71199999998408
2209.02499999998404
2209.21599999998402
2209.403999999984
2210.58199999998387
2210.74099999998385
2210.91899999998383
2211.09799999998381
2211.28099999998379
2211.48099999998377
2211.63999999998376
2211.86999999998373
2212.06599999998371
2213.10299999998359
2213.27999999998357
2213.46699999998355
2213.65299999998353
2213.84499999998351
2214.05399999998349
2215.05899999998338
2215.21899999998336
2215.39299999998334
2215.57499999998332
2215.7639999999833
2215.94899999998328
2216.12899999998326
2216.45699999998322
2216.58999999998321
2216.78399999998319
2216.98899999998317
2217.17599999998315
2217.36999999998312
2218.515999999983
2218.66799999998298
2219.13399999998293
2219.28499999998291
2219.46199999998289
2219.67299999998287
2219.82599999998285
2219.98799999998284
2220.14299999998282
2220.49399999998278
2220.70899999998276
2220.86899999998274
2221.09399999998271
2221.2399999999827
2222.63699999998254
2222.80299999998253
2222.9899999999825
2223.18999999998248
2223.33899999998247
2223.54599999998244
2223.68099999998243
2223.88299999998241
2224.08999999998238
2224.49999999998234
2224.70899999998232
2224.90199999998229
2225.92299999998218
2226.10299999998216
2226.28599999998214
2226.47499999998212
2226.6619999999821
2226.87199999998208
2227.43899999998202
2227.62799999998199
2227.83099999998197
2228.02399999998195
2228.24199999998193
2229.90999999998174
2230.05099999998173
2230.22899999998171
2230.39899999998169
2230.58099999998167
2230.75599999998165
2230.94099999998163
2231.1919999999816
2231.39699999998158
2231.56799999998156
2231.76599999998154
2235.03599999998118
2235.19799999998116
2235.36199999998114
2971.95799999990002
2972.0939999999
2972.24099999989999
2972.39799999989997
2972.55899999989995
2972.84099999989992
2973.70899999989982
2973.86299999989981
2974.04199999989979
2974.21399999989977
2974.37099999989975
2974.55299999989973
2975.62299999989961
2975.7919999998996
2975.96199999989958
2976.14399999989956
2976.90499999989947
2977.07699999989945
2977.24099999989944
2977.40299999989942
2977.6069999998994
2977.79099999989938
2978.59699999989929
2978.76799999989927
2978.94599999989925
2979.12599999989923
2980.05399999989913
2980.2659999998991
2980.58899999989907
2980.91499999989903
2981.09999999989901
2982.1449999998989
2982.32999999989888
2982.53199999989885
2982.71599999989883
2983.28999999989877
2983.50299999989875
2984.18699999989867
2984.39099999989865
2984.58799999989863
2984.77899999989861
2986.44899999989842
2986.6039999998984
2986.79199999989838
2986.99099999989836
2987.18099999989834
2987.35399999989832
2987.61699999989829
2987.94599999989826
2988.15499999989823
2988.34999999989821
2989.83699999989805
2990.01599999989803
2990.19599999989801
2990.37499999989799
2990.72599999989795
2991.07199999989791
2991.27899999989789
2992.49499999989776
2992.66899999989774
2992.86299999989772
2993.0449999998977
2993.25199999989767
2993.42999999989765
2993.60999999989763
2994.33499999989755
2994.52999999989753
2995.05499999989747
2995.45899999989743
2995.61499999989741
2995.81799999989739
2996.01499999989737
2996.22099999989735
2997.70999999989718
2997.87499999989716
2998.05699999989714
2998.24599999989712
2998.4459999998971
2998.58399999989709
2998.77699999989706
2998.98699999989704
2999.19199999989702
3000.52399999989687
3000.69599999989685
3000.89399999989683
3001.08499999989681
3001.27999999989679
3001.49199999989676
3001.65299999989675
3002.45399999989666
3002.63699999989664
3002.85199999989662
3004.32199999989645
3004.50599999989643
3004.70099999989641
3005.02299999989638
3005.51999999989632
3005.7139999998963
3005.90999999989628
3006.85799999989617
3007.03699999989615
3007.24099999989613
3007.58499999989609
3007.95999999989605
3008.18299999989603
3008.96499999989594
3009.16399999989592
3009.3769999998959
3010.12799999989581
3010.30499999989579
3010.49899999989577
3010.67599999989575
3010.88399999989573
3011.03499999989571
3011.23799999989569
3011.43499999989567
3011.62899999989565
3013.19199999989548
3013.36199999989546
3013.54099999989544
3013.73399999989542
3013.9039999998954
3014.08299999989538
3014.65699999989532
3014.84499999989529
3015.58599999989521
3015.78999999989519
3016.16099999989515
3016.35999999989513
3016.5679999998951
3016.75499999989508
3018.60899999989488
3018.77599999989486
3019.10899999989482
3019.3149999998948
3019.46399999989479
3019.64399999989477
3019.82999999989475
3020.02999999989472
3022.37099999989447
3022.54099999989445
3022.72299999989443
3022.89599999989441
3023.07699999989439
3023.30299999989436
3023.44299999989435
3023.78099999989431
3024.01599999989428
3024.16599999989427
3024.36799999989425
3024.72599999989421
3024.90399999989419
3025.09999999989416
3025.30699999989414
3025.74999999989409
3025.94899999989407
3034.65299999989311
3034.7919999998931
3034.94199999989308
3035.10499999989306
3035.24999999989305
3035.82199999989298
3036.00599999989296
3036.20699999989294
3036.5469999998929
3036.75399999989288
3036.91799999989286
3037.5349999998928
3037.73499999989277
3037.91099999989275
3038.93199999989264
3039.08199999989263
3039.40399999989259
3039.73699999989255
3040.07599999989252
3040.28399999989249
3040.49799999989247
3041.68499999989234
3041.85599999989232
3042.0439999998923
3042.21799999989228
3042.39799999989226
3042.60199999989224
-4
109.3960000000000555
109.5280000000000556
109.6620000000000558
109.7940000000000559
109.922000000000056
110.0290000000000561
111.075000000000057
111.2300000000000571
111.3940000000000573
111.5180000000000574
111.6290000000000575
112.0170000000000578
112.189000000000058
112.3480000000000581
112.4620000000000582
112.5830000000000584
112.7080000000000585
112.8250000000000586
112.9570000000000587
113.1370000000000588
113.301000000000059
113.4550000000000591
113.5680000000000592
113.9480000000000596
114.1280000000000597
114.2890000000000599
114.45800000000006
114.6240000000000602
114.7470000000000603
115.4260000000000609
115.590000000000061
115.7650000000000612
115.9340000000000613
116.0590000000000614
117.2590000000000625
117.4200000000000626
117.5930000000000628
117.7550000000000629
117.9030000000000631
118.0760000000000632
118.2640000000000634
118.4390000000000636
119.1370000000000642
119.2970000000000643
119.4730000000000645
119.6480000000000646
119.8180000000000648
119.9510000000000649
120.4100000000000653
120.5780000000000654
120.7620000000000656
120.9500000000000658
121.1270000000000659
121.2970000000000661
121.4840000000000662
121.6700000000000664
121.8660000000000666
122.0010000000000667
123.8100000000000683
123.9590000000000684
124.1180000000000686
124.2850000000000687
124.4590000000000689
124.636000000000069
124.8050000000000692
124.9840000000000694
125.1690000000000695
125.71300000000007
125.8940000000000702
126.0670000000000703
126.2430000000000705
126.4060000000000706
127.2110000000000713
127.3700000000000715
127.5480000000000716
127.7290000000000718
127.920000000000072
128.099000000000072
128.279000000000072
128.444000000000072
128.566000000000073
129.006000000000073
129.217000000000073
129.392000000000073
129.584000000000073
129.738000000000074
129.915000000000074
130.094000000000074
130.262000000000074
130.440000000000074
130.617000000000074
130.806000000000075
130.951000000000075
131.119000000000075
131.300000000000075
131.483000000000075
131.667000000000075
131.857000000000075
132.059000000000076
132.252000000000076
132.421000000000076
132.553000000000076
133.595000000000077
133.763000000000077
133.937000000000077
134.096000000000077
134.241000000000078
134.378000000000078
134.798000000000078
134.982000000000078
135.164000000000078
135.284000000000079
136.095000000000079
136.258000000000079
136.42700000000008
136.59100000000008
136.74200000000008
136.86300000000008
137.31000000000008
137.45800000000008
137.629000000000081
137.797000000000081
137.981000000000081
138.150000000000081
138.328000000000081
138.499000000000081
138.620000000000081
139.559000000000082
139.731000000000082
139.901000000000083
140.073000000000083
140.230000000000083
140.400000000000083
140.562000000000083
140.727000000000083
140.850000000000083
141.027000000000084
141.204000000000084
141.378000000000084
141.554000000000084
141.720000000000084
141.898000000000084
142.078000000000085
142.234000000000085
142.386000000000085
142.506000000000085
143.321000000000086
143.489000000000086
143.659000000000086
143.831000000000086
144.000000000000086
144.175000000000086
144.356000000000087
144.500000000000087
144.663000000000087
144.839000000000087
145.016000000000087
145.181000000000087
145.351000000000087
145.519000000000088
145.702000000000088
145.881000000000088
146.006000000000088
146.157000000000088
146.343000000000088
146.518000000000088
146.692000000000089
146.886000000000089
147.063000000000089
147.234000000000089
147.412000000000089
147.529000000000089
147.65400000000009
147.84600000000009
148.02700000000009
148.21400000000009
148.38500000000009
148.54300000000009
149.492000000000091
149.651000000000091
149.820000000000091
149.992000000000092
150.159000000000092
150.333000000000092
150.513000000000092
150.689000000000092
150.859000000000092
151.031000000000092
151.201000000000093
151.366000000000093
151.528000000000093
151.709000000000093
151.903000000000093
152.073000000000093
152.252000000000094
152.436000000000094
152.623000000000094
152.804000000000094
152.971000000000094
153.138000000000094
153.325000000000095
153.498000000000095
153.681000000000095
153.852000000000095
154.028000000000095
154.199000000000095
154.384000000000095
154.560000000000096
154.722000000000096
154.902000000000096
155.092000000000096
155.283000000000096
155.464000000000096
155.630000000000097
155.756000000000097
155.891000000000097
156.058000000000097
156.233000000000097
156.421000000000097
156.582000000000097
156.761000000000098
156.941000000000098
157.114000000000098
157.266000000000098
157.411000000000098
157.572000000000098
157.743000000000098
157.905000000000099
158.044000000000099
158.236000000000099
158.357000000000099
160.162000000000101
160.314000000000101
160.471000000000101
160.630000000000101
160.792000000000101
160.949000000000101
161.109000000000101
161.253000000000102
161.786000000000102
161.969000000000102
162.144000000000102
162.318000000000103
162.498000000000103
162.675000000000103
162.835000000000103
163.967000000000104
164.130000000000104
164.305000000000104
164.487000000000104
164.666000000000105
164.838000000000105
165.019000000000105
165.205000000000105
165.375000000000105
165.531000000000105
165.725000000000106
165.921000000000106
166.089000000000106
166.241000000000106
167.338000000000107
167.495000000000107
167.663000000000107
167.831000000000107
167.999000000000108
168.168000000000108
168.332000000000108
168.512000000000108
168.687000000000108
168.877000000000108
170.046000000000109
170.20900000000011
170.37600000000011
170.49100000000011
170.66400000000011
170.81000000000011
170.97800000000011
171.16200000000011
171.30800000000011
171.436000000000111
171.584000000000111
171.776000000000111
171.957000000000111
172.135000000000111
172.314000000000111
172.482000000000112
172.637000000000112
172.788000000000112
172.945000000000112
173.102000000000112
173.251000000000112
173.384000000000112
174.038000000000113
174.203000000000113
174.370000000000113
174.539000000000113
174.703000000000114
174.867000000000114
175.038000000000114
175.183000000000114
175.351000000000114
175.501000000000114
175.622000000000114
177.483000000000116
177.882000000000116
178.410000000000117
178.845000000000117
208.787000000000144
208.917000000000144
209.150000000000144
209.295000000000144
209.444000000000144
209.550000000000144
209.685000000000145
210.516000000000145
210.675000000000145
210.825000000000146
210.978000000000146
211.131000000000146
211.778000000000146
211.953000000000147
212.123000000000147
212.288000000000147
212.405000000000147
213.077000000000148
213.242000000000148
213.412000000000148
213.590000000000148
213.751000000000148
213.916000000000148
214.087000000000148
214.762000000000149
214.933000000000149
215.107000000000149
215.26200000000015
215.95600000000015
216.12700000000015
216.30700000000015
216.429000000000151
216.984000000000151
217.167000000000151
217.350000000000151
217.526000000000152
217.689000000000152
217.847000000000152
218.512000000000152
218.701000000000153
218.878000000000153
219.051000000000153
219.232000000000153
219.405000000000153
219.839000000000154
220.017000000000154
220.191000000000154
220.370000000000154
221.195000000000155
221.371000000000155
221.554000000000155
221.668000000000155
221.782000000000155
222.101000000000156
222.301000000000156
222.477000000000156
222.653000000000156
222.767000000000156
222.958000000000156
223.134000000000157
223.320000000000157
223.446000000000157
223.578000000000157
223.773000000000157
223.907000000000157
224.090000000000157
224.262000000000158
224.403000000000158
224.528000000000158
224.723000000000158
224.914000000000158
225.072000000000158
225.214000000000158
226.98400000000016
227.11400000000016
228.101000000000161
228.268000000000161
228.432000000000161
228.588000000000161
228.697000000000161
229.137000000000162
229.310000000000162
229.485000000000162
231.272000000000164
231.434000000000164
231.597000000000164
231.762000000000164
231.938000000000164
232.101000000000164
232.259000000000165
232.426000000000165
232.558000000000165
232.740000000000165
232.898000000000165
233.077000000000165
234.949000000000167
235.107000000000167
235.276000000000167
235.436000000000167
235.590000000000168
236.118000000000168
236.303000000000168
237.679000000000169
238.29200000000017
238.38700000000017
275.890000000000203
276.158000000000204
276.331000000000204
276.464000000000204
276.607000000000204
276.751000000000204
276.894000000000204
277.034000000000204
278.235000000000205
278.383000000000206
278.533000000000206
278.668000000000206
279.402000000000206
279.555000000000207
279.708000000000207
279.827000000000207
281.148000000000208
281.301000000000208
281.454000000000208
281.610000000000208
281.767000000000209
281.915000000000209
282.079000000000209
282.246000000000209
282.385000000000209
282.553000000000209
282.717000000000209
282.87500000000021
282.98900000000021
283.66500000000021
283.83200000000021
283.994000000000211
284.123000000000211
284.561000000000211
284.739000000000211
284.926000000000211
285.094000000000212
285.991000000000212
286.152000000000212
286.299000000000213
286.462000000000213
286.614000000000213
286.807000000000213
286.970000000000213
287.667000000000214
287.845000000000214
288.024000000000214
288.194000000000214
288.314000000000214
288.995000000000215
289.168000000000215
289.342000000000215
289.516000000000215
289.695000000000216
289.818000000000216
290.497000000000216
290.666000000000216
290.833000000000217
290.998000000000217
291.807000000000218
291.986000000000218
292.168000000000218
292.348000000000218
293.310000000000219
293.484000000000219
293.658000000000219
294.54500000000022
294.71500000000022
294.88300000000022
295.05800000000022
295.231000000000221
295.342000000000221
295.480000000000221
295.806000000000221
295.995000000000221
296.181000000000221
296.360000000000222
296.543000000000222
296.728000000000222
296.899000000000222
297.068000000000222
297.211000000000222
297.802000000000223
299.842000000000225
300.012000000000225
300.140000000000225
300.688000000000225
300.880000000000226
301.072000000000226
301.234000000000226
301.671000000000226
301.864000000000226
302.045000000000227
302.227000000000227
302.411000000000227
303.753000000000228
303.923000000000228
304.216000000000229
304.387000000000229
304.556000000000229
305.136000000000229
305.32000000000023
305.51700000000023
307.694000000000232
307.854000000000232
308.018000000000232
308.172000000000232
308.333000000000232
308.504000000000232
308.674000000000232
308.855000000000233
309.035000000000233
309.228000000000233
309.339000000000233
309.790000000000234
309.945000000000234
335.883000000000257
336.015000000000257
336.138000000000257
336.283000000000257
336.435000000000257
336.535000000000257
336.685000000000257
337.048000000000258
337.885000000000258
338.040000000000259
338.188000000000259
338.324000000000259
338.446000000000259
338.607000000000259
338.750000000000259
338.923000000000259
339.057000000000259
339.17000000000026
339.72800000000026
339.89700000000026
340.05800000000026
340.749000000000261
340.926000000000261
341.101000000000261
341.285000000000261
341.391000000000262
342.585000000000263
342.753000000000263
342.917000000000263
343.019000000000263
343.476000000000263
343.665000000000264
343.845000000000264
344.017000000000264
345.464000000000265
345.633000000000265
345.804000000000265
345.967000000000266
346.098000000000266
346.268000000000266
346.451000000000266
346.644000000000266
347.319000000000267
347.502000000000267
347.696000000000267
347.868000000000267
348.464000000000268
348.639000000000268
348.831000000000268
349.020000000000268
349.130000000000268
349.826000000000269
350.003000000000269
350.185000000000269
350.36500000000027
350.56900000000027
350.73400000000027
351.40900000000027
351.596000000000271
351.775000000000271
351.958000000000271
352.145000000000271
352.331000000000271
353.015000000000272
353.196000000000272
353.384000000000272
353.561000000000272
353.736000000000273
353.915000000000273
355.128000000000274
355.282000000000274
355.454000000000274
355.625000000000274
355.805000000000274
356.235000000000275
356.430000000000275
356.614000000000275
356.795000000000275
356.945000000000275
357.514000000000276
357.713000000000276
357.892000000000276
358.076000000000276
359.454000000000278
359.624000000000278
359.796000000000278
359.961000000000278
360.553000000000279
360.739000000000279
360.916000000000279
361.088000000000279
362.71600000000028
362.878000000000281
363.037000000000281
363.207000000000281
363.372000000000281
363.491000000000281
363.673000000000281
363.860000000000282
366.272000000000284
366.292000000000284
366.312000000000284
366.332000000000284
366.352000000000284
366.372000000000284
366.392000000000284
366.812000000000284
366.832000000000284
366.851000000000284
366.871000000000284
366.891000000000284
366.911000000000284
366.931000000000284
366.951000000000284
366.971000000000284
366.991000000000284
367.011000000000284
367.031000000000284
367.050000000000284
367.070000000000284
367.090000000000284
367.110000000000284
367.130000000000284
367.150000000000284
367.169000000000284
367.189000000000284
367.209000000000284
367.228000000000284
367.248000000000285
367.268000000000285
367.287000000000285
367.307000000000285
367.327000000000285
367.347000000000285
367.366000000000285
367.386000000000285
367.406000000000285
367.426000000000285
367.446000000000285
367.465000000000285
367.485000000000285
367.505000000000285
367.525000000000285
367.545000000000285
367.565000000000285
367.584000000000285
367.604000000000285
367.624000000000285
367.644000000000285
367.664000000000285
367.684000000000285
367.704000000000285
367.724000000000285
367.744000000000285
367.764000000000285
367.784000000000285
367.804000000000285
367.824000000000285
367.884000000000285
367.904000000000285
367.923000000000285
367.943000000000285
367.963000000000285
367.983000000000285
368.003000000000285
368.023000000000285
368.043000000000285
368.063000000000285
370.454000000000287
370.472000000000287
370.494000000000287
370.514000000000287
370.534000000000287
370.554000000000287
370.573000000000287
370.593000000000288
370.614000000000288
370.633000000000288
370.653000000000288
370.673000000000288
370.693000000000288
370.713000000000288
370.732000000000288
370.752000000000288
370.772000000000288
370.792000000000288
370.812000000000288
370.832000000000288
370.852000000000288
370.868000000000288
370.886000000000288
370.905000000000288
370.928000000000288
370.948000000000288
370.968000000000288
370.987000000000288
371.006000000000288
371.025000000000288
371.045000000000288
371.065000000000288
371.086000000000288
371.106000000000288
371.125000000000288
371.144000000000288
371.185000000000288
371.205000000000288
371.225000000000288
371.245000000000288
371.265000000000288
371.285000000000288
371.305000000000288
371.325000000000288
371.345000000000288
371.366000000000288
371.385000000000288
371.405000000000288
371.425000000000288
371.445000000000288
371.465000000000288
371.485000000000288
371.505000000000288
371.525000000000288
371.545000000000288
371.565000000000288
371.585000000000288
371.605000000000288
371.625000000000288
371.645000000000288
371.665000000000288
371.685000000000288
371.725000000000288
371.745000000000288
371.765000000000289
409.016000000000322
409.232000000000322
409.758000000000322
410.337000000000323
410.545000000000323
410.685000000000323
412.474000000000325
413.270000000000325
413.414000000000326
413.546000000000326
413.673000000000326
413.787000000000326
413.892000000000326
414.266000000000326
414.410000000000326
414.592000000000327
414.861000000000327
415.574000000000327
415.719000000000328
415.874000000000328
416.027000000000328
416.169000000000328
416.541000000000328
416.718000000000328
416.876000000000329
417.036000000000329
417.701000000000329
417.87100000000033
418.05300000000033
418.16400000000033
418.71000000000033
418.88300000000033
419.054000000000331
419.230000000000331
419.915000000000331
420.089000000000331
420.278000000000332
421.168000000000332
421.343000000000333
421.519000000000333
421.686000000000333
421.818000000000333
422.372000000000333
422.552000000000334
422.731000000000334
422.905000000000334
423.848000000000335
424.019000000000335
424.182000000000335
424.374000000000335
424.552000000000335
424.665000000000336
425.753000000000336
425.932000000000337
426.102000000000337
426.269000000000337
426.438000000000337
426.609000000000337
426.739000000000337
427.435000000000338
427.610000000000338
427.793000000000338
427.983000000000338
428.104000000000339
428.556000000000339
428.748000000000339
428.951000000000339
429.128000000000339
430.852000000000341
431.015000000000341
431.186000000000341
431.352000000000341
431.957000000000342
432.142000000000342
432.324000000000342
432.517000000000342
432.699000000000343
434.364000000000344
434.533000000000344
434.850000000000345
435.016000000000345
435.194000000000345
435.347000000000345
435.781000000000345
476.739000000000382
542.981000000000441
543.119000000000441
543.243000000000441
543.396000000000441
544.076000000000442
544.233000000000442
544.373000000000442
544.523000000000442
545.373000000000443
545.535000000000443
545.704000000000443
545.830000000000443
546.349000000000444
546.505000000000444
546.670000000000444
547.467000000000445
547.634000000000445
547.807000000000445
547.973000000000445
548.635000000000446
549.165000000000446
549.357000000000446
549.523000000000446
549.691000000000447
549.829000000000447
550.028000000000447
550.196000000000447
550.365000000000447
551.036000000000448
551.205000000000448
551.381000000000448
552.058000000000449
552.239000000000449
552.412000000000449
552.575000000000449
552.740000000000449
552.906000000000449
553.33100000000045
553.50100000000045
553.67200000000045
553.83300000000045
554.00400000000045
554.18100000000045
554.351000000000451
554.483000000000451
555.295000000000452
555.463000000000452
555.587000000000452
556.165000000000452
556.334000000000452
556.499000000000453
556.667000000000453
556.836000000000453
557.388000000000453
557.571000000000454
557.752000000000454
557.930000000000454
558.053000000000454
558.740000000000455
558.913000000000455
559.085000000000455
559.266000000000455
559.450000000000455
559.589000000000455
560.263000000000456
560.443000000000456
560.618000000000456
560.807000000000456
560.995000000000457
561.179000000000457
561.359000000000457
561.527000000000457
562.363000000000458
562.542000000000458
562.723000000000458
562.897000000000458
563.077000000000458
563.245000000000459
564.259000000000459
564.43900000000046
564.60600000000046
564.78000000000046
564.95000000000046
565.07900000000046
565.24100000000046
565.450000000000461
565.642000000000461
565.824000000000461
566.000000000000461
566.945000000000462
567.114000000000462
567.281000000000462
567.454000000000462
567.633000000000462
567.802000000000463
568.305000000000463
568.486000000000463
568.671000000000463
568.856000000000464
568.992000000000464
570.106000000000465
570.281000000000465
570.456000000000465
570.616000000000465
571.054000000000466
571.244000000000466
571.412000000000466
571.613000000000466
571.792000000000466
571.969000000000466
572.137000000000466
573.446000000000468
573.618000000000468
573.795000000000468
573.974000000000468
574.150000000000468
574.322000000000468
574.498000000000469
574.629000000000469
575.88800000000047
576.05900000000047
576.22900000000047
576.40200000000047
576.56100000000047
577.142000000000471
577.322000000000471
577.500000000000471
577.857000000000472
578.043000000000472
578.292000000000472
578.482000000000472
578.682000000000472
578.883000000000472
579.069000000000473
695.908000000000576
696.059000000000576
696.907000000000577
697.072000000000577
697.197000000000578
697.501000000000578
697.651000000000578
697.806000000000578
698.435000000000579
698.593000000000579
698.739000000000579
698.897000000000579
699.017000000000579
699.44900000000058
699.61400000000058
700.03500000000058
700.22100000000058
700.34800000000058
700.52000000000058
700.653000000000581
701.195000000000581
701.382000000000581
701.542000000000581
701.705000000000582
701.876000000000582
702.733000000000582
702.917000000000583
703.077000000000583
703.247000000000583
703.415000000000583
703.586000000000583
703.715000000000583
704.159000000000584
704.333000000000584
704.510000000000584
704.647000000000584
705.225000000000585
705.404000000000585
705.597000000000585
705.774000000000585
705.949000000000585
706.050000000000585
706.745000000000586
706.932000000000586
707.108000000000586
708.556000000000588
708.726000000000588
708.902000000000588
709.218000000000588
709.396000000000588
709.569000000000589
709.757000000000589
709.924000000000589
710.043000000000589
711.04000000000059
711.21600000000059
711.37000000000059
711.54300000000059
711.71200000000059
711.893000000000591
712.067000000000591
712.248000000000591
712.413000000000591
712.529000000000591
713.071000000000592
713.268000000000592
713.448000000000592
714.487000000000593
714.644000000000593
714.827000000000593
715.009000000000593
715.190000000000594
715.579000000000594
715.757000000000594
715.937000000000594
716.124000000000594
716.254000000000594
717.078000000000595
717.251000000000595
717.432000000000596
717.609000000000596
717.790000000000596
717.967000000000596
718.153000000000596
718.334000000000596
718.453000000000596
719.030000000000597
719.232000000000597
719.419000000000597
719.600000000000597
719.790000000000598
719.901000000000598
720.480000000000598
720.664000000000598
720.856000000000599
721.033000000000599
721.189000000000599
721.379000000000599
721.568000000000599
721.764000000000599
721.9410000000006
723.189000000000601
723.366000000000601
723.544000000000601
723.716000000000601
723.848000000000601
724.176000000000602
724.355000000000602
725.387000000000603
725.564000000000603
725.746000000000603
725.917000000000603
728.023000000000605
728.184000000000605
765.793000000000638
765.926000000000639
766.385000000000639
766.545000000000639
766.703000000000639
766.845000000000639
767.57600000000064
767.82500000000064
768.470000000000641
768.638000000000641
769.167000000000641
769.338000000000642
769.482000000000642
770.146000000000642
770.331000000000642
770.499000000000643
771.181000000000643
771.358000000000643
771.525000000000644
771.658000000000644
771.834000000000644
772.280000000000644
772.461000000000644
772.585000000000644
773.391000000000645
773.558000000000645
773.717000000000646
773.861000000000646
773.994000000000646
774.203000000000646
774.462000000000646
774.923000000000647
775.118000000000647
775.299000000000647
776.024000000000648
776.335000000000648
776.520000000000648
776.693000000000648
776.872000000000648
777.830000000000649
778.011000000000649
778.18800000000065
778.36500000000065
778.54400000000065
778.65700000000065
778.85200000000065
779.03700000000065
779.22600000000065
780.492000000000652
780.674000000000652
780.837000000000652
781.024000000000652
781.470000000000652
781.584000000000652
782.434000000000653
782.620000000000653
782.789000000000654
782.953000000000654
783.187000000000654
783.370000000000654
784.682000000000655
784.869000000000655
785.048000000000656
785.230000000000656
790.13200000000066
790.47600000000066
791.018000000000661
791.626000000000661
791.785000000000662
792.079000000000662
792.478000000000662
797.063000000000666
797.481000000000667
797.659000000000667
799.381000000000668
799.674000000000669
799.992000000000669
800.154000000000669
800.332000000000669
800.508000000000669
800.675000000000669
801.44800000000067
801.61600000000067
801.79300000000067
802.037000000000671
802.341000000000671
802.545000000000671
802.732000000000671
809.894000000000678
810.045000000000678
1013.615000000000859
1014.038000000000859
1014.349000000000859
1014.61700000000086
1015.21100000000086
1016.279000000000861
1016.413000000000861
1016.649000000000861
1016.812000000000861
1016.932000000000862
1017.085000000000862
1019.674000000000864
1019.823000000000864
1019.974000000000864
1020.721000000000865
1020.886000000000865
1021.173000000000865
1021.600000000000866
1021.759000000000866
1022.449000000000866
1022.621000000000867
1023.282000000000867
1023.460000000000867
1023.617000000000868
1024.38700000000087
1024.56400000000087
1024.73800000000087
1024.90900000000087
1025.22900000000087
1025.37600000000087
1025.56800000000087
1025.74700000000087
1026.81200000000087
1026.97900000000087
1027.15000000000087
1027.46900000000087
1027.65500000000087
1027.80600000000087
1027.98300000000087
1028.18900000000087
1028.39400000000087
1028.69200000000087
1029.55000000000087
1029.72700000000087
1029.89900000000087
1030.71100000000087
1030.88700000000087
1031.05600000000087
1031.37000000000087
1031.71000000000087
1031.89100000000087
1032.03500000000087
1032.36500000000088
1032.50200000000088
1032.87000000000088
1033.04300000000088
1033.23200000000088
1033.42200000000088
1033.59200000000088
1033.61500000000088
1034.27400000000088
1034.45700000000088
1034.63200000000088
1034.82100000000088
1034.97200000000088
1035.16900000000088
1035.31300000000088
1035.49500000000088
1035.68900000000088
1037.07500000000088
1037.24900000000088
1037.42800000000088
1037.61200000000088
1037.79600000000088
1037.97700000000088
1038.09200000000088
1038.67900000000088
1038.86700000000088
1039.04400000000088
1039.20600000000088
1039.33000000000088
1039.48600000000088
1039.67300000000088
1039.85600000000088
1040.03100000000088
1040.22300000000088
1040.82000000000088
1040.99600000000088
1041.20000000000088
1041.40900000000088
1041.52600000000088
1042.95200000000088
1043.12200000000088
1043.29800000000088
1043.45900000000089
1043.64100000000089
1043.82500000000089
1044.01400000000089
1044.19400000000089
1044.31900000000089
1045.28000000000089
1045.45600000000089
1045.63300000000089
1045.81400000000089
1045.95900000000089
1046.16200000000089
1046.52100000000089
1046.68400000000089
1049.24000000000089
1049.40300000000089
1049.58300000000089
1049.75100000000089
1049.91600000000089
1050.09000000000089
1050.24200000000089
1050.56100000000089
1050.75400000000089
1050.90600000000089
1051.12000000000089
1051.30000000000089
1051.51700000000089
1053.23100000000089
1053.40400000000089
1053.58100000000089
1053.75600000000089
1053.93300000000089
1054.12100000000089
1054.30500000000089
1054.47800000000089
1054.64300000000089
1054.9680000000009
1055.1760000000009
1055.3640000000009
1055.4930000000009
1056.0750000000009
1056.2620000000009
1056.4480000000009
1056.6300000000009
1057.4540000000009
1057.6360000000009
1057.9710000000009
1058.3480000000009
1060.0870000000009
1060.2610000000009
1060.4430000000009
1060.6110000000009
1060.8090000000009
1060.9600000000009
1061.1270000000009
1061.4560000000009
1061.6610000000009
1289.2960000000011
1289.4490000000011
1290.1730000000011
1290.8990000000011
1291.0600000000011
1291.71000000000111
1291.87100000000111
1292.73900000000111
1292.89700000000111
1293.03800000000111
1293.18700000000111
1293.33000000000111
1293.61400000000111
1293.77100000000111
1294.18800000000111
1294.52100000000111
1294.82800000000111
1295.14000000000111
1295.28300000000111
1296.12800000000111
1296.29800000000111
1296.57700000000111
1296.76800000000111
1296.94000000000111
1297.10500000000111
1297.91000000000111
1298.09400000000111
1298.54800000000111
1298.76700000000111
1298.93700000000111
1299.17000000000111
1299.31200000000111
1300.36400000000111
1300.53400000000111
1300.71000000000111
1300.88300000000111
1301.03300000000111
1302.16500000000111
1302.33900000000112
1302.50900000000112
1302.81800000000112
1302.93700000000112
1303.11800000000112
1303.36900000000112
1303.55900000000112
1304.88300000000112
1305.04600000000112
1305.21900000000112
1305.37500000000112
1305.55700000000112
1305.72500000000112
1305.92000000000112
1307.51300000000112
1307.67700000000112
1307.82300000000112
1308.00700000000112
1308.18200000000112
1308.33600000000112
1309.03200000000112
1309.39300000000112
1309.59000000000112
1309.74900000000112
1310.48300000000112
1310.67700000000112
1310.98100000000112
1311.13700000000112
1311.32000000000112
1311.51800000000112
1311.64500000000112
1311.78000000000112
1312.06800000000112
1312.27000000000112
1312.46200000000112
1312.77600000000112
1314.01600000000113
1314.30800000000113
1314.66300000000113
1314.85400000000113
1315.03900000000113
1315.22600000000113
1315.70000000000113
1315.98400000000113
1316.20200000000113
1316.37600000000113
1316.59200000000113
1316.62600000000113
1316.76500000000113
1316.92100000000113
1317.11100000000113
1317.39200000000113
1318.49800000000113
1318.66700000000113
1318.84300000000113
1319.01900000000113
1319.20300000000113
1319.37200000000113
1319.50200000000113
1319.64800000000113
1319.82800000000113
1320.03500000000113
1321.30600000000113
1321.48500000000113
1321.66100000000113
1321.83600000000113
1322.01900000000113
1322.21000000000113
1322.49500000000113
1348.37900000000116
1348.54000000000116
1348.71800000000116
1348.86100000000116
1349.03300000000116
1349.30900000000116
1349.48600000000116
1350.44800000000116
1350.62600000000116
1350.80900000000116
1351.06600000000116
1351.76100000000116
1351.95700000000116
1352.14500000000116
1352.62900000000116
1353.21100000000116
1353.38700000000116
1353.55600000000116
1353.83900000000116
1354.03900000000116
1354.22900000000116
1354.42300000000116
1354.55200000000116
1355.52900000000116
1355.70200000000116
1355.88200000000116
1356.06900000000116
1356.21000000000116
1356.37900000000116
1356.58000000000116
1356.75400000000116
1356.94200000000116
1357.15400000000116
1359.01800000000117
1359.18900000000117
1359.36600000000117
1359.53500000000117
1359.73200000000117
1359.88700000000117
1360.08400000000117
1360.81700000000117
1361.00600000000117
1361.20200000000117
1361.39200000000117
1361.58200000000117
1362.98100000000117
1363.15400000000117
1363.32100000000117
1363.63900000000117
1363.81600000000117
1363.98500000000117
1364.31500000000117
1364.49600000000117
1364.66300000000117
1364.78600000000117
1364.98000000000117
2187.92599999998637
2188.08099999998635
2188.36399999998632
2188.91299999998626
2189.16799999998623
2189.4729999999862
2189.89999999998615
2190.02499999998614
2190.3119999999861
2190.43999999998609
2190.82099999998605
2190.96999999998603
2191.213999999986
2192.11499999998591
2192.28199999998589
2193.35999999998577
2193.53099999998575
2194.33699999998566
2194.66699999998562
2195.02999999998558
2195.36299999998555
2195.55599999998553
2196.42199999998543
2196.59699999998541
2196.76599999998539
2197.32399999998533
2197.48099999998531
2197.66799999998529
2197.83799999998528
2197.99099999998526
2198.43999999998521
2198.72099999998518
2198.91699999998516
2199.06899999998514
2199.22699999998512
2199.4029999999851
2199.57899999998508
2200.67999999998496
2200.84899999998494
2201.01299999998493
2201.2009999999849
2201.34199999998489
2201.54299999998487
2201.73499999998485
2201.91799999998483
2202.77899999998473
2202.94799999998471
2203.14499999998469
2203.32499999998467
2203.51699999998465
2203.69899999998463
2204.82799999998451
2205.00699999998449
2205.18399999998447
2205.36699999998445
2205.54199999998443
2205.71799999998441
2206.56499999998431
2206.75099999998429
2207.09099999998426
2207.28799999998423
2207.47399999998421
2207.6069999999842
2208.08099999998415
2208.27799999998413
2208.4799999999841
2208.79899999998407
2209.10499999998403
2209.29899999998401
2209.48499999998399
2210.64099999998386
2210.81399999998385
2210.99499999998383
2211.17999999998381
2211.36199999998379
2211.52899999998377
2211.73499999998374
2211.94199999998372
2212.1429999999837
2213.17999999998359
2213.36899999998356
2213.55799999998354
2213.74199999998352
2213.9289999999835
2214.11199999998348
2215.11699999998337
2215.29299999998335
2215.47699999998333
2215.65999999998331
2215.84599999998329
2216.02099999998327
2216.21399999998325
2216.48099999998322
2216.6749999999832
2216.88199999998318
2217.07799999998316
2217.25599999998314
2217.39299999998312
2218.55699999998299
2218.71599999998298
2219.17699999998292
2219.35599999998291
2219.54199999998288
2219.70399999998287
2219.86299999998285
2220.04299999998283
2220.22399999998281
2220.58099999998277
2220.74599999998275
2220.95999999998273
2221.12199999998271
2221.33199999998269
2222.70099999998254
2222.88499999998252
2223.0699999999825
2223.23099999998248
2223.43299999998246
2223.58199999998244
2223.77099999998242
2223.9669999999824
2224.11499999998238
2224.59399999998233
2224.79499999998231
2224.99899999998228
2225.99399999998217
2226.18699999998215
2226.37199999998213
2226.56299999998211
2226.75199999998209
2226.89599999998207
2227.52199999998201
2227.72399999998198
2227.91899999998196
2228.11799999998194
2228.25699999998192
2229.96599999998174
2230.13099999998172
2230.3079999999817
2230.48299999998168
2230.65399999998166
2230.83399999998164
2230.95499999998163
2231.28099999998159
2231.44799999998157
2231.66099999998155
2231.83599999998153
2235.09499999998117
2235.26499999998115
2235.43399999998113
2971.98699999990001
2972.1319999999
2972.28899999989998
2972.45299999989996
2972.61699999989995
2972.89699999989991
2973.74199999989982
2973.9259999998998
2974.10299999989978
2974.26399999989976
2974.44599999989974
2974.61799999989972
2975.67599999989961
2975.85599999989959
2976.03399999989957
2976.18299999989955
2976.96399999989947
2977.13099999989945
2977.29399999989943
2977.47599999989941
2977.67499999989939
2977.83899999989937
2978.65899999989928
2978.84099999989926
2979.01499999989924
2979.16999999989922
2980.13099999989912
2980.3389999998991
2980.66599999989906
2980.99599999989902
2981.191999999899
2982.22099999989889
2982.41599999989887
2982.60899999989884
2982.79599999989882
2983.36699999989876
2983.51599999989874
2984.27799999989866
2984.47499999989864
2984.67299999989862
2984.8749999998986
2986.49599999989842
2986.6779999998984
2986.87699999989837
2987.06699999989835
2987.24699999989833
2987.37099999989832
2987.69799999989828
2988.03199999989825
2988.23599999989822
2988.4329999998982
2989.90199999989804
2990.08899999989802
2990.267999999898
2990.46699999989798
2990.79799999989794
2991.1609999998979
2991.34099999989788
2992.55999999989775
2992.74699999989773
2992.92799999989771
2993.11299999989769
2993.27499999989767
2993.49999999989765
2993.67899999989763
2994.41299999989754
2994.61499999989752
2995.14899999989746
2995.49499999989743
2995.7009999998974
2995.90199999989738
2996.10599999989736
2996.30499999989734
2997.76699999989718
2997.94399999989716
2998.12999999989714
2998.30799999989712
2998.4539999998971
2998.66099999989708
2998.85599999989706
2999.07599999989703
2999.27199999989701
3000.57999999989687
3000.77399999989684
3000.97599999989682
3001.1719999998968
3001.36499999989678
3001.53999999989676
3001.75099999989674
3002.53099999989665
3002.73299999989663
3002.93699999989661
3004.39599999989645
3004.58899999989642
3004.7829999998964
3005.10999999989637
3005.60299999989631
3005.79699999989629
3005.99799999989627
3006.92799999989617
3007.12599999989614
3007.34299999989612
3007.67899999989608
3008.04699999989604
3008.23199999989602
3009.04299999989593
3009.24799999989591
3009.43499999989589
3010.18899999989581
3010.38399999989579
3010.56299999989577
3010.74899999989575
3010.91799999989573
3011.1309999998957
3011.32499999989568
3011.51499999989566
3011.70999999989564
3013.25499999989547
3013.43599999989545
3013.62199999989543
3013.79799999989541
3013.97899999989539
3014.16699999989537
3014.72499999989531
3014.91999999989529
3015.6739999998952
3015.87399999989518
3016.24499999989514
3016.44399999989512
3016.6369999998951
3016.83799999989508
3018.66799999989487
3018.84699999989485
3019.18799999989482
3019.3449999998948
3019.53499999989478
3019.71899999989476
3019.91499999989474
3020.11899999989471
3022.43799999989446
3022.61799999989444
3022.79299999989442
3022.9779999998944
3023.16899999989438
3023.32299999989436
3023.52799999989434
3023.8589999998943
3024.04099999989428
3024.25499999989426
3024.45999999989424
3024.7959999998942
3024.99099999989418
3025.19199999989416
3025.34199999989414
3025.83699999989408
3026.04699999989406
3034.68999999989311
3034.84699999989309
3035.00399999989307
3035.16199999989306
3035.31599999989304
3035.89599999989298
3036.09499999989295
3036.27099999989294
3036.63399999989289
3036.81699999989287
3037.00599999989285
3037.60299999989279
3037.80199999989277
3037.97399999989275
3038.97399999989264
3039.15299999989262
3039.49099999989258
3039.82199999989254
3040.1769999998925
3040.37699999989248
3040.56499999989246
3041.74999999989233
3041.93299999989231
3042.10799999989229
3042.28699999989227
3042.47099999989225
3042.66499999989223
0
0
0
0
0
0
0
0
0
0
0
0
0
3600.00099999983085
0
0
0
0
0
0
