2
25
19
2
25
19
IPP3.11
test 1
0
3
10
53
49
11
54
40
22
4
.3
1
514
514
1
497
497
1
1
1
1
1
1
1
1
1
1
1
1
1
1
1
1
1
1
1
1
513
-1
11.25600000000000022
12.36700000000000024
12.46700000000000025
14.07600000000000028
14.09700000000000028
14.32700000000000028
46.1059999999999993
46.2419999999999994
46.3559999999999995
46.6159999999999998
46.853
46.9860000000000001
47.2310000000000003
47.3680000000000004
47.4970000000000005
47.6180000000000006
47.7320000000000007
47.8880000000000009
48.018000000000001
48.1630000000000011
48.9070000000000018
49.0370000000000019
49.182000000000002
49.3160000000000022
49.4530000000000023
49.5810000000000024
49.7250000000000025
49.9890000000000028
50.1380000000000029
50.274000000000003
50.4130000000000031
50.5660000000000033
50.7190000000000034
50.8570000000000035
51.0170000000000037
51.410000000000004
51.5680000000000042
51.6980000000000043
51.8620000000000044
52.0030000000000045
52.6680000000000051
52.7970000000000052
52.9530000000000054
67.8940000000000187
68.0020000000000188
68.1440000000000189
76.7500000000000265
76.8730000000000266
77.4040000000000271
77.5500000000000272
77.6930000000000274
77.8500000000000275
78.0040000000000276
78.1770000000000278
78.3370000000000279
79.1510000000000286
79.2770000000000288
79.4550000000000289
79.6170000000000291
80.0420000000000294
80.2080000000000296
80.3380000000000297
81.1270000000000304
81.6290000000000309
83.1160000000000322
83.2600000000000323
83.5590000000000326
83.7230000000000327
84.5330000000000334
84.7330000000000336
84.9140000000000338
85.0860000000000339
85.2690000000000341
85.4520000000000342
85.9520000000000347
86.1100000000000348
86.4680000000000352
86.6240000000000353
87.1320000000000357
87.451000000000036
87.6140000000000362
87.8100000000000363
88.0020000000000365
88.2020000000000367
88.3700000000000368
88.562000000000037
88.7870000000000372
89.1060000000000375
90.2400000000000385
90.3750000000000386
90.5420000000000388
90.7180000000000389
90.9340000000000391
91.5810000000000397
91.7360000000000398
91.92100000000004
92.1040000000000402
92.2810000000000403
92.4570000000000405
92.6330000000000406
92.8090000000000408
93.006000000000041
93.6610000000000415
94.5140000000000423
94.7010000000000425
96.7170000000000443
96.8620000000000444
96.9940000000000445
97.1400000000000446
97.568000000000045
97.7210000000000451
97.8740000000000453
98.0530000000000454
98.2310000000000456
98.4150000000000458
100.4700000000000476
100.5970000000000477
100.7350000000000478
100.882000000000048
101.4630000000000485
101.5530000000000486
101.6780000000000487
101.8060000000000488
102.117000000000049
102.3540000000000493
102.4540000000000494
102.5230000000000494
102.6390000000000495
102.6660000000000495
102.8710000000000497
103.0470000000000499
103.0840000000000499
103.20300000000005
103.3640000000000502
103.9770000000000507
104.9750000000000516
106.0650000000000526
106.1750000000000526
106.4310000000000529
106.6310000000000531
106.8560000000000533
107.0360000000000534
107.2520000000000536
107.4690000000000538
107.679000000000054
107.8850000000000542
108.0920000000000544
108.3200000000000546
108.5210000000000547
146.534000000000088
146.651000000000089
146.806000000000089
192.82900000000013
192.98500000000013
193.14900000000013
193.24400000000013
193.31300000000013
193.51500000000013
193.71200000000013
193.988000000000131
194.021000000000131
194.393000000000131
194.467000000000131
194.582000000000131
194.735000000000131
194.953000000000132
195.136000000000132
195.323000000000132
195.667000000000132
196.219000000000133
196.267000000000133
196.293000000000133
196.373000000000133
196.431000000000133
196.453000000000133
196.535000000000133
196.608000000000133
196.673000000000133
197.720000000000134
197.920000000000134
198.279000000000134
198.359000000000135
198.774000000000135
198.921000000000135
215.049000000000149
215.37000000000015
215.50000000000015
215.92400000000015
216.15300000000015
216.398000000000151
216.429000000000151
216.667000000000151
216.812000000000151
216.976000000000151
217.020000000000151
217.132000000000151
217.366000000000151
217.373000000000151
217.527000000000152
217.564000000000152
217.763000000000152
218.082000000000152
218.384000000000152
298.971000000000224
299.270000000000224
299.319000000000224
300.584000000000225
301.411000000000226
312.855000000000236
313.066000000000236
313.264000000000237
314.104000000000237
314.365000000000238
314.728000000000238
315.545000000000239
315.697000000000239
315.868000000000239
316.079000000000239
316.245000000000239
316.440000000000239
316.62900000000024
316.81700000000024
316.98400000000024
317.20200000000024
317.37800000000024
317.733000000000241
317.934000000000241
318.133000000000241
318.338000000000241
318.517000000000241
339.83900000000026
370.366000000000287
422.144000000000333
422.890000000000334
423.414000000000334
423.559000000000335
423.840000000000335
424.039000000000335
442.284000000000351
442.553000000000351
442.829000000000352
444.124000000000353
444.143000000000353
444.463000000000353
444.809000000000353
444.879000000000353
546.699000000000444
546.875000000000444
547.354000000000444
547.717000000000445
559.716000000000455
560.219000000000456
560.510000000000456
560.864000000000456
601.027000000000492
601.096000000000492
601.715000000000493
601.987000000000493
610.885000000000501
610.903000000000501
611.097000000000501
611.180000000000501
611.388000000000501
611.563000000000502
611.763000000000502
611.966000000000502
613.280000000000503
613.573000000000503
613.782000000000503
613.800000000000504
613.823000000000504
613.920000000000504
614.111000000000504
614.290000000000504
640.301000000000527
641.057000000000528
641.223000000000528
641.293000000000528
641.636000000000528
642.293000000000529
642.442000000000529
642.604000000000529
642.793000000000529
643.21000000000053
644.05100000000053
644.382000000000531
644.532000000000531
644.701000000000531
644.893000000000531
679.341000000000562
679.404000000000562
679.755000000000562
778.86300000000065
779.445000000000651
779.717000000000651
780.149000000000651
811.031000000000679
811.291000000000679
811.332000000000679
811.925000000000679
815.592000000000683
815.746000000000683
815.842000000000683
820.386000000000687
820.537000000000687
820.817000000000687
820.889000000000687
821.004000000000688
821.096000000000688
821.487000000000688
821.673000000000688
821.764000000000688
821.932000000000688
947.3480000000008
947.7880000000008
969.223000000000819
969.498000000000819
1082.39700000000092
1083.49000000000092
1116.29900000000095
1116.72300000000095
1124.72200000000096
1243.01000000000106
1391.44400000000119
1714.68200000000148
1716.01700000000148
1717.08700000000148
1771.97000000000153
1772.25500000000153
1773.11400000000153
1784.19800000000154
1785.03500000000154
1785.13100000000154
1785.61600000000154
1792.05000000000155
1827.80900000000158
1828.35200000000158
1828.63600000000158
1938.27100000000168
2126.65699999999311
2126.8329999999931
2126.90999999999309
2127.89499999999298
2128.02599999999296
2128.24199999999294
2128.6139999999929
2129.10599999999284
2129.27699999999283
2129.92599999999275
2130.00999999999275
2130.12199999999273
2130.32499999999271
2130.52399999999269
2130.54499999999269
2130.60099999999268
2130.65599999999267
2130.91299999999265
2130.97299999999264
2131.05399999999263
2131.06099999999263
2131.18399999999262
2192.82199999998583
2199.82499999998506
2200.85499999998494
2201.63199999998486
2202.39499999998477
2203.22199999998468
2203.54399999998465
2203.70299999998463
2203.87299999998461
2204.22699999998457
2204.59799999998453
2204.78399999998451
2204.95299999998449
2205.12299999998447
2205.48299999998443
2205.63599999998442
2205.7959999999844
2205.93199999998438
2206.24999999998435
2206.40899999998433
2206.57999999998431
2206.75799999998429
2206.92799999998427
2207.36999999998423
2207.38899999998422
2207.47299999998421
2207.6169999999842
2207.75799999998418
2207.98999999998416
2208.12099999998414
2208.76099999998407
2259.71999999997846
2315.07899999997236
2315.45999999997232
2315.56199999997231
2315.75499999997229
2315.97999999997226
2316.11799999997225
2316.33499999997222
2316.37299999997222
2317.53999999997209
2317.63799999997208
2317.76699999997207
2318.356999999972
2318.387999999972
2318.78699999997195
2321.88399999997161
2322.0069999999716
2322.12999999997159
2322.26199999997157
2323.95099999997139
2324.12299999997137
2405.59999999996239
2406.23799999996232
2406.36499999996231
2406.72299999996227
2409.00499999996202
2409.96599999996191
2522.6849999999495
2630.55499999993762
2631.05599999993756
2631.17099999993755
2745.36399999992497
2745.40699999992497
2748.55699999992462
2749.18499999992455
2749.30499999992454
2749.58299999992451
2749.73799999992449
2750.5939999999244
2751.32099999992432
2752.00499999992424
2752.48399999992419
2752.86099999992415
2753.41699999992409
2753.68599999992406
2755.43899999992386
2755.86999999992382
2756.0549999999238
2756.13399999992379
2756.14799999992379
2756.24899999992378
2756.28299999992377
2868.6259999999114
2875.67099999991062
2875.79199999991061
2875.92899999991059
3100.98999999988581
3101.15799999988579
3101.81399999988572
3102.02299999988569
3102.04199999988569
3102.24299999988567
3102.28099999988566
3102.29099999988566
3102.36099999988566
3102.55199999988564
3102.8809999998856
3103.34499999988555
3103.65599999988551
3105.37899999988532
3106.09299999988524
3106.69099999988518
3107.99599999988504
3108.14999999988502
3208.74899999987394
3208.80699999987393
3209.1139999998739
3209.24699999987388
3209.38299999987387
3210.08899999987379
3210.20799999987378
3211.20099999987367
3211.58299999987363
3212.51899999987352
3212.94899999987348
3213.86399999987338
3383.86099999985465
3384.78699999985455
3385.14899999985451
3385.49499999985447
3385.83299999985444
3385.91099999985443
3386.53299999985436
3386.96699999985431
3386.98699999985431
3387.0769999998543
3387.56899999985424
3387.71999999985423
3387.91699999985421
3388.70799999985412
3389.789999999854
3390.80999999985389
3391.17099999985385
3391.33799999985383
3391.5639999998538
3391.73699999985379
3392.11299999985374
3392.46099999985371
3393.29299999985361
3393.96899999985354
3394.86799999985344
3537.23399999983776
3537.66499999983771
3538.04299999983767
3538.17899999983766
3538.31999999983764
3543.65399999983705
3543.92199999983703
3573.92099999983372
3574.41299999983367
3574.57099999983365
-2
11.28100000000000022
12.38200000000000024
12.49100000000000025
14.09300000000000028
14.11100000000000028
14.35700000000000029
46.1449999999999993
46.2759999999999995
46.4009999999999996
46.6699999999999998
46.904
47.0360000000000001
47.2840000000000004
47.4190000000000005
47.5310000000000006
47.6490000000000007
47.7900000000000008
47.9370000000000009
48.074000000000001
48.1930000000000012
48.9520000000000018
49.090000000000002
49.2270000000000021
49.3630000000000022
49.4900000000000023
49.6330000000000024
49.7660000000000026
50.0490000000000028
50.1890000000000029
50.326000000000003
50.4700000000000032
50.6320000000000033
50.7690000000000034
50.9270000000000036
51.0610000000000037
51.4750000000000041
51.6090000000000042
51.7670000000000043
51.9100000000000045
52.0410000000000046
52.7190000000000052
52.8580000000000053
53.0260000000000054
67.9230000000000187
68.0420000000000188
68.1800000000000189
76.7710000000000265
76.9380000000000267
77.4610000000000272
77.6000000000000273
77.7620000000000274
77.9180000000000276
78.0890000000000277
78.2540000000000279
78.409000000000028
79.1780000000000287
79.3510000000000288
79.520000000000029
79.6820000000000291
80.1080000000000295
80.2410000000000296
80.4130000000000298
81.1870000000000305
81.6870000000000309
83.1610000000000322
83.3070000000000323
83.5940000000000326
83.7750000000000328
84.5860000000000335
84.7760000000000336
84.9620000000000338
85.176000000000034
85.3540000000000342
85.5380000000000343
86.0090000000000348
86.1820000000000349
86.4840000000000352
86.6970000000000354
87.1930000000000358
87.4900000000000361
87.6930000000000362
87.8840000000000364
88.0800000000000366
88.2490000000000367
88.4270000000000369
88.6260000000000371
88.8550000000000373
89.1610000000000375
90.2870000000000385
90.4470000000000387
90.6240000000000388
90.806000000000039
91.0160000000000392
91.6460000000000398
91.8240000000000399
92.0080000000000401
92.1880000000000402
92.3600000000000404
92.5380000000000405
92.7230000000000407
92.9110000000000409
93.108000000000041
93.7170000000000416
94.6030000000000424
94.8060000000000426
96.7790000000000443
96.9140000000000444
97.0510000000000446
97.2190000000000447
97.6200000000000451
97.7820000000000452
97.9570000000000454
98.1390000000000455
98.3270000000000457
98.4990000000000458
100.5190000000000476
100.6550000000000478
100.7990000000000479
100.957000000000048
101.4850000000000485
101.6010000000000486
101.7970000000000488
101.9310000000000489
102.3090000000000492
102.4480000000000493
102.4720000000000494
102.6300000000000495
102.6590000000000495
102.8070000000000497
102.9750000000000498
103.0730000000000499
103.0870000000000499
103.2920000000000501
103.3860000000000502
104.0310000000000508
105.0390000000000516
106.1730000000000527
106.1790000000000527
106.566000000000053
106.7700000000000532
106.9780000000000534
107.1900000000000536
107.4040000000000538
107.6150000000000539
107.8240000000000541
108.0280000000000543
108.2420000000000545
108.4570000000000547
108.6440000000000548
146.577000000000089
146.713000000000089
146.863000000000089
192.84400000000013
193.00500000000013
193.17400000000013
193.25200000000013
193.40200000000013
193.59400000000013
193.904000000000131
194.008000000000131
194.078000000000131
194.452000000000131
194.496000000000131
194.669000000000131
194.797000000000131
195.036000000000132
195.272000000000132
195.503000000000132
195.676000000000132
196.257000000000133
196.281000000000133
196.300000000000133
196.419000000000133
196.449000000000133
196.461000000000133
196.592000000000133
196.634000000000133
196.747000000000133
197.770000000000134
198.164000000000134
198.296000000000134
198.736000000000135
198.835000000000135
198.994000000000135
215.114000000000149
215.45900000000015
215.60900000000015
216.00900000000015
216.27800000000015
216.422000000000151
216.456000000000151
216.786000000000151
216.848000000000151
217.011000000000151
217.032000000000151
217.157000000000151
217.369000000000151
217.379000000000151
217.537000000000152
217.630000000000152
217.804000000000152
218.177000000000152
218.414000000000152
298.994000000000224
299.307000000000224
299.354000000000224
300.688000000000225
301.701000000000226
312.945000000000236
313.111000000000236
313.819000000000237
314.117000000000237
314.590000000000238
314.751000000000238
315.652000000000239
315.862000000000239
316.017000000000239
316.100000000000239
316.385000000000239
316.56400000000024
316.75500000000024
316.94300000000024
317.13000000000024
317.31000000000024
317.69600000000024
317.886000000000241
318.111000000000241
318.308000000000241
318.513000000000241
318.673000000000241
339.87000000000026
370.396000000000287
422.168000000000333
422.931000000000334
423.468000000000334
423.643000000000335
423.999000000000335
424.052000000000335
442.415000000000351
442.776000000000352
442.849000000000352
444.131000000000353
444.206000000000353
444.525000000000353
444.878000000000353
444.910000000000354
546.792000000000444
546.911000000000444
547.462000000000445
547.805000000000445
559.737000000000455
560.337000000000456
560.620000000000456
560.924000000000457
601.045000000000492
601.145000000000492
601.801000000000493
602.126000000000493
610.893000000000501
610.912000000000501
611.113000000000501
611.314000000000501
611.477000000000501
611.700000000000502
611.885000000000502
612.041000000000502
613.351000000000503
613.690000000000503
613.799000000000504
613.815000000000504
613.830000000000504
614.043000000000504
614.229000000000504
614.358000000000504
640.325000000000527
641.138000000000528
641.264000000000528
641.418000000000528
641.740000000000528
642.369000000000529
642.553000000000529
642.722000000000529
642.894000000000529
643.22700000000053
644.14400000000053
644.465000000000531
644.657000000000531
644.832000000000531
644.982000000000531
679.385000000000562
679.462000000000562
679.798000000000562
778.94900000000065
779.515000000000651
779.791000000000651
780.237000000000651
811.234000000000679
811.331000000000679
811.343000000000679
812.02100000000068
815.694000000000683
815.752000000000683
816.064000000000683
820.469000000000687
820.580000000000687
820.844000000000687
820.933000000000687
821.022000000000688
821.141000000000688
821.520000000000688
821.752000000000688
821.794000000000688
821.982000000000688
947.3780000000008
947.8130000000008
969.274000000000819
969.594000000000819
1082.43900000000092
1083.56200000000092
1116.41400000000095
1116.76800000000095
1124.82000000000096
1243.04600000000106
1391.46400000000119
1714.72200000000148
1716.10900000000148
1717.15700000000148
1772.02300000000153
1772.36000000000153
1773.18300000000153
1784.23500000000154
1785.05100000000154
1785.20700000000154
1785.65100000000154
1792.07700000000155
1827.83000000000158
1828.42600000000158
1828.74700000000158
1938.36800000000168
2126.73699999999311
2126.88499999999309
2126.97999999999308
2127.94699999999297
2128.05899999999296
2128.31699999999293
2128.6459999999929
2129.24799999999283
2129.35799999999282
2129.95399999999275
2130.04299999999274
2130.15999999999273
2130.4149999999927
2130.52999999999269
2130.59999999999268
2130.60999999999268
2130.72699999999267
2130.97099999999264
2130.97799999999264
2131.05999999999263
2131.11899999999262
2131.25399999999261
2192.85199999998582
2199.85399999998505
2200.88399999998494
2201.65999999998485
2202.46499999998477
2203.29699999998467
2203.63499999998464
2203.81099999998462
2203.9899999999846
2204.34499999998456
2204.71299999998452
2204.8919999999845
2205.06799999998448
2205.25099999998446
2205.57399999998442
2205.7409999999844
2205.89799999998439
2206.05599999998437
2206.37399999998434
2206.53799999998432
2206.7119999999843
2206.88799999998428
2207.06199999998426
2207.37699999998422
2207.40099999998422
2207.5799999999842
2207.73399999998418
2207.90599999998417
2208.08399999998415
2208.23599999998413
2208.81399999998407
2259.73799999997846
2315.10199999997236
2315.52599999997231
2315.6349999999723
2315.83299999997228
2316.00199999997226
2316.30599999997223
2316.35399999997222
2316.40999999997222
2317.57699999997209
2317.73099999997207
2317.87999999997205
2318.381999999972
2318.74099999997196
2318.90799999997194
2321.94599999997161
2322.06299999997159
2322.21399999997158
2322.35899999997156
2324.01899999997138
2324.23499999997135
2405.62399999996239
2406.26799999996232
2406.4309999999623
2406.76999999996226
2409.05499999996201
2409.98999999996191
2522.73299999994949
2630.59499999993761
2631.13199999993755
2631.23099999993754
2745.37799999992497
2745.42099999992497
2748.58699999992462
2749.29799999992454
2749.40399999992453
2749.6649999999245
2749.78699999992449
2750.63899999992439
2751.41199999992431
2752.25999999992421
2752.84599999992415
2752.97099999992414
2753.67399999992406
2754.29299999992399
2755.52299999992385
2755.96499999992381
2756.07999999992379
2756.14399999992379
2756.21299999992378
2756.27999999992377
2756.37299999992376
2868.6559999999114
2875.76299999991061
2875.8959999999106
2876.04399999991058
3101.0159999998858
3101.19199999988578
3101.82799999988571
3102.03199999988569
3102.05399999988569
3102.25599999988567
3102.28499999988566
3102.32699999988566
3102.37999999988565
3102.57699999988563
3103.04699999988558
3103.37399999988554
3103.69899999988551
3105.44699999988532
3106.13899999988524
3106.79699999988517
3108.00999999988503
3108.17199999988502
3208.75599999987394
3208.86999999987393
3209.21799999987389
3209.33599999987387
3209.90099999987381
3210.13499999987379
3210.24499999987377
3211.22699999987367
3212.43999999987353
3212.93099999987348
3213.06299999987346
3213.94599999987337
3383.90099999985465
3384.81199999985455
3385.17699999985451
3385.57999999985446
3385.85999999985443
3385.95599999985442
3386.55899999985436
3386.97599999985431
3386.99399999985431
3387.16699999985429
3387.67599999985423
3387.87699999985421
3388.03199999985419
3388.8939999998541
3389.837999999854
3390.90699999985388
3391.29599999985383
3391.47599999985381
3391.67599999985379
3391.85099999985377
3392.38999999985371
3393.26699999985362
3393.96699999985354
3394.63899999985347
3394.88499999985344
3537.26499999983776
3537.72199999983771
3538.10599999983767
3538.24299999983765
3538.40899999983763
3543.71599999983705
3543.99599999983702
3574.05699999983371
3574.49099999983366
3574.61599999983364
496
-3
29.5619999999999888
29.6939999999999887
29.8099999999999886
29.9339999999999885
30.0489999999999884
30.1889999999999883
30.2969999999999882
30.4189999999999881
30.6639999999999879
33.8589999999999884
33.9879999999999885
34.1269999999999887
34.2319999999999888
34.3729999999999889
34.508999999999989
34.6179999999999891
34.7639999999999892
34.9029999999999894
35.0399999999999895
35.1829999999999896
35.3269999999999897
35.4779999999999899
36.5629999999999908
36.6949999999999909
36.8469999999999911
37.0049999999999912
37.1519999999999914
37.3099999999999915
37.4739999999999916
37.6429999999999918
37.7889999999999919
37.9669999999999921
38.1329999999999922
38.2969999999999924
38.4699999999999925
38.6479999999999927
39.7659999999999937
111.5930000000000575
111.7180000000000576
143.392000000000086
143.530000000000086
143.671000000000086
143.820000000000086
143.981000000000086
172.601000000000112
172.727000000000112
173.392000000000112
174.148000000000113
235.589000000000168
236.381000000000168
236.505000000000168
236.660000000000169
238.52700000000017
243.243000000000174
243.548000000000175
243.816000000000175
261.677000000000191
261.818000000000191
261.956000000000191
262.101000000000191
262.260000000000191
263.873000000000193
264.629000000000193
264.790000000000194
264.920000000000194
266.360000000000195
266.529000000000195
266.750000000000195
266.962000000000195
267.243000000000196
267.373000000000196
267.681000000000196
267.797000000000196
267.943000000000196
268.080000000000196
268.239000000000197
268.397000000000197
268.558000000000197
268.842000000000197
269.282000000000198
269.421000000000198
269.562000000000198
270.072000000000198
270.218000000000198
270.381000000000198
270.546000000000199
270.712000000000199
270.873000000000199
271.026000000000199
271.175000000000199
271.343000000000199
271.6350000000002
272.2620000000002
272.4230000000002
272.5980000000002
272.785000000000201
272.960000000000201
273.130000000000201
273.302000000000201
273.475000000000201
273.659000000000201
273.822000000000202
273.959000000000202
274.711000000000202
274.917000000000202
275.089000000000203
275.286000000000203
275.457000000000203
275.635000000000203
275.816000000000203
275.997000000000203
276.177000000000204
276.389000000000204
276.573000000000204
276.766000000000204
276.926000000000204
277.120000000000204
277.440000000000205
278.366000000000206
278.505000000000206
278.670000000000206
278.809000000000206
278.979000000000206
279.140000000000206
279.298000000000206
279.476000000000207
279.660000000000207
279.845000000000207
280.011000000000207
280.194000000000207
280.369000000000207
280.545000000000208
280.709000000000208
280.884000000000208
281.056000000000208
281.235000000000208
281.551000000000208
281.882000000000209
282.485000000000209
282.641000000000209
282.81100000000021
283.00300000000021
283.18900000000021
283.37300000000021
283.55800000000021
283.74300000000021
283.939000000000211
284.122000000000211
284.271000000000211
284.460000000000211
284.665000000000211
284.859000000000211
285.044000000000212
285.228000000000212
285.420000000000212
285.632000000000212
285.834000000000212
286.547000000000213
286.871000000000213
287.091000000000213
287.104000000000213
287.554000000000214
287.710000000000214
287.908000000000214
288.041000000000214
288.204000000000214
288.378000000000214
288.548000000000215
288.727000000000215
288.912000000000215
289.086000000000215
289.282000000000215
289.477000000000215
289.677000000000216
289.868000000000216
290.067000000000216
290.242000000000216
290.414000000000216
290.617000000000216
290.950000000000217
291.119000000000217
292.213000000000218
292.365000000000218
292.509000000000218
292.689000000000218
292.869000000000218
293.050000000000219
293.230000000000219
293.424000000000219
293.602000000000219
293.790000000000219
293.985000000000219
294.17200000000022
294.36800000000022
294.56400000000022
295.326000000000221
295.880000000000221
325.612000000000248
325.736000000000248
327.371000000000249
327.497000000000249
327.637000000000249
327.79000000000025
327.94500000000025
328.09100000000025
328.25100000000025
328.41100000000025
328.57900000000025
328.75700000000025
336.519000000000257
336.667000000000257
336.810000000000258
336.958000000000258
337.112000000000258
337.750000000000258
337.773000000000258
447.895000000000356
448.255000000000356
448.380000000000357
448.544000000000357
448.696000000000357
448.842000000000357
449.001000000000357
449.159000000000357
450.606000000000359
450.925000000000359
451.443000000000359
451.570000000000359
451.71600000000036
451.86500000000036
452.01900000000036
452.15400000000036
452.30600000000036
452.46400000000036
452.63000000000036
452.80600000000036
826.829000000000693
826.956000000000693
827.617000000000693
827.823000000000694
828.119000000000694
828.229000000000694
828.368000000000694
828.520000000000694
828.680000000000694
828.800000000000694
828.957000000000695
829.123000000000695
829.279000000000695
829.431000000000695
829.589000000000695
829.757000000000695
829.914000000000695
830.084000000000696
830.246000000000696
830.421000000000696
830.595000000000696
830.879000000000696
831.044000000000696
831.206000000000697
831.376000000000697
831.548000000000697
832.011000000000697
832.173000000000697
832.337000000000698
832.504000000000698
833.144000000000698
833.296000000000698
833.461000000000699
834.5300000000007
834.9000000000007
835.0430000000007
835.1940000000007
835.3670000000007
835.5200000000007
835.699000000000701
835.856000000000701
836.018000000000701
836.188000000000701
836.382000000000701
836.600000000000701
836.782000000000702
836.965000000000702
837.127000000000702
837.303000000000702
837.472000000000702
837.757000000000702
837.922000000000703
838.102000000000703
838.279000000000703
838.459000000000703
838.654000000000703
838.838000000000703
839.015000000000704
839.187000000000704
840.410000000000705
840.492000000000705
840.618000000000705
840.765000000000705
840.899000000000705
841.338000000000706
841.779000000000706
841.907000000000706
842.058000000000706
842.218000000000706
842.373000000000706
842.540000000000707
842.701000000000707
842.878000000000707
843.056000000000707
843.235000000000707
843.534000000000708
845.307000000000709
845.497000000000709
845.519000000000709
845.97900000000071
846.13300000000071
846.28100000000071
846.45300000000071
846.63400000000071
847.534000000000711
847.731000000000711
847.987000000000711
848.065000000000712
848.216000000000712
848.794000000000712
849.177000000000712
849.344000000000713
849.485000000000713
849.644000000000713
849.803000000000713
849.957000000000713
850.112000000000713
850.479000000000714
851.742000000000715
851.818000000000715
852.045000000000715
852.171000000000715
852.312000000000715
852.487000000000715
852.633000000000716
852.787000000000716
853.298000000000716
853.440000000000716
853.573000000000716
853.859000000000717
857.29800000000072
857.41300000000072
857.54400000000072
857.70100000000072
857.84200000000072
857.94200000000072
858.04400000000072
858.348000000000721
858.440000000000721
858.651000000000721
858.790000000000721
858.939000000000721
859.087000000000721
859.377000000000722
1248.55900000000107
1275.58800000000109
1275.68100000000109
1275.87900000000109
1276.03600000000109
1276.17500000000109
1552.83900000000134
1552.93800000000134
1553.09200000000134
1553.26500000000134
2542.6319999999473
2543.43799999994721
2545.82599999994695
2549.07899999994659
2549.19799999994658
2550.35399999994645
2550.45499999994644
2551.27799999994635
2551.58199999994632
2551.93999999994628
2552.34899999994623
2553.06199999994615
2553.22599999994613
2553.29599999994613
2553.35199999994612
2553.62699999994609
2553.88799999994606
2554.02499999994605
2554.19299999994603
2554.38999999994601
2554.481999999946
2554.63899999994598
2555.63899999994587
2555.77599999994585
2662.37099999993411
2662.89199999993406
2809.78499999991788
2809.80199999991788
2810.37999999991781
2810.75299999991777
2813.71699999991745
2813.84599999991743
2814.67499999991734
2814.96699999991731
2826.40599999991605
2826.51099999991604
2826.68199999991602
2826.73799999991601
2828.52099999991582
3144.83699999988098
3144.93699999988097
3145.14299999988094
3145.35399999988092
3145.5369999998809
3145.64999999988089
3145.95199999988086
3146.09499999988084
3146.35899999988081
3146.4469999998808
3146.77999999988076
3147.15099999988072
3147.86099999988064
3151.82699999988021
3152.44599999988014
3153.42799999988003
3154.84299999987988
3155.34099999987982
3156.54599999987969
3157.00799999987964
3157.04599999987963
3157.85299999987954
3158.2179999998795
3158.44599999987948
3158.72099999987945
3158.79399999987944
3162.68499999987901
3163.45699999987893
3163.6879999998789
3163.80399999987889
3163.95999999987887
3164.24399999987884
3164.45899999987882
3164.71299999987879
3164.85399999987877
3165.02199999987876
3165.5049999998787
3165.65399999987869
3165.80299999987867
3165.95699999987865
3166.11999999987863
3166.31399999987861
3167.76299999987845
3167.80599999987845
3167.97199999987843
3257.06599999986862
3258.18399999986849
3258.30799999986848
3258.44999999986847
3258.59299999986845
3258.76099999986843
3259.0109999998684
3259.12999999986839
3259.29299999986837
3259.45699999986835
3259.58099999986834
3259.73399999986832
3259.9079999998683
3260.07799999986829
3260.24199999986827
3260.60399999986823
3260.76199999986821
3260.94999999986819
3262.94799999986797
3263.10099999986795
3263.26299999986794
3263.52299999986791
3263.68099999986789
3263.83599999986787
3264.26699999986782
3264.32499999986782
3264.4929999998678
3264.67199999986778
3264.83699999986776
3265.56999999986768
3268.63399999986734
3268.74399999986733
3268.86199999986732
3268.95899999986731
3269.08999999986729
3269.27299999986727
3269.61599999986724
3274.98599999986664
3275.04399999986664
3275.50899999986659
3275.81199999986655
3275.85799999986655
-4
29.5999999999999888
29.7279999999999887
29.8489999999999886
29.9699999999999885
30.1009999999999884
30.2199999999999883
30.3389999999999882
30.4629999999999881
30.7049999999999879
33.8979999999999885
34.0339999999999886
34.1539999999999887
34.2819999999999888
34.4189999999999889
34.537999999999989
34.6729999999999891
34.8129999999999893
34.9489999999999894
35.0899999999999895
35.2299999999999896
35.3839999999999898
35.5299999999999899
36.6029999999999909
36.750999999999991
36.9049999999999911
37.0559999999999913
37.2109999999999914
37.3709999999999915
37.5459999999999917
37.6899999999999918
37.864999999999992
38.0319999999999921
38.1959999999999923
38.3759999999999924
38.5349999999999926
38.7119999999999927
39.8109999999999937
111.6320000000000575
111.7620000000000576
143.432000000000086
143.575000000000086
143.741000000000086
143.890000000000086
144.048000000000086
172.636000000000112
172.762000000000112
173.439000000000112
174.188000000000113
235.622000000000168
236.425000000000168
236.559000000000168
236.699000000000169
238.60200000000017
243.253000000000174
243.672000000000175
244.079000000000175
261.727000000000191
261.868000000000191
262.013000000000191
262.174000000000191
262.327000000000191
264.285000000000193
264.661000000000193
264.833000000000194
264.964000000000194
266.413000000000195
266.600000000000195
266.868000000000195
267.016000000000195
267.292000000000196
267.423000000000196
267.699000000000196
267.859000000000196
267.997000000000196
268.153000000000196
268.323000000000197
268.490000000000197
268.636000000000197
268.913000000000197
269.338000000000198
269.467000000000198
269.584000000000198
270.132000000000198
270.290000000000198
270.452000000000199
270.614000000000199
270.773000000000199
270.932000000000199
271.076000000000199
271.241000000000199
271.409000000000199
271.6870000000002
272.3220000000002
272.4950000000002
272.669000000000201
272.846000000000201
273.021000000000201
273.199000000000201
273.379000000000201
273.548000000000201
273.705000000000201
273.865000000000202
274.037000000000202
274.774000000000202
274.987000000000203
275.165000000000203
275.355000000000203
275.533000000000203
275.709000000000203
275.889000000000203
276.070000000000204
276.267000000000204
276.466000000000204
276.656000000000204
276.822000000000204
277.006000000000204
277.192000000000205
277.508000000000205
278.417000000000206
278.564000000000206
278.720000000000206
278.885000000000206
279.050000000000206
279.215000000000206
279.388000000000206
279.562000000000207
279.741000000000207
279.935000000000207
280.117000000000207
280.283000000000207
280.480000000000207
280.645000000000208
280.806000000000208
280.956000000000208
281.141000000000208
281.326000000000208
281.642000000000208
281.913000000000209
282.530000000000209
282.720000000000209
282.90500000000021
283.08800000000021
283.26500000000021
283.44400000000021
283.63300000000021
283.82000000000021
283.972000000000211
284.150000000000211
284.364000000000211
284.567000000000211
284.766000000000211
284.951000000000211
285.122000000000212
285.309000000000212
285.511000000000212
285.707000000000212
285.875000000000212
286.663000000000213
286.917000000000213
287.097000000000213
287.266000000000213
287.615000000000214
287.771000000000214
287.955000000000214
288.124000000000214
288.290000000000214
288.470000000000215
288.665000000000215
288.832000000000215
289.026000000000215
289.186000000000215
289.396000000000215
289.606000000000216
289.781000000000216
289.973000000000216
290.151000000000216
290.317000000000216
290.505000000000216
290.707000000000217
291.014000000000217
291.210000000000217
292.270000000000218
292.423000000000218
292.593000000000218
292.772000000000218
292.953000000000219
293.134000000000219
293.339000000000219
293.511000000000219
293.696000000000219
293.885000000000219
294.09100000000022
294.26200000000022
294.45700000000022
294.64300000000022
295.401000000000221
295.961000000000221
325.645000000000248
325.777000000000248
327.429000000000249
327.568000000000249
327.714000000000249
327.88200000000025
328.03300000000025
328.18400000000025
328.35300000000025
328.49600000000025
328.66600000000025
328.83900000000025
336.569000000000257
336.717000000000257
336.866000000000258
337.018000000000258
337.158000000000258
337.770000000000258
337.846000000000258
447.941000000000356
448.312000000000357
448.461000000000357
448.612000000000357
448.768000000000357
448.919000000000357
449.094000000000357
449.239000000000357
450.735000000000359
450.984000000000359
451.498000000000359
451.639000000000359
451.78900000000036
451.94700000000036
452.08000000000036
452.24000000000036
452.38000000000036
452.54300000000036
452.71000000000036
452.840000000000361
826.879000000000693
827.006000000000693
827.641000000000693
827.871000000000694
828.138000000000694
828.285000000000694
828.435000000000694
828.591000000000694
828.719000000000694
828.887000000000694
829.044000000000695
829.193000000000695
829.359000000000695
829.518000000000695
829.680000000000695
829.838000000000695
830.004000000000696
830.157000000000696
830.327000000000696
830.498000000000696
830.656000000000696
830.957000000000696
831.119000000000696
831.283000000000697
831.456000000000697
831.621000000000697
832.078000000000697
832.251000000000698
832.409000000000698
832.589000000000698
833.208000000000698
833.364000000000698
833.520000000000699
834.5630000000007
834.9540000000007
835.1050000000007
835.2630000000007
835.4290000000007
835.5880000000007
835.778000000000701
835.930000000000701
836.104000000000701
836.330000000000701
836.485000000000701
836.700000000000701
836.861000000000702
837.051000000000702
837.215000000000702
837.394000000000702
837.565000000000702
837.837000000000702
838.004000000000703
838.192000000000703
838.368000000000703
838.570000000000703
838.740000000000703
838.924000000000703
839.097000000000704
839.280000000000704
840.421000000000705
840.560000000000705
840.674000000000705
840.819000000000705
840.954000000000705
841.505000000000706
841.825000000000706
841.973000000000706
842.126000000000706
842.274000000000706
842.440000000000707
842.626000000000707
842.799000000000707
842.967000000000707
843.146000000000707
843.307000000000707
843.607000000000708
845.425000000000709
845.506000000000709
845.591000000000709
846.04700000000071
846.19400000000071
846.35300000000071
846.52700000000071
846.71300000000071
847.678000000000711
847.865000000000711
848.012000000000712
848.199000000000712
848.503000000000712
848.933000000000712
849.253000000000713
849.398000000000713
849.555000000000713
849.712000000000713
849.861000000000713
850.013000000000713
850.179000000000713
850.777000000000714
851.775000000000715
851.877000000000715
852.102000000000715
852.225000000000715
852.382000000000715
852.554000000000716
852.706000000000716
852.880000000000716
853.347000000000716
853.450000000000716
853.733000000000717
854.040000000000717
857.33900000000072
857.46700000000072
857.61200000000072
857.75500000000072
857.91900000000072
857.97800000000072
858.06600000000072
858.419000000000721
858.513000000000721
858.701000000000721
858.821000000000721
859.004000000000721
859.146000000000721
859.436000000000722
1248.59500000000107
1275.61600000000109
1275.72400000000109
1275.92700000000109
1276.08600000000109
1276.23600000000109
1552.86700000000134
1552.98600000000134
1553.14600000000134
1553.30200000000134
2542.6689999999473
2543.47699999994721
2545.87799999994694
2549.14499999994658
2549.25499999994657
2550.43199999994644
2550.53599999994643
2551.32499999994634
2551.61599999994631
2551.98799999994627
2552.40999999994622
2553.12399999994615
2553.29399999994613
2553.30999999994613
2553.5839999999461
2553.69099999994608
2553.97499999994605
2554.13399999994603
2554.28599999994602
2554.404999999946
2554.60099999994598
2554.90199999994595
2555.69999999994586
2555.82399999994585
2662.41399999993411
2662.92799999993405
2809.79899999991788
2809.84899999991787
2810.40499999991781
2810.77599999991777
2813.73999999991744
2813.86399999991743
2814.76399999991733
2815.0129999999173
2826.43499999991604
2826.55199999991603
2826.71599999991601
2826.822999999916
2828.60799999991581
3144.86899999988097
3144.96399999988096
3145.19099999988094
3145.46199999988091
3145.59499999988089
3145.75499999988088
3146.05499999988084
3146.17499999988083
3146.40699999988081
3146.51199999988079
3146.87099999988075
3147.24699999988071
3147.96199999988063
3151.9019999998802
3152.50999999988013
3153.45299999988003
3154.88999999987987
3155.36899999987982
3156.85199999987965
3157.04399999987963
3157.05599999987963
3157.89799999987954
3158.2899999998795
3158.47899999987948
3158.75299999987945
3158.84699999987944
3163.02599999987897
3163.48699999987892
3163.7509999998789
3163.88999999987888
3164.02099999987887
3164.29299999987884
3164.53099999987881
3164.79399999987878
3164.95799999987876
3165.09699999987875
3165.5549999998787
3165.70499999987868
3165.85299999987866
3166.01199999987865
3166.18199999987863
3166.36299999987861
3167.79299999987845
3167.81399999987845
3168.05399999987842
3257.10299999986861
3258.26199999986849
3258.40599999986847
3258.53999999986846
3258.69999999986844
3258.82499999986842
3259.11299999986839
3259.24999999986838
3259.40499999986836
3259.54199999986834
3259.71599999986833
3259.87099999986831
3260.06399999986829
3260.21699999986827
3260.38899999986825
3260.73299999986821
3260.8969999998682
3261.07399999986818
3263.05699999986796
3263.23299999986794
3263.36299999986792
3263.64699999986789
3263.77699999986788
3264.10799999986784
3264.29799999986782
3264.4609999998678
3264.65599999986778
3264.83399999986776
3265.53399999986768
3265.67099999986767
3268.68499999986734
3268.79299999986733
3268.93999999986731
3269.0139999998673
3269.10599999986729
3269.59199999986724
3269.67599999986723
3275.02599999986664
3275.09999999986663
3275.52799999986658
3275.85699999986655
3275.87999999986655
0
0
0
0
0
0
0
0
0
0
0
0
0
3600.00099999983085
0
0
0
0
0
0
