8
16
19
8
16
19
IPPneo1.16
test3
0
4
12
17
57
13
19
30
22
4
.3
1
1524
1523
1
744
744
1
1
1
1
1
1
1
1
1
1
1
1
1
1
1
1
1
1
1
1
1523
-1
19.4469999999999974
80.8170000000000301
81.0160000000000303
81.1620000000000304
81.2740000000000305
81.4070000000000307
82.4370000000000316
82.6340000000000318
82.7510000000000318
82.8200000000000319
82.890000000000032
83.0310000000000321
83.1520000000000322
84.6170000000000335
84.7330000000000336
84.8740000000000337
85.0370000000000339
85.149000000000034
85.9290000000000347
86.3880000000000351
86.7380000000000354
86.9750000000000356
88.6440000000000371
88.7460000000000372
88.8560000000000373
89.0020000000000374
89.1150000000000375
89.2150000000000376
90.3380000000000386
98.9700000000000462
99.0180000000000463
109.2570000000000554
109.5800000000000557
110.7940000000000568
144.685000000000087
147.206000000000089
147.320000000000089
147.456000000000089
147.602000000000089
147.76400000000009
147.91500000000009
148.09300000000009
148.24600000000009
148.37700000000009
148.51700000000009
148.66900000000009
148.832000000000091
148.982000000000091
149.136000000000091
149.295000000000091
149.971000000000092
150.096000000000092
150.261000000000092
150.426000000000092
150.592000000000092
154.350000000000095
154.473000000000096
154.874000000000096
155.008000000000096
155.140000000000096
155.279000000000096
156.003000000000097
156.360000000000097
156.525000000000097
156.651000000000097
156.886000000000098
157.027000000000098
157.245000000000098
157.390000000000098
157.640000000000098
157.957000000000099
158.100000000000099
158.191000000000099
158.758000000000099
158.879000000000099
159.1810000000001
159.3520000000001
159.6520000000001
159.7200000000001
159.8310000000001
159.9790000000001
160.238000000000101
160.392000000000101
200.161000000000136
200.405000000000136
200.533000000000136
200.731000000000137
200.890000000000137
201.040000000000137
201.245000000000137
201.650000000000137
201.826000000000138
202.037000000000138
202.233000000000138
202.424000000000138
202.835000000000139
203.182000000000139
203.302000000000139
203.484000000000139
203.604000000000139
203.787000000000139
203.99000000000014
204.16600000000014
204.31600000000014
204.50700000000014
204.66700000000014
204.84100000000014
205.01600000000014
205.223000000000141
209.372000000000144
209.761000000000145
209.900000000000145
210.186000000000145
210.438000000000145
210.606000000000145
210.764000000000146
230.628000000000163
230.747000000000163
231.060000000000164
231.218000000000164
231.256000000000164
231.425000000000164
231.553000000000164
231.768000000000164
232.124000000000165
232.509000000000165
232.649000000000165
232.871000000000165
233.199000000000165
233.302000000000166
234.345000000000166
234.892000000000167
234.937000000000167
261.611000000000191
261.851000000000191
262.004000000000191
262.147000000000191
262.326000000000191
262.365000000000191
262.526000000000192
262.652000000000192
262.852000000000192
263.075000000000192
263.400000000000192
263.569000000000192
263.778000000000193
264.337000000000193
264.665000000000193
265.815000000000194
306.578000000000231
307.039000000000231
307.236000000000231
307.511000000000231
307.654000000000232
307.821000000000232
308.071000000000232
308.435000000000232
309.319000000000233
309.446000000000233
309.583000000000233
310.201000000000234
310.329000000000234
310.466000000000234
310.615000000000234
310.866000000000234
311.264000000000235
311.382000000000235
311.534000000000235
311.680000000000235
311.831000000000235
311.983000000000235
312.142000000000236
312.492000000000236
312.643000000000236
312.806000000000236
312.994000000000236
313.134000000000236
313.291000000000237
313.432000000000237
313.579000000000237
313.732000000000237
314.626000000000238
314.778000000000238
315.059000000000238
315.212000000000238
315.374000000000238
315.530000000000239
315.708000000000239
315.890000000000239
316.339000000000239
316.63600000000024
317.868000000000241
318.014000000000241
318.169000000000241
318.351000000000241
319.988000000000243
320.133000000000243
321.880000000000244
322.036000000000244
322.209000000000245
323.012000000000245
325.427000000000247
325.732000000000248
325.904000000000248
326.123000000000248
326.276000000000248
326.451000000000248
327.395000000000249
327.519000000000249
327.687000000000249
330.890000000000252
331.021000000000252
331.179000000000252
348.139000000000268
348.663000000000268
348.851000000000268
349.026000000000268
349.166000000000268
349.374000000000269
349.534000000000269
349.789000000000269
349.929000000000269
350.092000000000269
350.32400000000027
350.65600000000027
351.03200000000027
351.34900000000027
352.036000000000271
371.677000000000288
372.164000000000289
372.614000000000289
476.691000000000382
476.841000000000382
476.982000000000382
477.159000000000382
477.335000000000382
477.505000000000382
477.911000000000383
478.074000000000383
478.283000000000383
478.512000000000383
478.684000000000384
479.046000000000384
479.252000000000384
479.473000000000384
479.813000000000384
480.163000000000385
480.492000000000385
480.678000000000385
480.957000000000386
481.105000000000386
481.344000000000386
481.657000000000386
481.841000000000386
482.261000000000387
482.494000000000387
482.766000000000387
483.084000000000387
483.275000000000388
483.475000000000388
483.943000000000388
484.172000000000388
484.333000000000388
484.516000000000389
484.870000000000389
485.045000000000389
485.384000000000389
486.06200000000039
488.464000000000392
488.627000000000392
488.962000000000393
489.638000000000393
503.824000000000406
504.103000000000406
504.244000000000406
504.418000000000406
504.803000000000407
505.156000000000407
505.493000000000407
505.911000000000408
506.065000000000408
506.403000000000408
506.810000000000408
507.055000000000409
507.150000000000409
507.568000000000409
533.236000000000432
533.317000000000432
533.500000000000432
533.671000000000432
534.035000000000433
534.234000000000433
534.380000000000433
534.763000000000433
534.930000000000433
535.076000000000434
535.270000000000434
535.468000000000434
569.208000000000464
569.462000000000464
570.069000000000465
570.184000000000465
570.873000000000465
571.005000000000466
571.152000000000466
571.300000000000466
571.442000000000466
571.589000000000466
571.733000000000466
571.887000000000466
572.192000000000467
572.896000000000467
573.034000000000467
573.500000000000468
574.257000000000468
574.400000000000468
576.29400000000047
577.171000000000471
577.298000000000471
577.457000000000471
581.254000000000475
583.180000000000476
585.104000000000478
592.188000000000484
592.870000000000485
593.009000000000485
593.710000000000486
596.535000000000488
596.788000000000488
596.906000000000488
597.327000000000489
597.450000000000489
597.781000000000489
598.14100000000049
598.21000000000049
598.26600000000049
598.32100000000049
598.42000000000049
598.55000000000049
599.605000000000491
599.669000000000491
599.855000000000491
600.010000000000491
600.197000000000491
600.720000000000492
600.855000000000492
601.009000000000492
601.181000000000492
601.387000000000492
601.534000000000493
655.933000000000541
656.061000000000541
656.203000000000541
656.546000000000541
657.159000000000542
657.593000000000542
657.729000000000542
657.902000000000543
658.863000000000544
659.083000000000544
659.398000000000544
659.769000000000544
659.948000000000544
660.122000000000545
660.898000000000545
691.396000000000572
691.542000000000572
691.676000000000573
691.871000000000573
692.018000000000573
692.239000000000573
692.583000000000573
694.264000000000575
694.525000000000575
694.914000000000576
695.121000000000576
695.438000000000576
695.976000000000576
760.281000000000634
760.458000000000634
760.498000000000634
760.538000000000634
760.747000000000634
760.914000000000634
761.122000000000634
762.139000000000635
824.635000000000691
825.131000000000691
825.250000000000691
825.384000000000691
825.503000000000692
826.028000000000692
826.186000000000692
953.654000000000805
954.345000000000806
954.487000000000806
954.783000000000806
955.190000000000807
955.250000000000807
955.691000000000807
955.917000000000807
956.118000000000808
956.487000000000808
956.883000000000808
963.463000000000814
964.030000000000815
964.608000000000815
964.808000000000815
964.945000000000815
965.166000000000816
965.299000000000816
965.478000000000816
966.767000000000817
966.960000000000817
967.155000000000817
967.345000000000818
967.507000000000818
967.675000000000818
967.791000000000818
970.50800000000082
970.62400000000082
971.137000000000821
972.161000000000822
974.329000000000824
974.671000000000824
975.488000000000825
975.819000000000825
976.131000000000825
980.016000000000829
980.172000000000829
983.527000000000832
984.422000000000833
984.759000000000833
984.886000000000833
990.541000000000838
990.638000000000838
990.765000000000838
990.919000000000838
991.237000000000839
991.407000000000839
991.583000000000839
991.940000000000839
992.72800000000084
997.201000000000844
998.346000000000845
998.522000000000845
1048.19000000000089
1048.52600000000089
1049.14600000000089
1049.47700000000089
1050.34500000000089
1050.45100000000089
1050.58000000000089
1050.93000000000089
1122.74200000000096
1123.04700000000096
1123.26300000000096
1123.65500000000096
1124.09200000000096
1140.51700000000097
1141.12400000000097
1141.48000000000097
1141.69700000000097
1148.08100000000098
1148.17900000000098
1148.56200000000098
1148.75200000000098
1148.84600000000098
1149.12400000000098
1149.55600000000098
1185.13500000000101
1185.25800000000101
1262.31400000000108
1262.47500000000108
1262.63500000000108
1262.83100000000108
1262.99800000000108
1317.61900000000113
1318.31600000000113
1318.54600000000113
1318.76300000000113
1319.16100000000113
1319.30900000000113
1319.46400000000113
1319.67700000000113
1319.84000000000113
1320.03900000000113
1320.21900000000113
1320.57600000000113
1339.70400000000115
1339.76900000000115
1340.00000000000115
1340.14600000000115
1341.65900000000115
1344.30100000000115
1344.59900000000115
1344.89800000000115
1345.28700000000115
1345.48300000000115
1345.87700000000115
1346.19800000000115
1347.07600000000115
1347.09800000000115
1347.11700000000115
1348.31300000000116
1348.41400000000116
1348.43500000000116
1348.53600000000116
1348.55500000000116
1348.57600000000116
1348.59600000000116
1361.44100000000117
1361.84100000000117
1362.03200000000117
1362.08000000000117
1362.56100000000117
1362.70200000000117
1362.87400000000117
1363.15500000000117
1363.37700000000117
1364.05000000000117
1382.12000000000119
1382.25400000000119
1382.52100000000119
1382.73300000000119
1382.88600000000119
1383.27100000000119
1384.91400000000119
1384.95100000000119
1405.59700000000121
1406.04900000000121
1481.18900000000127
1481.76700000000127
1528.01300000000132
1528.97100000000132
1529.14000000000132
1529.31100000000132
1529.79300000000132
1530.32800000000132
1530.60200000000132
1530.72000000000132
1530.94000000000132
1531.41000000000132
1531.55800000000132
1532.07700000000132
1532.48800000000132
1532.49500000000132
1532.70400000000132
1532.89400000000132
1534.19200000000132
1534.24500000000132
1534.44300000000132
1534.88500000000132
1535.05500000000132
1535.29200000000132
1535.41400000000132
1535.48700000000132
1535.72200000000132
1536.41300000000132
1536.61300000000132
1536.96900000000132
1537.17500000000132
1537.19200000000132
1537.20400000000132
1545.29400000000133
1546.38900000000133
1550.37300000000134
1550.53000000000134
1551.29500000000134
1551.42500000000134
1551.63500000000134
1551.74500000000134
1554.61400000000134
1554.93600000000134
1556.91900000000134
1557.31900000000134
1586.96400000000137
1594.07000000000137
1594.09200000000137
1594.57000000000137
1596.08800000000138
1596.14800000000138
1839.64900000000159
1839.77100000000159
1840.26900000000159
1840.61500000000159
1841.29900000000159
1842.32900000000159
1844.1210000000016
1848.9900000000016
1849.2010000000016
1849.3290000000016
1849.5220000000016
1849.6380000000016
1849.7990000000016
1850.9410000000016
1851.2720000000016
1851.3000000000016
1857.20500000000161
1857.29400000000161
1857.50700000000161
1857.71200000000161
1857.88500000000161
1858.15600000000161
1859.81100000000161
1860.29100000000161
1861.01800000000161
1861.46300000000161
1861.49100000000161
1861.80900000000161
1863.75100000000161
1863.92900000000161
1864.13000000000161
1864.30500000000161
1864.49200000000161
1876.66500000000162
1877.38200000000163
1878.80900000000163
1913.26400000000166
1929.24000000000167
1929.40300000000167
1929.79000000000167
1935.59500000000168
1937.15600000000168
1937.29900000000168
1951.77500000000169
1976.63300000000171
1976.85200000000171
2021.44700000000175
2022.52200000000175
2022.79100000000176
2022.90500000000175
2023.10400000000176
2023.59200000000176
2023.71700000000176
2024.87400000000176
2025.07300000000176
2025.22600000000176
2025.44500000000176
2025.64200000000176
2025.87300000000176
2026.51000000000176
2039.39300000000177
2039.51600000000177
2039.53900000000177
2039.68700000000177
2039.86200000000177
2040.03700000000177
2040.28000000000177
2040.43900000000177
2040.64700000000177
2040.85600000000177
2041.07700000000177
2041.44300000000177
2042.57600000000177
2042.59600000000177
2042.61300000000177
2044.71000000000177
2044.88800000000177
2044.96700000000177
2044.98500000000177
2045.17900000000177
2045.34200000000178
2045.56400000000178
2045.74200000000178
2045.99200000000178
2048.84000000000168
2052.39100000000129
2052.67900000000126
2052.89800000000124
2053.52300000000117
2053.70500000000115
2131.82899999999254
2131.95799999999253
2132.11799999999251
2132.32899999999249
2132.50299999999247
2280.97199999997612
2281.70599999997604
2281.85399999997602
2282.020999999976
2283.96199999997579
2308.28999999997311
2308.57899999997308
2309.18399999997301
2309.42699999997299
2321.51999999997165
2340.21399999996959
2340.38199999996958
2340.72199999996954
2340.98699999996951
2341.33099999996947
2341.48999999996945
2342.26499999996937
2342.59399999996933
2342.94299999996929
2343.13699999996927
2343.7609999999692
2347.74499999996876
2347.98799999996874
2349.2889999999686
2349.40099999996858
2349.57199999996856
2349.67299999996855
2349.81199999996854
2349.93699999996852
2350.07199999996851
2350.20599999996849
2350.35999999996848
2350.49699999996846
2350.63799999996845
2350.80399999996843
2350.96599999996841
2351.12899999996839
2351.62999999996834
2351.72399999996833
2352.02199999996829
2352.18199999996828
2352.57799999996823
2352.77799999996821
2353.02999999996818
2353.37899999996814
2353.58999999996812
2353.7569999999681
2353.92899999996808
2355.28999999996793
2355.45299999996792
2355.5799999999679
2355.77199999996788
2356.64199999996779
2356.81799999996777
2356.96899999996775
2357.12699999996773
2357.14699999996773
2360.82399999996732
2360.98499999996731
2361.17599999996729
2361.34399999996727
2361.36499999996727
2361.42499999996726
2361.44299999996726
2361.48199999996725
2361.50199999996725
2362.18499999996717
2362.48299999996714
2387.55999999996438
2387.67699999996437
2387.92899999996434
2388.11499999996432
2388.3159999999643
2388.45499999996428
2388.65199999996426
2388.91899999996423
2389.02099999996422
2389.2299999999642
2389.42199999996418
2389.65299999996415
2390.04599999996411
2390.49699999996406
2391.23099999996398
2392.10999999996388
2392.30599999996386
2392.8569999999638
2393.59199999996372
2395.71899999996348
2395.98099999996345
2396.24199999996342
2396.99799999996334
2397.96999999996323
2398.40599999996319
2398.81599999996314
2408.19399999996211
2408.2479999999621
2408.65299999996206
2408.74799999996205
2408.76299999996204
2408.95399999996202
2409.29899999996199
2409.45399999996197
2409.62999999996195
2410.01699999996191
2410.20399999996189
2410.22099999996188
2410.30799999996187
2412.92399999996159
2413.6949999999615
2413.84999999996148
2413.99999999996147
2414.29199999996144
2414.31199999996143
2414.47199999996142
2415.08699999996135
2415.31499999996132
2415.39299999996131
2415.40399999996131
2475.30399999995472
2475.4449999999547
2475.60499999995468
2477.72499999995445
2477.80199999995444
2481.25399999995406
2481.51599999995403
2481.70999999995401
2539.69299999994762
2539.85099999994761
2540.08199999994758
2540.23299999994757
2540.41999999994754
2555.97699999994583
2556.44799999994578
2556.68799999994575
2556.89199999994573
2557.05799999994571
2557.25299999994569
2557.44099999994567
2557.95599999994561
2558.34499999994557
2566.56899999994466
2566.91399999994463
2567.2049999999446
2579.62599999994323
2580.31499999994315
2580.68799999994311
2581.34399999994304
2581.51799999994302
2581.87499999994298
2582.08499999994296
2582.26899999994294
2582.74199999994288
2588.45899999994225
2589.71999999994212
2589.8959999999421
2590.04199999994208
2592.21699999994184
2592.23299999994184
2594.54099999994158
2603.34199999994062
2611.22299999993975
2639.61599999993662
2640.11599999993657
2640.29199999993655
2640.47499999993653
2640.83099999993649
2641.19999999993645
2642.24999999993633
2644.78099999993605
2645.09999999993602
2645.288999999936
2645.86799999993593
2652.34799999993522
2654.58899999993497
2654.71999999993496
2662.82099999993406
2662.89899999993406
2663.65899999993397
2663.78899999993396
2663.91699999993394
2664.01799999993393
2664.50599999993388
2664.87599999993384
2665.12199999993381
2665.36499999993378
2665.49799999993377
2665.65199999993375
2665.78699999993374
2666.07099999993371
2666.29999999993368
2666.54399999993365
2666.67999999993364
2667.12599999993359
2667.27499999993357
2667.68299999993353
2667.9359999999335
2668.11899999993348
2668.26999999993346
2668.51699999993344
2668.76299999993341
2668.8939999999334
2669.81799999993329
2670.33299999993324
2670.44099999993323
2670.6249999999332
2670.83299999993318
2671.09399999993315
2671.45499999993311
2672.20299999993303
2672.64799999993298
2674.15799999993282
2674.58199999993277
2690.16599999993105
2690.51999999993101
2807.98599999991808
2808.16799999991806
2808.75499999991799
2818.89799999991688
2820.37899999991671
2820.53399999991669
2820.67999999991668
2820.88299999991666
2820.94099999991665
2821.24299999991662
2821.26099999991661
2822.10899999991652
2822.24499999991651
2829.38299999991572
2829.5239999999157
2834.48599999991516
2834.51099999991516
2834.76499999991513
2835.07499999991509
2838.84999999991468
2841.03699999991444
2841.92099999991434
2843.04799999991422
2843.2119999999142
2843.46999999991417
2843.66699999991415
2843.77399999991414
2844.23099999991409
2855.0279999999129
2855.24699999991287
2855.41599999991285
2855.55699999991284
2855.77199999991281
2856.13799999991277
2856.36999999991275
2856.54399999991273
2856.69599999991271
2856.88399999991269
2857.7369999999126
2871.71799999991106
2872.246999999911
2872.265999999911
2872.82699999991094
2874.38499999991076
2874.40799999991076
2874.42799999991076
2874.46999999991075
2874.48999999991075
2875.19799999991067
2876.72799999991051
2877.55699999991041
2877.88699999991038
2879.5039999999102
2887.79799999990929
2887.90099999990928
2888.13899999990925
2889.43699999990911
2890.94199999990894
2892.57599999990876
2892.73999999990874
2894.17799999990858
2894.49099999990855
2894.9059999999085
2895.10899999990848
2895.74399999990841
2895.8779999999084
2896.42099999990834
2908.17499999990704
2908.61099999990699
2908.82799999990697
2909.96999999990684
2915.8349999999062
2915.98899999990618
2916.11399999990617
2928.90399999990476
2932.67999999990434
2936.7119999999039
2975.84299999989959
2975.94099999989958
2976.17399999989955
2976.39499999989953
2976.6249999998995
2976.97999999989946
2977.5979999998994
2977.72999999989938
2977.88199999989937
2978.04599999989935
2979.06999999989923
2979.4179999998992
2979.61499999989917
2979.83399999989915
2980.21899999989911
2985.42399999989854
2985.44399999989853
2985.46499999989853
2985.48499999989853
2985.50599999989853
2985.52599999989852
2985.54599999989852
2985.56499999989852
2985.58499999989852
2985.60499999989852
2985.62599999989851
2985.64599999989851
2985.66599999989851
2985.68599999989851
3004.21999999989646
3004.40399999989644
3030.78699999989354
3030.80499999989354
3037.14899999989284
3037.4699999998928
3037.92799999989275
3038.23999999989272
3038.3919999998927
3038.57399999989268
3038.94499999989264
3039.3039999998926
3040.49399999989247
3040.50599999989247
3040.53299999989247
3047.39499999989171
3047.4539999998917
3047.63999999989168
3047.65799999989168
3047.76199999989167
3055.07499999989086
3056.22399999989074
3056.39899999989072
3056.47799999989071
3066.61499999988959
3070.41999999988917
3070.89999999988912
3073.99999999988878
3076.17999999988854
3076.25599999988853
3076.32399999988852
3076.75699999988848
3078.03799999988834
3078.89699999988824
3078.99499999988823
3079.05699999988822
3079.09699999988822
3079.11699999988822
3079.13799999988821
3079.97899999988812
3080.31599999988808
3080.63699999988805
3080.76299999988803
3081.00599999988801
3081.14499999988799
3081.23699999988798
3081.29599999988798
3082.0199999998879
3082.26599999988787
3082.41199999988785
3082.8779999998878
3091.0299999998869
3091.45399999988686
3095.73299999988639
3095.83699999988637
3096.22799999988633
3096.43199999988631
3096.58199999988629
3097.05599999988624
3099.41799999988598
3099.80999999988594
3102.72999999988562
3102.92799999988559
3103.25399999988556
3103.66499999988551
3104.01199999988547
3104.02899999988547
3104.36899999988544
3106.56599999988519
3106.98599999988515
3107.09999999988513
3107.25599999988512
3107.45999999988509
3107.57899999988508
3107.76599999988506
3107.89399999988505
3108.11599999988502
3108.24299999988501
3108.50699999988498
3110.26199999988479
3110.65999999988474
3111.38199999988466
3111.55399999988464
3112.67499999988452
3116.16299999988414
3116.4629999998841
3116.4829999998841
3116.5029999998841
3116.60399999988409
3119.26199999988379
3119.42299999988378
3119.60299999988376
3124.06499999988327
3125.28699999988313
3137.77299999988176
3139.57699999988156
3146.12099999988084
3146.50099999988079
3146.83499999988076
3162.89299999987899
3163.19099999987896
3163.84699999987888
3164.77199999987878
3164.97699999987876
3165.22599999987873
3165.40499999987871
3165.56999999987869
3165.71299999987868
3165.89499999987866
3165.90999999987866
3166.48699999987859
3166.64999999987858
3166.78399999987856
3166.82999999987856
3167.05599999987853
3167.21299999987851
3167.43299999987849
3167.54199999987848
3168.42599999987838
3169.49799999987826
3170.31499999987817
3170.48499999987815
3170.81399999987812
3170.9289999998781
3171.27099999987807
3171.38899999987805
3171.53699999987804
3172.00799999987799
3172.7869999998779
3175.92599999987755
3178.85999999987723
3183.86799999987668
3184.17699999987665
3198.1809999998751
3198.42799999987508
3198.77999999987504
3199.101999999875
3199.27899999987498
3199.44799999987496
3199.62299999987494
3200.35199999987486
3200.54099999987484
3200.75199999987482
3201.28399999987476
3202.32199999987465
3204.07099999987445
3204.70199999987438
3205.02699999987435
3205.22899999987433
3205.24799999987432
3205.26999999987432
3205.39899999987431
3205.60999999987428
3205.90599999987425
3206.07899999987423
3206.22599999987422
3206.43099999987419
3206.83499999987415
3207.14599999987412
3207.46799999987408
3220.79899999987261
3221.32699999987255
3221.49399999987254
3221.55299999987253
3221.68999999987251
3221.8589999998725
3222.19999999987246
3222.42899999987243
3222.58899999987242
3223.02699999987237
3223.18399999987235
3379.08399999985518
3379.50799999985513
3380.93699999985498
3381.11699999985496
3381.5799999998549
3381.69399999985489
3381.82599999985488
3381.95399999985486
3382.07999999985485
3382.5429999998548
3382.78599999985477
3382.90399999985476
3383.02699999985475
3383.15799999985473
3383.28299999985472
3383.4079999998547
3383.52499999985469
3383.66699999985467
3383.78699999985466
3383.89699999985465
3384.01699999985464
3384.79099999985455
3384.91999999985454
3385.04199999985452
3385.15999999985451
3385.2759999998545
3385.40099999985448
3385.52299999985447
3385.91599999985443
3386.06399999985441
3386.2009999998544
3386.34299999985438
3386.46499999985437
3386.61799999985435
3386.72899999985434
3386.87499999985432
3387.00299999985431
3387.12999999985429
3388.08399999985419
3388.21599999985417
3388.34399999985416
3388.48599999985414
3388.62699999985413
3388.78199999985411
3389.01599999985409
3389.14199999985407
3389.29399999985406
3389.41899999985404
3389.55699999985403
3389.69499999985401
3389.837999999854
3389.97699999985398
3390.12299999985396
3390.25599999985395
3391.04999999985386
3391.17699999985385
3391.31799999985383
3391.45599999985382
3391.5989999998538
3391.73799999985379
3391.87799999985377
3391.99899999985376
3392.13699999985374
3392.27199999985373
3392.40499999985371
3392.5509999998537
3392.71699999985368
3392.84299999985366
3392.97099999985365
3393.11899999985363
3393.29299999985361
3393.4109999998536
3393.54999999985359
3393.70699999985357
3393.84699999985355
3393.98199999985354
3394.12399999985352
3394.26299999985351
3394.41299999985349
3394.56899999985347
3394.70799999985346
3394.85199999985344
3395.00099999985343
3395.15899999985341
3395.30699999985339
3395.45699999985338
3395.60399999985336
3395.76199999985334
3395.93399999985332
3396.07399999985331
3396.21799999985329
3396.37699999985328
3396.54499999985326
3396.69999999985324
3396.84899999985322
3396.99799999985321
3397.15499999985319
3397.30099999985317
3397.45399999985316
3397.62599999985314
3397.80199999985312
3397.9629999998531
3398.11999999985308
3398.28699999985306
3398.44899999985305
3398.836999999853
3398.95999999985299
3399.11299999985297
3399.25499999985296
3399.64999999985291
3399.89299999985289
3400.07299999985287
3400.23299999985285
3400.43799999985283
3400.50999999985282
3400.59499999985281
3400.75199999985279
3400.91499999985278
3401.09099999985276
3401.24199999985274
3401.41099999985272
3401.5689999998527
3401.66699999985269
3402.05099999985265
3402.13499999985264
3402.25199999985263
3402.42199999985261
3402.58299999985259
3402.72999999985258
3402.83599999985256
3402.91499999985256
3402.98899999985255
3403.08699999985254
3403.25599999985252
3403.3879999998525
3403.52599999985249
3403.67699999985247
3403.84199999985245
3404.00399999985244
3404.17299999985242
3404.3609999998524
3404.52099999985238
3404.70999999985236
3405.2149999998523
3405.2639999998523
3405.33299999985229
3405.50899999985227
3405.64599999985225
3405.75899999985224
3405.83299999985223
3405.89399999985223
3405.92899999985222
3406.00999999985221
3406.1449999998522
3406.29199999985218
3406.44599999985217
3406.60399999985215
3406.75899999985213
3406.93399999985211
3407.10699999985209
3407.28499999985207
3407.48299999985205
3407.64699999985203
3407.83099999985201
3408.09999999985198
3408.20599999985197
3408.29599999985196
3408.43499999985195
3408.56799999985193
3408.8859999998519
3409.12799999985187
3409.18999999985186
3409.27399999985185
3409.42999999985184
3409.58599999985182
3409.94399999985178
3410.19099999985175
3410.33999999985174
3410.50699999985172
3410.6729999998517
3410.84899999985168
3411.02699999985166
3411.21899999985164
3411.39599999985162
3411.5779999998516
3411.76999999985158
3411.95799999985156
3412.4619999998515
3412.58099999985149
3412.74199999985147
3412.93899999985145
3413.08599999985143
3413.23399999985142
3413.3809999998514
3413.46699999985139
3413.69299999985137
3413.84499999985135
3414.02099999985133
3414.18899999985131
3414.38199999985129
3414.59099999985127
3414.78199999985125
3415.00399999985122
3415.1939999998512
3415.37899999985118
3415.56499999985116
3416.05099999985111
3416.42099999985107
3416.61299999985105
3416.82099999985102
3416.98399999985101
3417.20099999985098
3417.38099999985096
3417.58899999985094
3417.9819999998509
3418.16399999985088
3418.57299999985083
3419.17299999985076
3419.41799999985074
3419.61999999985072
3419.89299999985068
3420.05599999985067
3420.19099999985065
3420.34199999985064
3420.49599999985062
3420.6579999998506
3420.81799999985058
3420.97699999985057
3421.13499999985055
3421.34299999985053
3421.5359999998505
3421.73999999985048
3421.93499999985046
3422.09999999985044
3422.32299999985042
3422.5259999998504
3422.71399999985037
3422.89399999985035
3423.10199999985033
3423.32199999985031
3423.53399999985028
3423.70199999985027
3424.23899999985021
3424.41399999985019
3426.73499999984993
3426.91799999984991
3427.07099999984989
3427.23399999984988
3427.56499999984984
3428.04999999984979
3428.37899999984975
3428.8669999998497
3429.46499999984963
3429.94199999984958
3430.12799999984956
3430.32899999984954
3430.57999999984951
3430.97299999984946
3431.42299999984942
3431.5949999998494
3431.78799999984938
3431.86999999984937
3431.93799999984936
3432.14299999984934
3432.25899999984932
3432.39399999984931
3432.55399999984929
3432.75799999984927
3432.86299999984926
3433.17599999984922
3433.48299999984919
3433.61899999984917
3433.79099999984915
3434.09399999984912
3438.56499999984863
3438.74099999984861
3438.8479999998486
3439.11599999984857
3439.23499999984855
3439.47699999984853
3439.85599999984849
3439.99099999984847
3440.19099999984845
3440.30699999984844
3442.02499999984825
3445.2189999998479
3446.29999999984778
3446.41899999984776
3446.57199999984775
3451.94199999984716
3452.15799999984713
3452.4839999998471
3452.60799999984708
3452.74899999984707
3452.87299999984705
3452.95899999984704
3453.14399999984702
3453.29599999984701
3453.364999999847
3453.384999999847
3453.395999999847
3453.46499999984699
3453.59599999984697
3453.66199999984697
3453.69799999984696
3453.74599999984696
3453.78899999984695
3454.86899999984683
3454.90999999984683
3454.97899999984682
3455.66299999984675
3455.96499999984671
3456.0669999998467
3456.27699999984668
3456.42199999984666
3456.66799999984663
3457.14599999984658
3457.34099999984656
3457.72399999984652
3463.25399999984591
3467.58999999984543
3467.78399999984541
3467.92899999984539
3468.09899999984538
3468.8189999998453
3477.62599999984433
3477.74699999984431
3477.8689999998443
3477.99399999984429
3478.90799999984419
3479.07699999984417
3479.18199999984416
3479.43599999984413
3479.6539999998441
3479.7139999998441
3479.79299999984409
3479.96599999984407
3581.25999999983291
3581.86599999983285
3582.04499999983283
3582.18999999983281
3582.39599999983279
3582.57299999983277
3582.77999999983275
3583.1789999998327
3584.27799999983258
3584.81099999983252
3585.13599999983249
3598.36399999983103
3598.605999999831
3598.74599999983099
3599.04299999983095
3599.72899999983088
3599.88199999983086
3600.00099999983085
-2
19.4589999999999974
80.8550000000000302
81.0780000000000304
81.2060000000000305
81.3330000000000306
81.4430000000000307
82.4770000000000316
82.7330000000000318
82.8060000000000319
82.8480000000000319
82.958000000000032
83.0760000000000321
83.4030000000000324
84.6470000000000335
84.7990000000000337
84.9510000000000338
85.0750000000000339
85.199000000000034
85.9950000000000347
86.4550000000000351
86.7650000000000354
87.0060000000000356
88.6770000000000371
88.7870000000000372
88.9140000000000373
89.0580000000000375
89.1910000000000376
89.2350000000000376
92.7650000000000407
98.9990000000000463
109.2150000000000554
109.2720000000000554
109.6160000000000557
110.8340000000000568
147.104000000000089
147.234000000000089
147.371000000000089
147.518000000000089
147.67000000000009
147.83500000000009
148.00200000000009
148.16400000000009
148.29600000000009
148.43600000000009
148.60000000000009
148.74700000000009
148.928000000000091
149.056000000000091
149.209000000000091
149.374000000000091
150.018000000000092
150.178000000000092
150.344000000000092
150.508000000000092
150.667000000000092
154.395000000000095
154.527000000000096
154.924000000000096
155.064000000000096
155.194000000000096
155.334000000000096
156.075000000000097
156.442000000000097
156.614000000000097
156.771000000000098
156.977000000000098
157.131000000000098
157.349000000000098
157.517000000000098
157.726000000000098
157.998000000000099
158.140000000000099
158.280000000000099
158.797000000000099
158.9310000000001
159.2120000000001
159.4030000000001
159.7070000000001
159.7490000000001
159.8610000000001
160.110000000000101
160.282000000000101
160.441000000000101
200.204000000000136
200.483000000000136
200.657000000000137
200.818000000000137
201.010000000000137
201.175000000000137
201.600000000000137
201.779000000000138
201.981000000000138
202.170000000000138
202.382000000000138
202.528000000000138
202.909000000000139
203.244000000000139
203.400000000000139
203.555000000000139
203.741000000000139
203.905000000000139
204.04000000000014
204.27500000000014
204.44500000000014
204.60600000000014
204.79000000000014
204.96900000000014
205.142000000000141
205.518000000000141
209.406000000000144
209.800000000000145
209.934000000000145
210.245000000000145
210.523000000000145
210.681000000000145
210.825000000000146
230.676000000000163
230.765000000000163
231.081000000000164
231.227000000000164
231.345000000000164
231.522000000000164
231.682000000000164
231.811000000000164
232.181000000000165
232.542000000000165
232.702000000000165
233.041000000000165
233.285000000000166
234.126000000000166
234.375000000000167
234.919000000000167
235.051000000000167
261.631000000000191
261.931000000000191
262.084000000000191
262.251000000000191
262.343000000000191
262.437000000000191
262.650000000000192
262.820000000000192
262.983000000000192
263.335000000000192
263.526000000000192
263.706000000000193
264.086000000000193
264.424000000000193
264.784000000000194
265.970000000000195
306.614000000000231
307.058000000000231
307.283000000000231
307.540000000000232
307.681000000000232
307.917000000000232
308.166000000000232
308.486000000000232
309.388000000000233
309.506000000000233
309.639000000000233
310.250000000000234
310.390000000000234
310.530000000000234
310.666000000000234
310.914000000000234
311.305000000000235
311.453000000000235
311.592000000000235
311.741000000000235
311.883000000000235
312.049000000000236
312.168000000000236
312.559000000000236
312.717000000000236
312.887000000000236
313.049000000000236
313.208000000000237
313.356000000000237
313.501000000000237
313.649000000000237
313.803000000000237
314.695000000000238
314.827000000000238
315.111000000000238
315.273000000000238
315.449000000000239
315.639000000000239
315.801000000000239
315.955000000000239
316.394000000000239
316.68000000000024
317.886000000000241
318.068000000000241
318.233000000000241
318.373000000000241
320.030000000000243
320.176000000000243
321.927000000000244
322.114000000000244
322.297000000000245
323.049000000000245
325.450000000000247
325.820000000000248
326.017000000000248
326.191000000000248
326.357000000000248
326.532000000000248
327.425000000000249
327.591000000000249
327.763000000000249
330.947000000000252
331.099000000000252
331.251000000000253
348.214000000000268
348.762000000000268
348.954000000000268
349.126000000000268
349.301000000000269
349.502000000000269
349.684000000000269
349.852000000000269
350.055000000000269
350.250000000000269
350.41800000000027
350.77100000000027
351.10100000000027
351.44100000000027
352.115000000000271
371.724000000000288
372.209000000000289
372.691000000000289
476.758000000000382
476.906000000000382
477.100000000000382
477.266000000000382
477.480000000000382
477.665000000000383
478.070000000000383
478.249000000000383
478.453000000000383
478.620000000000383
478.829000000000384
479.185000000000384
479.349000000000384
479.553000000000384
479.910000000000385
480.246000000000385
480.565000000000385
480.902000000000385
481.099000000000386
481.278000000000386
481.610000000000386
481.774000000000386
482.168000000000387
482.366000000000387
482.709000000000387
483.045000000000387
483.238000000000388
483.444000000000388
483.870000000000388
484.124000000000388
484.288000000000388
484.473000000000389
484.821000000000389
485.008000000000389
485.347000000000389
486.02900000000039
487.948000000000392
488.571000000000392
488.898000000000393
489.620000000000393
490.844000000000394
503.891000000000406
504.177000000000406
504.358000000000406
504.538000000000406
504.903000000000407
505.262000000000407
505.620000000000407
505.983000000000408
506.164000000000408
506.545000000000408
506.929000000000409
507.103000000000409
507.539000000000409
507.665000000000409
533.265000000000432
533.431000000000432
533.614000000000432
533.796000000000432
534.173000000000433
534.359000000000433
534.507000000000433
534.842000000000433
535.029000000000434
535.225000000000434
535.397000000000434
535.564000000000434
569.244000000000464
569.484000000000464
570.114000000000465
570.229000000000465
570.928000000000465
571.069000000000466
571.215000000000466
571.357000000000466
571.497000000000466
571.636000000000466
571.781000000000466
571.915000000000466
572.221000000000467
572.948000000000467
573.089000000000467
573.533000000000468
574.296000000000468
574.466000000000469
576.34000000000047
577.208000000000471
577.372000000000471
577.542000000000471
581.334000000000475
583.251000000000476
585.126000000000478
592.219000000000484
592.915000000000485
593.042000000000485
593.747000000000486
596.597000000000488
596.822000000000488
596.958000000000488
597.341000000000489
597.496000000000489
598.09700000000049
598.18600000000049
598.22900000000049
598.30500000000049
598.33400000000049
598.47100000000049
598.60100000000049
599.652000000000491
599.811000000000491
599.958000000000491
600.120000000000491
600.677000000000492
600.785000000000492
600.923000000000492
601.065000000000492
601.221000000000492
601.399000000000492
601.551000000000493
655.994000000000541
656.146000000000541
656.309000000000541
657.112000000000542
657.510000000000542
657.663000000000542
657.873000000000543
658.756000000000543
659.000000000000544
659.357000000000544
659.694000000000544
659.861000000000544
660.062000000000545
660.846000000000545
667.142000000000551
691.473000000000572
691.631000000000573
691.814000000000573
691.972000000000573
692.182000000000573
692.518000000000573
693.725000000000574
694.496000000000575
694.878000000000576
695.062000000000576
695.238000000000576
695.964000000000576
697.281000000000578
760.353000000000634
760.496000000000634
760.505000000000634
760.647000000000634
760.897000000000634
761.081000000000634
761.928000000000635
762.285000000000635
824.675000000000691
825.180000000000691
825.293000000000691
825.411000000000691
825.548000000000692
826.073000000000692
826.209000000000692
953.703000000000805
954.450000000000806
954.722000000000806
954.869000000000806
955.216000000000807
955.475000000000807
955.766000000000807
956.092000000000808
956.466000000000808
956.874000000000808
958.66800000000081
963.504000000000814
964.325000000000815
964.790000000000815
964.933000000000815
965.120000000000816
965.287000000000816
965.464000000000816
966.729000000000817
966.882000000000817
967.054000000000817
967.277000000000817
967.448000000000818
967.595000000000818
967.734000000000818
970.45600000000082
970.61400000000082
971.090000000000821
972.107000000000822
974.304000000000824
974.502000000000824
975.446000000000825
975.786000000000825
976.105000000000825
979.977000000000829
980.140000000000829
981.29500000000083
984.237000000000832
984.671000000000833
984.854000000000833
984.969000000000833
990.598000000000838
990.713000000000838
990.865000000000838
991.193000000000839
991.362000000000839
991.543000000000839
991.916000000000839
992.69900000000084
997.028000000000844
998.233000000000845
998.401000000000845
1003.34900000000085
1048.22700000000089
1048.59600000000089
1049.43900000000089
1050.17700000000089
1050.42400000000089
1050.54500000000089
1050.89000000000089
1093.76500000000093
1122.81200000000096
1123.17800000000096
1123.60200000000096
1124.04600000000096
1138.65800000000097
1140.55700000000097
1141.16900000000097
1141.55300000000097
1148.07500000000098
1148.11500000000098
1148.29500000000098
1148.74300000000098
1148.84000000000098
1148.85200000000098
1149.40700000000098
1150.60500000000098
1185.19000000000101
1195.95900000000102
1262.39500000000108
1262.58800000000108
1262.75500000000108
1262.95400000000108
1283.4000000000011
1317.66000000000113
1318.52000000000113
1318.68800000000113
1318.81000000000113
1319.25300000000113
1319.45200000000113
1319.60900000000113
1319.80100000000113
1319.98800000000113
1320.19500000000113
1320.36600000000113
1331.55300000000114
1339.73700000000115
1339.89300000000115
1340.05400000000115
1340.22400000000115
1341.69900000000115
1344.40200000000115
1344.87600000000115
1345.19600000000115
1345.42700000000115
1345.57500000000115
1346.16200000000115
1347.07500000000115
1347.08500000000115
1347.10400000000115
1347.98400000000116
1348.41300000000116
1348.43200000000116
1348.44400000000116
1348.54300000000116
1348.56400000000116
1348.58300000000116
1348.60300000000116
1361.53100000000117
1361.88600000000117
1362.06900000000117
1362.27100000000117
1362.56700000000117
1362.85100000000117
1363.04600000000117
1363.20800000000117
1363.41900000000117
1364.11100000000117
1382.17700000000119
1382.32700000000119
1382.67900000000119
1382.84500000000119
1383.01800000000119
1384.90700000000119
1384.91900000000119
1385.07800000000119
1405.72500000000121
1406.16900000000121
1481.25400000000127
1481.82200000000127
1528.05000000000132
1529.08700000000132
1529.26700000000132
1529.47200000000132
1529.83400000000132
1530.45900000000132
1530.65500000000132
1530.86100000000132
1531.31400000000132
1531.50800000000132
1531.72400000000132
1532.14400000000132
1532.49400000000132
1532.59500000000132
1532.86600000000132
1533.51200000000132
1534.23600000000132
1534.29600000000132
1534.80300000000132
1534.94300000000132
1535.17200000000132
1535.38700000000132
1535.43000000000132
1535.70700000000132
1536.07400000000132
1536.52200000000132
1536.84900000000132
1537.10900000000132
1537.18000000000132
1537.20100000000132
1545.21900000000133
1545.45100000000133
1549.49300000000133
1550.49400000000134
1551.28700000000134
1551.30200000000134
1551.49100000000134
1551.64200000000134
1554.54800000000134
1554.68100000000134
1555.08000000000134
1557.09700000000134
1557.43200000000134
1586.99700000000137
1594.08800000000137
1594.09900000000137
1594.60700000000137
1596.14500000000138
1596.15600000000138
1839.66600000000159
1839.94300000000159
1840.32900000000159
1840.67800000000159
1841.43700000000159
1842.45600000000159
1844.3030000000016
1849.0770000000016
1849.2150000000016
1849.4390000000016
1849.6150000000016
1849.7810000000016
1850.8190000000016
1851.2550000000016
1851.2940000000016
1852.2360000000016
1857.23900000000161
1857.39000000000161
1857.61600000000161
1857.80900000000161
1858.02000000000161
1858.16200000000161
1859.94300000000161
1860.34200000000161
1861.13600000000161
1861.49000000000161
1861.49900000000161
1861.89100000000161
1863.83700000000161
1864.01900000000161
1864.18000000000161
1864.36000000000161
1864.56200000000161
1876.73100000000163
1877.43200000000163
1878.85300000000163
1913.34300000000166
1929.34000000000167
1929.53200000000167
1929.91900000000167
1935.68800000000168
1937.21500000000168
1937.51900000000168
1951.84600000000169
1976.73000000000171
1976.89300000000171
2021.47900000000175
2022.56500000000175
2022.85700000000175
2022.97500000000176
2023.34100000000176
2023.63400000000176
2023.76300000000176
2024.97900000000176
2025.18100000000176
2025.37200000000176
2025.59400000000176
2025.82600000000176
2026.43300000000176
2026.62200000000176
2039.42200000000177
2039.53000000000177
2039.59600000000177
2039.79100000000177
2039.99100000000177
2040.20000000000177
2040.39100000000177
2040.59700000000177
2040.81400000000177
2041.01200000000177
2041.42800000000177
2042.44600000000177
2042.58400000000177
2042.60400000000177
2042.63100000000177
2044.80100000000177
2044.94700000000177
2044.97800000000177
2045.10300000000177
2045.29600000000178
2045.48900000000178
2045.70100000000178
2045.90900000000178
2046.08700000000178
2048.94900000000167
2052.46800000000129
2052.86700000000124
2053.38700000000118
2053.59500000000116
2053.77700000000114
2131.86599999999254
2132.02999999999252
2132.2399999999925
2132.40399999999248
2132.64599999999245
2281.01899999997611
2281.81199999997603
2281.98999999997601
2282.14399999997599
2284.01799999997578
2308.3799999999731
2308.70299999997306
2309.21799999997301
2309.48699999997298
2321.57899999997165
2340.33599999996958
2340.48999999996956
2340.79299999996953
2341.1099999999695
2341.45899999996946
2342.24199999996937
2342.37399999996936
2342.72299999996932
2343.08899999996928
2343.52699999996923
2344.75099999996909
2347.93699999996874
2349.02699999996862
2349.33599999996859
2349.45399999996858
2349.60699999996856
2349.71699999996855
2349.85199999996853
2349.98699999996852
2350.1179999999685
2350.24999999996849
2350.41299999996847
2350.55799999996846
2350.70599999996844
2350.86999999996842
2351.0399999999684
2351.18899999996839
2351.69399999996833
2351.75399999996832
2352.16199999996828
2352.53099999996824
2352.70199999996822
2352.8409999999682
2353.14099999996817
2353.50099999996813
2353.70199999996811
2353.90299999996809
2355.23099999996794
2355.36799999996793
2355.5559999999679
2355.71099999996789
2356.42899999996781
2356.75499999996777
2356.94799999996775
2357.12599999996773
2357.14499999996773
2360.46099999996736
2360.95499999996731
2361.14099999996729
2361.34099999996727
2361.35299999996727
2361.37199999996726
2361.43299999996726
2361.48099999996725
2361.50099999996725
2361.53999999996725
2362.27999999996716
2362.60499999996713
2387.57799999996438
2387.71699999996436
2388.04699999996433
2388.19299999996431
2388.42599999996428
2388.60799999996426
2388.79599999996424
2388.97499999996422
2389.1879999999642
2389.38499999996418
2389.60299999996416
2390.02099999996411
2390.43299999996406
2391.16699999996398
2391.9209999999639
2392.27199999996386
2392.45399999996384
2392.8659999999638
2395.64099999996349
2395.90899999996346
2396.06099999996344
2396.95499999996335
2397.19199999996332
2398.39599999996319
2398.53499999996317
2398.91599999996313
2408.2339999999621
2408.32799999996209
2408.72799999996205
2408.75399999996205
2408.90499999996203
2409.23199999996199
2409.38599999996198
2409.56999999996196
2410.00399999996191
2410.1149999999619
2410.21799999996188
2410.22799999996188
2412.8319999999616
2413.58299999996151
2413.76899999996149
2413.95099999996147
2414.29099999996144
2414.31099999996143
2414.47099999996142
2414.48299999996142
2415.30199999996132
2415.31799999996132
2415.40099999996131
2415.5399999999613
2475.38299999995471
2475.56499999995469
2477.61199999995446
2477.75199999995445
2477.91299999995443
2481.30099999995406
2481.62199999995402
2481.74499999995401
2539.78399999994762
2539.9439999999476
2540.11699999994758
2540.37399999994755
2540.60299999994752
2556.09299999994582
2556.47399999994578
2556.81199999994574
2556.98099999994572
2557.1869999999457
2557.39999999994567
2557.63599999994565
2558.00799999994561
2558.40199999994556
2566.65999999994466
2566.96199999994462
2567.22399999994459
2579.65599999994322
2580.40299999994314
2580.72899999994311
2581.44599999994303
2581.62399999994301
2582.02699999994296
2582.24299999994294
2582.48299999994291
2582.83799999994287
2588.55499999994224
2589.8139999999421
2589.97299999994209
2590.15999999994207
2592.22999999994184
2592.24999999994184
2594.57999999994158
2603.42799999994061
2611.31599999993974
2639.66099999993662
2640.19599999993656
2640.37699999993654
2640.54999999993652
2640.90499999993648
2641.24299999993644
2642.31299999993632
2644.85199999993604
2645.203999999936
2645.37799999993599
2645.90599999993593
2652.39199999993521
2654.65499999993496
2654.80599999993495
2662.85999999993406
2662.97499999993405
2663.73099999993396
2663.83999999993395
2663.96699999993394
2664.09399999993392
2664.57799999993387
2664.91799999993383
2665.14599999993381
2665.40999999993378
2665.54699999993376
2665.68099999993375
2665.82699999993373
2666.1229999999337
2666.38199999993367
2666.63999999993364
2666.80499999993363
2667.18899999993358
2667.32699999993357
2667.75299999993352
2667.9829999999335
2668.16299999993348
2668.31199999993346
2668.56699999993343
2668.8499999999334
2668.98599999993339
2669.95799999993328
2670.40299999993323
2670.62099999993321
2670.78699999993319
2670.88399999993318
2671.21299999993314
2671.51299999993311
2672.31499999993302
2672.65099999993298
2674.20399999993281
2674.66799999993276
2690.23099999993105
2690.57099999993101
2808.10099999991806
2808.54099999991802
2818.87399999991688
2820.32799999991672
2820.38999999991671
2820.63299999991668
2820.85599999991666
2820.93799999991665
2821.10399999991663
2821.24899999991662
2822.08399999991652
2822.22099999991651
2829.31899999991573
2829.47099999991571
2831.61799999991547
2834.49599999991516
2834.70299999991513
2835.06999999991509
2838.70999999991469
2841.03599999991444
2841.68999999991436
2843.00999999991422
2843.1589999999142
2843.31799999991419
2843.65499999991415
2843.75899999991414
2844.1089999999141
2844.36499999991407
2855.07799999991289
2855.36299999991286
2855.53099999991284
2855.74199999991282
2856.06099999991278
2856.32399999991275
2856.47999999991274
2856.64199999991272
2856.8269999999127
2857.6829999999126
2871.64599999991107
2872.242999999911
2872.253999999911
2872.45799999991098
2874.38399999991076
2874.40399999991076
2874.41399999991076
2874.43399999991076
2874.47199999991075
2874.49299999991075
2876.72599999991051
2876.73499999991051
2877.75799999991039
2877.97399999991037
2879.5339999999102
2887.86099999990928
2888.01499999990926
2888.34099999990923
2889.57299999990909
2892.55199999990876
2892.70899999990875
2893.36299999990867
2894.26499999990857
2894.66599999990853
2895.03199999990849
2895.71899999990841
2895.8769999999084
2896.41999999990834
2907.88599999990707
2908.40499999990702
2908.75199999990698
2909.96599999990685
2909.97699999990684
2915.90399999990619
2916.08699999990617
2916.48499999990613
2929.96299999990464
2932.76299999990433
2936.78499999990389
2975.90699999989958
2976.10899999989956
2976.34999999989953
2976.55499999989951
2976.70899999989949
2977.06999999989946
2977.6139999998994
2977.81599999989937
2977.99499999989935
2978.16299999989933
2979.3749999998992
2979.60399999989918
2979.78699999989916
2980.18299999989911
2985.42199999989854
2985.44099999989853
2985.45399999989853
2985.47299999989853
2985.49299999989853
2985.51299999989852
2985.53299999989852
2985.55299999989852
2985.57299999989852
2985.59299999989852
2985.61299999989851
2985.63299999989851
2985.65299999989851
2985.67299999989851
2985.69299999989851
3004.37699999989645
3030.77399999989354
3030.79599999989354
3031.37699999989347
3037.39799999989281
3037.87599999989276
3038.18899999989272
3038.34899999989271
3038.50799999989269
3038.92999999989264
3039.2679999998926
3040.43299999989248
3040.50199999989247
3040.52999999989247
3047.39399999989171
3047.40299999989171
3047.59199999989169
3047.64199999989168
3047.66299999989168
3055.07299999989086
3055.08499999989086
3056.38499999989072
3056.41199999989072
3066.22699999988964
3069.56999999988927
3070.85699999988913
3073.06599999988888
3074.94499999988868
3076.25399999988853
3076.26499999988853
3076.68999999988848
3076.94099999988846
3078.13299999988832
3078.99399999988823
3079.05399999988822
3079.06499999988822
3079.10599999988822
3079.12499999988822
3079.14499999988821
3080.11399999988811
3080.55599999988806
3080.71199999988804
3080.90099999988802
3081.01499999988801
3081.22499999988798
3081.24499999988798
3081.35299999988797
3082.21499999988788
3082.35499999988786
3082.8529999998878
3090.96399999988691
3091.0419999998869
3091.58299999988684
3095.77299999988638
3095.90799999988637
3096.34499999988632
3096.5409999998863
3097.01799999988624
3097.4439999998862
3099.46599999988598
3102.68699999988562
3102.9009999998856
3103.22899999988556
3103.36199999988555
3103.8129999998855
3104.01799999988547
3104.04599999988547
3106.56499999988519
3106.57699999988519
3107.01599999988514
3107.19599999988512
3107.3949999998851
3107.55399999988508
3107.71499999988507
3107.87599999988505
3108.01499999988503
3108.17699999988502
3108.44199999988499
3110.1499999998848
3110.35899999988478
3111.35999999988466
3111.46599999988465
3112.66399999988452
3115.94999999988416
3116.35899999988411
3116.4779999998841
3116.5009999998841
3116.5109999998841
3119.2009999998838
3119.39099999988378
3119.55299999988376
3124.00399999988327
3125.28399999988313
3137.70599999988176
3139.43099999988157
3141.15799999988138
3146.20899999988083
3146.75299999988077
3147.3159999998807
3162.94399999987898
3163.23999999987895
3163.91199999987888
3164.78799999987878
3165.04399999987875
3165.35099999987872
3165.5089999998787
3165.67199999987868
3165.83299999987867
3165.90699999987866
3165.98799999987865
3166.58599999987858
3166.71199999987857
3166.81799999987856
3167.04299999987853
3167.19799999987852
3167.26999999987851
3167.50199999987848
3167.68699999987846
3168.46999999987838
3170.14699999987819
3170.40199999987816
3170.55699999987815
3170.88799999987811
3171.26599999987807
3171.27599999987807
3171.44499999987805
3172.00499999987799
3172.04499999987798
3172.87899999987789
3176.00399999987755
3178.91899999987722
3183.92199999987667
3184.22099999987664
3198.2369999998751
3198.53899999987506
3198.86599999987503
3199.22999999987499
3199.40199999987497
3199.59499999987495
3200.32699999987487
3200.51699999987485
3200.67799999987483
3200.82399999987481
3201.36099999987475
3202.42199999987464
3204.07799999987445
3205.02599999987435
3205.15499999987434
3205.24599999987432
3205.25899999987432
3205.27799999987432
3205.4969999998743
3205.61699999987428
3206.00599999987424
3206.22499999987422
3206.3459999998742
3206.55899999987418
3206.93299999987414
3207.20399999987411
3207.51699999987407
3220.83899999987261
3221.34799999987255
3221.52099999987253
3221.66699999987252
3221.8569999998725
3222.16899999987246
3222.21899999987246
3222.53499999987242
3222.7639999998724
3223.17299999987235
3223.23799999987234
3379.10499999985518
3380.34199999985504
3380.97799999985497
3381.15599999985495
3381.6159999998549
3381.73899999985489
3381.86999999985487
3382.00399999985486
3382.11599999985485
3382.5729999998548
3382.81299999985477
3382.93499999985476
3383.07599999985474
3383.20599999985473
3383.32899999985471
3383.4459999998547
3383.57999999985468
3383.68699999985467
3383.81199999985466
3383.92999999985465
3384.03899999985463
3384.83199999985455
3384.96299999985453
3385.08099999985452
3385.19799999985451
3385.31799999985449
3385.43199999985448
3385.53999999985447
3385.97699999985442
3386.1239999998544
3386.24099999985439
3386.35699999985438
3386.51499999985436
3386.63199999985435
3386.75999999985433
3386.91399999985432
3387.0429999998543
3387.17199999985429
3388.12999999985418
3388.25899999985417
3388.39399999985415
3388.54499999985414
3388.68199999985412
3388.81999999985411
3389.05199999985408
3389.16799999985407
3389.33299999985405
3389.47699999985403
3389.61199999985402
3389.756999999854
3389.89499999985399
3390.03099999985397
3390.16099999985396
3390.28499999985395
3391.08799999985386
3391.23899999985384
3391.37599999985383
3391.50999999985381
3391.65699999985379
3391.77999999985378
3391.91799999985377
3392.05399999985375
3392.18599999985374
3392.31499999985372
3392.45999999985371
3392.61599999985369
3392.76199999985367
3392.88399999985366
3393.03699999985364
3393.18999999985363
3393.32899999985361
3393.4529999998536
3393.61599999985358
3393.76699999985356
3393.89699999985355
3394.03799999985353
3394.17499999985352
3394.3169999998535
3394.48399999985348
3394.62799999985347
3394.75999999985345
3394.91099999985344
3395.06599999985342
3395.2249999998534
3395.40799999985338
3395.53099999985337
3395.67399999985335
3395.83399999985333
3395.99599999985332
3396.1349999998533
3396.27999999985329
3396.49299999985326
3396.59399999985325
3396.77899999985323
3396.91299999985322
3397.0729999998532
3397.21899999985318
3397.37399999985317
3397.53499999985315
3397.71199999985313
3397.87899999985311
3398.08299999985309
3398.21999999985307
3398.38099999985305
3398.53499999985304
3398.92999999985299
3399.02999999985298
3399.18699999985297
3399.34199999985295
3399.70499999985291
3399.95599999985288
3400.13899999985286
3400.31499999985284
3400.50299999985282
3400.52999999985282
3400.6679999998528
3400.83499999985278
3400.99599999985277
3401.16599999985275
3401.33699999985273
3401.49199999985271
3401.64399999985269
3401.67699999985269
3402.11999999985264
3402.17899999985264
3402.32299999985262
3402.4939999998526
3402.64799999985258
3402.81099999985257
3402.84799999985256
3402.98799999985255
3403.03399999985254
3403.18799999985252
3403.30199999985251
3403.46099999985249
3403.60099999985248
3403.74999999985246
3403.91599999985244
3404.08199999985243
3404.25999999985241
3404.42099999985239
3404.61099999985237
3404.80199999985235
3405.2479999998523
3405.32199999985229
3405.40399999985228
3405.56499999985226
3405.72399999985225
3405.77599999985224
3405.88999999985223
3405.91599999985222
3405.94999999985222
3406.07999999985221
3406.21999999985219
3406.36899999985217
3406.52399999985216
3406.69799999985214
3406.84899999985212
3407.0079999998521
3407.19099999985208
3407.37199999985206
3407.57099999985204
3407.74199999985202
3407.913999999852
3408.13899999985198
3408.26099999985197
3408.34099999985196
3408.46799999985194
3408.58699999985193
3408.93299999985189
3409.18899999985186
3409.20999999985186
3409.34299999985185
3409.49499999985183
3409.65099999985181
3410.04799999985177
3410.26099999985175
3410.39899999985173
3410.58199999985171
3410.74599999985169
3410.93599999985167
3411.11799999985165
3411.27299999985163
3411.47899999985161
3411.66199999985159
3411.86899999985157
3412.02599999985155
3412.5109999998515
3412.63799999985148
3412.77599999985147
3413.00299999985144
3413.14899999985143
3413.29199999985141
3413.4459999998514
3413.48799999985139
3413.76699999985136
3413.93299999985134
3414.09899999985132
3414.2709999998513
3414.46899999985128
3414.68199999985126
3414.87399999985124
3415.09099999985121
3415.27799999985119
3415.44699999985117
3415.62499999985116
3416.1309999998511
3416.50699999985106
3416.68299999985104
3416.86699999985102
3417.035999999851
3417.27999999985097
3417.45999999985095
3417.65599999985093
3418.06399999985089
3418.21499999985087
3418.60399999985083
3419.19699999985076
3419.54599999985072
3419.85899999985069
3419.95999999985068
3420.11799999985066
3420.26699999985064
3420.41799999985063
3420.57899999985061
3420.73899999985059
3420.88899999985058
3421.05199999985056
3421.22699999985054
3421.43899999985051
3421.6099999998505
3421.81099999985047
3422.00799999985045
3422.19399999985043
3422.41199999985041
3422.60699999985039
3422.77899999985037
3422.94799999985035
3423.19399999985032
3423.4029999998503
3423.58199999985028
3423.75899999985026
3424.3159999998502
3424.49099999985018
3426.76599999984993
3427.0259999998499
3427.12099999984989
3427.35499999984986
3427.81799999984981
3428.12599999984978
3428.44199999984974
3428.99499999984968
3429.48099999984963
3430.02399999984957
3430.22399999984955
3430.41599999984953
3430.78099999984949
3431.12299999984945
3431.48999999984941
3431.65999999984939
3431.86199999984937
3431.91399999984936
3432.13699999984934
3432.20199999984933
3432.32599999984932
3432.4639999998493
3432.59899999984929
3432.84199999984926
3432.94399999984925
3433.22799999984922
3433.60399999984918
3433.73799999984916
3433.84899999984915
3436.22999999984889
3438.61299999984862
3438.76999999984861
3438.88999999984859
3439.22999999984856
3439.45899999984853
3439.59299999984852
3439.96499999984847
3440.10799999984846
3440.27899999984844
3441.93699999984826
3442.06499999984824
3445.23599999984789
3446.33799999984777
3446.49299999984776
3446.65699999984774
3451.96299999984715
3452.19299999984713
3452.53099999984709
3452.65699999984708
3452.79599999984706
3452.95699999984704
3453.03999999984703
3453.20399999984702
3453.339999999847
3453.378999999847
3453.390999999847
3453.40699999984699
3453.49899999984698
3453.63399999984697
3453.69699999984696
3453.70399999984696
3453.77799999984695
3454.85299999984683
3454.89799999984683
3454.96199999984682
3455.64699999984675
3455.71199999984674
3455.98899999984671
3456.12999999984669
3456.33399999984667
3456.48599999984665
3456.76599999984662
3457.28699999984657
3457.64199999984653
3457.79899999984651
3463.27999999984591
3467.66599999984542
3467.81099999984541
3468.02999999984538
3468.23199999984536
3468.83799999984529
3477.68399999984432
3477.79499999984431
3477.96099999984429
3478.54999999984422
3478.93499999984418
3479.08599999984417
3479.22099999984415
3479.48499999984412
3479.7059999998441
3479.7269999998441
3479.84999999984408
3480.00399999984406
3581.27099999983291
3581.97399999983283
3582.18699999983281
3582.33699999983279
3582.54799999983277
3582.72099999983275
3583.13999999983271
3584.0619999998326
3584.76299999983253
3585.12199999983249
3589.91999999983196
3598.40999999983102
3598.67699999983099
3598.81699999983098
3599.16599999983094
3599.83599999983087
3599.96999999983085
743
-3
53.3680000000000058
53.626000000000006
53.7350000000000061
53.8490000000000062
54.0660000000000064
54.2730000000000066
54.4240000000000067
54.5910000000000068
54.7110000000000069
54.8650000000000071
55.0120000000000072
55.1660000000000073
56.0330000000000081
56.1590000000000082
56.2990000000000084
56.4470000000000085
56.5950000000000086
56.7410000000000087
56.8940000000000089
57.059000000000009
57.2250000000000092
57.3910000000000093
58.18400000000001
58.3500000000000102
58.4670000000000103
58.5320000000000103
58.7050000000000105
58.8650000000000106
59.0440000000000108
59.1500000000000109
59.219000000000011
59.3940000000000111
59.5680000000000113
59.7280000000000114
59.9080000000000116
60.0680000000000117
60.1790000000000118
60.2610000000000119
60.367000000000012
60.431000000000012
60.5700000000000122
60.6670000000000122
60.7400000000000123
60.9300000000000125
61.2850000000000128
61.4300000000000129
61.7620000000000132
61.9500000000000134
62.3120000000000137
62.9750000000000143
63.7060000000000149
63.817000000000015
64.0140000000000152
64.2560000000000154
64.4140000000000156
64.6030000000000157
64.7200000000000158
64.8070000000000159
65.5100000000000165
65.6770000000000167
66.3920000000000173
66.4990000000000174
66.6660000000000176
66.7350000000000176
66.9120000000000178
67.0790000000000179
67.2680000000000181
67.6250000000000184
67.7520000000000185
68.0050000000000188
68.2110000000000189
68.7820000000000194
68.9750000000000196
69.1260000000000198
69.5030000000000201
69.6540000000000202
69.8150000000000204
69.9850000000000205
70.1510000000000207
70.3190000000000208
70.496000000000021
70.7740000000000212
70.8550000000000213
71.0270000000000214
71.4920000000000218
71.7660000000000221
72.0620000000000224
73.0670000000000232
73.2190000000000234
73.3110000000000235
73.3970000000000235
73.5680000000000237
74.0950000000000242
74.3320000000000244
74.5320000000000246
74.7520000000000247
74.8620000000000248
74.9240000000000249
75.029000000000025
75.1320000000000251
75.3010000000000252
75.4080000000000253
75.5120000000000254
77.0110000000000268
77.1220000000000268
77.3670000000000271
77.4470000000000271
77.7030000000000274
77.7810000000000274
78.1370000000000278
78.437000000000028
112.3030000000000581
112.4150000000000582
112.5140000000000583
112.7340000000000585
112.9220000000000586
113.4590000000000591
238.34800000000017
238.48400000000017
238.60700000000017
238.71600000000017
238.932000000000171
239.057000000000171
239.179000000000171
239.432000000000171
239.702000000000171
240.165000000000172
240.447000000000172
240.552000000000172
240.631000000000172
240.777000000000172
240.949000000000172
241.189000000000173
241.326000000000173
241.475000000000173
241.710000000000173
241.835000000000173
242.526000000000174
243.031000000000174
243.497000000000175
243.632000000000175
243.924000000000175
244.092000000000175
244.192000000000175
244.664000000000176
244.899000000000176
245.008000000000176
245.132000000000176
245.261000000000176
245.418000000000176
245.859000000000177
246.002000000000177
247.510000000000178
247.652000000000178
247.845000000000178
428.988000000000339
429.21000000000034
429.55300000000034
430.962000000000341
608.654000000000499
608.777000000000499
608.886000000000499
609.016000000000499
609.151000000000499
609.240000000000499
609.3500000000005
609.5930000000005
609.8670000000005
610.0340000000005
610.3480000000005
611.396000000000501
612.538000000000502
612.638000000000502
613.987000000000504
614.000000000000504
615.949000000000505
616.121000000000506
616.264000000000506
616.440000000000506
616.615000000000506
616.847000000000506
617.636000000000507
617.793000000000507
619.742000000000509
619.782000000000509
620.429000000000509
620.91600000000051
621.02500000000051
621.21200000000051
621.51100000000051
621.66300000000051
621.833000000000511
622.320000000000511
623.254000000000512
623.351000000000512
623.467000000000512
623.623000000000512
623.806000000000512
623.994000000000512
624.059000000000513
624.286000000000513
624.497000000000513
624.546000000000513
624.730000000000513
624.886000000000513
624.971000000000513
625.113000000000514
625.383000000000514
625.548000000000514
625.726000000000514
897.121000000000755
897.242000000000755
897.546000000000755
897.631000000000756
898.010000000000756
2255.00199999997898
2255.16199999997896
2255.26099999997895
2255.38399999997894
2255.7579999999789
2255.88699999997888
2256.03499999997887
2256.45899999997882
2256.6029999999788
2256.70699999997879
2256.78999999997878
2256.96999999997876
2257.07899999997875
2257.18699999997874
2257.68899999997868
2257.80199999997867
2258.14199999997863
2258.30799999997862
2258.58599999997858
2258.82999999997856
2258.95099999997854
2259.08699999997853
2259.23499999997851
2259.3659999999785
2259.52199999997848
2259.69199999997846
2260.2509999999784
2260.38699999997839
2260.54499999997837
2260.69799999997835
2260.84999999997834
2261.00799999997832
2261.1729999999783
2261.33499999997828
2261.49799999997826
2261.66599999997825
2261.81799999997823
2261.97499999997821
2262.12999999997819
2262.30199999997818
2262.47299999997816
2262.63599999997814
2262.79699999997812
2262.93699999997811
2263.10599999997809
2263.25899999997807
2263.43899999997805
2263.73799999997802
2263.910999999978
2264.10799999997798
2268.4599999999775
2268.60599999997748
2269.14999999997742
3254.77999999986887
3254.89599999986886
3255.00599999986884
3255.27099999986882
3255.48399999986879
3255.76499999986876
3255.90999999986874
3256.05599999986873
3256.19799999986871
3256.67499999986866
3256.78599999986865
3256.88199999986864
3257.17899999986861
3257.31599999986859
3257.47899999986857
3257.82099999986853
3257.89199999986853
3258.01799999986851
3258.39499999986847
3259.36899999986836
3259.72899999986832
3259.82799999986831
3259.9929999998683
3260.17099999986828
3260.34499999986826
3260.64799999986822
3260.8429999998682
3260.94699999986819
3261.27999999986815
3261.51799999986813
3261.7559999998681
3261.85999999986809
3261.97499999986808
3262.13199999986806
3262.45099999986802
3262.56899999986801
3262.79899999986799
3262.94299999986797
3263.06699999986796
3263.16999999986795
3263.28399999986793
3263.5369999998679
3263.74299999986788
3263.93299999986786
3264.05999999986785
3264.37299999986781
3264.5099999998678
3264.65599999986778
3268.30699999986738
3268.45399999986736
3268.61899999986735
3268.78399999986733
3268.93499999986731
3269.10299999986729
3269.9009999998672
3270.14199999986718
3270.28399999986716
3270.42899999986715
3270.53599999986713
3270.61799999986713
3270.76699999986711
3270.90699999986709
3271.05599999986708
3271.20899999986706
3271.36199999986704
3271.50899999986703
3271.66199999986701
3271.81499999986699
3271.96999999986698
3272.13199999986696
3272.30799999986694
3272.46399999986692
3273.00399999986686
3273.15699999986685
3273.31099999986683
3273.67799999986679
3273.82599999986677
3273.98799999986675
3274.22999999986673
3274.38299999986671
3274.55799999986669
3274.73199999986667
3274.90999999986665
3275.07199999986663
3275.23099999986662
3275.3789999998666
3275.57399999986658
3275.75599999986656
3275.94499999986654
3276.2709999998665
3276.59499999986647
3276.76899999986645
3277.2429999998664
3277.39699999986638
3277.71999999986634
3277.87899999986633
3278.03999999986631
3278.56999999986625
3278.72899999986623
3281.11999999986597
3281.26799999986595
3281.42099999986594
3281.58799999986592
3281.7589999998659
3281.93799999986588
3282.11399999986586
3282.28599999986584
3282.45699999986582
3282.6649999998658
3282.84499999986578
3283.01599999986576
3283.19399999986574
3283.37799999986572
3283.5539999998657
3284.07799999986564
3284.23599999986563
3284.40399999986561
3284.60999999986558
3285.15299999986552
3285.29199999986551
3285.45199999986549
3285.62199999986547
3285.80299999986545
3285.97399999986543
3286.16799999986541
3286.35799999986539
3286.54199999986537
3286.73799999986535
3286.91399999986533
3287.09699999986531
3287.27399999986529
3287.44899999986527
3287.64699999986525
3287.82999999986523
3288.02499999986521
3288.19899999986519
3288.37099999986517
3288.55099999986515
3288.79099999986512
3288.9829999998651
3289.16099999986508
3289.34199999986506
3289.51299999986504
3289.69799999986502
3290.03399999986499
3290.21299999986497
3290.39099999986495
3290.71599999986491
3290.8689999998649
3291.03799999986488
3291.23699999986485
3291.38299999986484
3291.57299999986482
3291.7509999998648
3291.92799999986478
3292.11199999986476
3292.6029999998647
3292.78599999986468
3292.95099999986467
3293.11999999986465
3293.28099999986463
3293.45999999986461
3293.65799999986459
3293.84899999986457
3294.02299999986455
3294.19099999986453
3294.36499999986451
3294.57999999986449
3294.77799999986446
3295.3189999998644
3295.47699999986439
3295.66399999986437
3295.83999999986435
3296.03099999986433
3296.45099999986428
3300.40199999986384
3301.18899999986376
3301.7089999998637
3301.86999999986368
3302.03699999986366
3302.20599999986365
3302.38599999986363
3303.01499999986356
3303.17999999986354
3303.34499999986352
3303.5059999998635
3303.73999999986348
3303.91099999986346
3304.09099999986344
3304.27699999986342
3304.4469999998634
3304.62999999986338
3304.81799999986336
3305.00399999986334
3305.18099999986332
3305.3699999998633
3305.54099999986328
3305.72799999986326
3305.93299999986324
3306.11199999986322
3306.30799999986319
3306.46399999986318
3306.64599999986316
3306.84099999986314
3311.6829999998626
3311.78799999986259
3311.95699999986257
3312.07999999986256
3312.23299999986254
3312.40299999986252
3312.50299999986251
3312.75899999986248
3313.07099999986245
3313.20099999986244
3313.35499999986242
3313.5129999998624
3313.68799999986238
3313.89499999986236
3314.08499999986234
3314.26099999986232
3314.4369999998623
3314.64999999986228
3314.85899999986225
3315.03699999986223
3315.21699999986221
3315.40099999986219
3315.63999999986217
3315.81199999986215
3315.99099999986213
3316.17599999986211
3316.35999999986209
3316.54299999986207
3316.72599999986205
3316.89999999986203
3317.07599999986201
3317.28199999986199
3317.45599999986197
3317.62299999986195
3317.80999999986193
3317.99199999986191
3318.18899999986189
3318.38499999986186
3318.57199999986184
3318.76999999986182
3319.06499999986179
3319.22699999986177
3319.38999999986175
3319.65899999986172
3320.03899999986168
3320.20399999986166
3320.37299999986165
3320.55199999986163
3320.72899999986161
3320.91199999986159
3321.09999999986157
3325.98299999986103
3326.253999999861
3326.38099999986098
3326.74699999986094
3326.88699999986093
3327.03799999986091
3327.19899999986089
3327.37899999986087
3327.55999999986085
3327.73199999986084
3327.90199999986082
3328.0759999998608
3328.25199999986078
3334.3709999998601
3334.66099999986007
3334.77899999986006
3335.60699999985997
3335.77199999985995
3338.78799999985962
3338.9229999998596
3339.06699999985959
3339.23599999985957
3339.80599999985951
3340.88999999985939
3342.91099999985916
3344.17799999985902
3344.33699999985901
3344.50399999985899
3345.41099999985889
3345.80199999985884
3346.02399999985882
3346.77699999985874
3347.0869999998587
3347.21199999985869
3347.35199999985867
3347.50799999985866
3347.66099999985864
3347.83399999985862
3347.9969999998586
3349.23599999985847
3349.60099999985843
3349.8379999998584
3352.42199999985812
3352.88199999985807
3353.465999999858
3353.94899999985795
3356.35399999985768
3357.41099999985757
3357.86399999985752
3359.28199999985736
3361.07299999985716
3361.32399999985714
3362.05499999985706
3362.23099999985704
3362.36399999985702
3364.19499999985682
3364.4069999998568
3364.78499999985675
3364.93099999985674
3366.91599999985652
3367.00799999985651
3367.43999999985646
3367.58399999985645
3367.73299999985643
3367.90399999985641
3368.07299999985639
3368.24499999985637
3368.41399999985635
3368.58499999985634
3368.75299999985632
3368.9189999998563
3369.12399999985628
3369.59499999985622
3369.7749999998562
3369.95499999985618
3370.12499999985617
3370.29299999985615
3370.46499999985613
3370.63199999985611
3370.82199999985609
3371.02899999985607
3371.21699999985605
3371.39499999985603
3371.53899999985601
3371.71999999985599
3371.89799999985597
3372.07499999985595
3372.26499999985593
3372.42899999985591
3372.59499999985589
3372.77099999985587
3489.47499999984302
3489.83299999984298
3490.06099999984296
3490.42899999984292
3490.52099999984291
3490.6149999998429
3490.74399999984288
3490.85299999984287
3491.06599999984285
3491.62699999984278
3492.63899999984267
3492.82599999984265
3493.05199999984263
3493.14099999984262
3493.19799999984261
3493.3489999998426
3493.47399999984258
3493.62299999984256
3493.77699999984255
3493.87099999984254
3493.94999999984253
3494.11599999984251
3494.29399999984249
3494.46899999984247
3494.66599999984245
3494.86599999984243
3495.41699999984237
3495.68499999984234
3495.83799999984232
3495.93499999984231
3496.0129999998423
3496.17799999984228
3496.38199999984226
3496.50699999984225
3497.02699999984219
3497.37299999984215
3497.53999999984213
3498.07399999984207
3498.20399999984206
3498.32299999984205
3498.43599999984203
3498.53899999984202
3498.69199999984201
3499.09699999984196
3499.24799999984195
3499.37199999984193
3499.6859999998419
3499.79999999984188
3499.90599999984187
3500.06599999984186
3500.19699999984184
3500.25799999984183
3500.38699999984182
3500.50099999984181
3500.6029999998418
3500.88899999984176
3500.96399999984176
3501.10299999984174
3501.22099999984173
3501.4419999998417
3501.56999999984169
3501.63199999984168
3501.70699999984167
3501.81199999984166
3502.15499999984163
3505.1519999998413
3505.33199999984128
3505.53599999984125
3505.66399999984124
3507.63999999984102
3508.26799999984095
3508.36499999984094
3508.45799999984093
3508.7179999998409
3550.92599999983625
3551.35599999983621
3551.74099999983616
3552.68599999983606
3553.94699999983592
3554.04499999983591
3554.79199999983583
3554.95899999983581
3555.32699999983577
3555.45899999983575
3555.60699999983574
3555.75599999983572
3555.9189999998357
3556.07899999983569
3556.24399999983567
3556.40499999983565
3556.56699999983563
3556.74299999983561
3556.92099999983559
3557.23199999983556
3557.39899999983554
3557.56799999983552
3557.85799999983549
3558.21899999983545
3558.44399999983543
3559.85599999983527
3560.08399999983524
3560.23999999983523
3560.39499999983521
3560.57599999983519
3560.73399999983517
3560.89899999983516
3561.09899999983513
3565.18199999983468
3565.39999999983466
3565.62799999983463
3565.81899999983461
3565.9469999998346
3566.34499999983456
3566.60999999983453
3566.90199999983449
3567.06299999983448
3567.30599999983445
3567.49099999983443
3567.65299999983441
3567.98299999983438
3568.13999999983436
3568.28199999983434
3573.62999999983375
3574.25099999983368
3574.44899999983366
3574.62299999983364
3574.84199999983362
3575.65799999983353
3576.04199999983349
-4
53.3800000000000058
53.651000000000006
53.7680000000000061
53.8800000000000062
54.1080000000000064
54.3350000000000066
54.4740000000000067
54.6230000000000069
54.781000000000007
54.9310000000000071
55.0760000000000073
55.2230000000000074
56.0830000000000082
56.2260000000000083
56.3700000000000084
56.5170000000000086
56.6660000000000087
56.8150000000000088
56.975000000000009
57.1450000000000091
57.3150000000000093
57.4720000000000094
58.2410000000000101
58.4340000000000102
58.4850000000000103
58.6210000000000104
58.7770000000000106
58.9450000000000107
59.1200000000000109
59.1740000000000109
59.319000000000011
59.4920000000000112
59.6480000000000113
59.8190000000000115
60.0210000000000117
60.1600000000000118
60.2130000000000118
60.345000000000012
60.427000000000012
60.5470000000000121
60.6590000000000122
60.7140000000000123
60.9090000000000124
61.1920000000000127
61.3610000000000128
61.7040000000000132
61.9470000000000134
62.2270000000000136
62.9350000000000142
63.0240000000000143
63.779000000000015
63.9660000000000152
64.2380000000000154
64.3450000000000155
64.5530000000000157
64.6880000000000158
64.7700000000000159
65.4700000000000165
65.6140000000000166
65.7260000000000167
66.4700000000000174
66.6560000000000176
66.7050000000000176
66.8720000000000178
67.0470000000000179
67.2390000000000181
67.5840000000000184
67.7400000000000185
67.9930000000000187
68.1670000000000189
68.7230000000000194
68.9170000000000196
69.1190000000000197
69.2210000000000198
69.5940000000000202
69.7550000000000203
69.9090000000000204
70.0630000000000206
70.3000000000000208
70.4680000000000209
70.7720000000000212
70.7830000000000212
70.9550000000000214
71.4900000000000218
71.675000000000022
71.8560000000000222
72.1600000000000224
73.1250000000000233
73.2940000000000234
73.3630000000000235
73.4820000000000236
73.6480000000000238
74.1550000000000242
74.4120000000000244
74.5670000000000246
74.8300000000000248
74.8730000000000249
75.002000000000025
75.045000000000025
75.2050000000000252
75.3820000000000253
75.4630000000000254
75.6300000000000255
77.0390000000000268
77.1460000000000269
77.4130000000000271
77.6870000000000274
77.7350000000000274
77.8290000000000275
78.2290000000000278
78.5140000000000281
112.3320000000000581
112.4620000000000582
112.5660000000000583
112.8570000000000586
112.9800000000000587
113.5170000000000592
238.41600000000017
238.53200000000017
238.64300000000017
238.75100000000017
238.987000000000171
239.125000000000171
239.300000000000171
239.624000000000171
240.040000000000172
240.408000000000172
240.524000000000172
240.612000000000172
240.735000000000172
240.926000000000172
241.109000000000173
241.242000000000173
241.437000000000173
241.576000000000173
241.739000000000173
241.929000000000173
242.601000000000174
243.078000000000174
243.549000000000175
243.696000000000175
243.995000000000175
244.119000000000175
244.259000000000175
244.700000000000176
244.937000000000176
245.033000000000176
245.189000000000176
245.315000000000176
245.468000000000176
245.920000000000177
246.058000000000177
247.567000000000178
247.726000000000178
247.903000000000179
429.035000000000339
429.33700000000034
429.67000000000034
431.026000000000341
608.696000000000499
608.824000000000499
608.942000000000499
609.080000000000499
609.195000000000499
609.290000000000499
609.3980000000005
609.8200000000005
609.9860000000005
610.0590000000005
610.4100000000005
611.472000000000501
612.608000000000502
612.687000000000502
613.998000000000504
614.267000000000504
615.991000000000505
616.159000000000506
616.334000000000506
616.504000000000506
616.672000000000506
616.884000000000506
617.681000000000507
617.823000000000507
619.775000000000509
619.972000000000509
620.509000000000509
620.93300000000051
621.11400000000051
621.30800000000051
621.56800000000051
621.73600000000051
621.944000000000511
622.391000000000511
623.330000000000512
623.421000000000512
623.540000000000512
623.717000000000512
623.982000000000512
624.011000000000513
624.265000000000513
624.368000000000513
624.518000000000513
624.651000000000513
624.788000000000513
624.951000000000513
624.994000000000513
625.154000000000514
625.454000000000514
625.613000000000514
625.764000000000514
897.188000000000755
897.481000000000755
897.581000000000756
897.806000000000756
898.058000000000756
2255.02099999997898
2255.19599999997896
2255.31799999997894
2255.43899999997893
2255.81499999997889
2255.94099999997888
2256.08099999997886
2256.50199999997881
2256.6259999999788
2256.72899999997879
2256.91599999997877
2257.02999999997876
2257.13399999997874
2257.29399999997873
2257.76799999997867
2257.88799999997866
2258.21999999997862
2258.4139999999786
2258.62199999997858
2258.87399999997855
2258.99799999997854
2259.14099999997852
2259.28199999997851
2259.42699999997849
2259.60199999997847
2259.78499999997845
2260.2919999999784
2260.45099999997838
2260.60499999997836
2260.76199999997834
2260.95299999997832
2261.11499999997831
2261.27399999997829
2261.40799999997827
2261.57699999997826
2261.73799999997824
2261.90499999997822
2262.0349999999782
2262.19499999997819
2262.39299999997817
2262.55199999997815
2262.69099999997813
2262.84699999997812
2263.0029999999781
2263.17899999997808
2263.33399999997806
2263.48999999997804
2263.78999999997801
2263.95799999997799
2264.13299999997797
2268.51499999997749
2268.69699999997747
2269.16599999997742
3254.81899999986887
3254.92899999986885
3255.04299999986884
3255.29699999986881
3255.53499999986879
3255.81399999986876
3255.95999999986874
3256.09899999986872
3256.25699999986871
3256.70199999986866
3256.81499999986865
3256.92999999986863
3257.2289999998686
3257.38399999986858
3257.55399999986856
3257.85799999986853
3257.95699999986852
3258.07399999986851
3258.42799999986847
3259.46399999986835
3259.74199999986832
3259.9059999998683
3260.06999999986829
3260.23899999986827
3260.38999999986825
3260.73199999986821
3260.8979999998682
3261.00399999986818
3261.39099999986814
3261.69699999986811
3261.8029999998681
3261.94899999986808
3262.04499999986807
3262.14199999986806
3262.51299999986802
3262.61299999986801
3262.85099999986798
3262.98199999986797
3263.11499999986795
3263.21599999986794
3263.39699999986792
3263.6159999998679
3263.82299999986787
3264.04999999986785
3264.10199999986784
3264.41499999986781
3264.56199999986779
3264.72999999986777
3268.35999999986737
3268.51099999986736
3268.68099999986734
3268.85199999986732
3268.9939999998673
3269.17599999986728
3269.9459999998672
3270.18999999986717
3270.33799999986716
3270.49399999986714
3270.55099999986713
3270.67799999986712
3270.8359999998671
3270.98099999986709
3271.15399999986707
3271.27499999986705
3271.44999999986703
3271.57899999986702
3271.744999999867
3271.88799999986699
3272.04499999986697
3272.20699999986695
3272.38399999986693
3272.52499999986692
3273.07299999986686
3273.21799999986684
3273.36899999986682
3273.74199999986678
3273.89499999986676
3274.06299999986675
3274.29899999986672
3274.4559999998667
3274.63799999986668
3274.83199999986666
3274.98899999986664
3275.12999999986663
3275.28699999986661
3275.44899999986659
3275.64699999986657
3275.84099999986655
3276.01899999986653
3276.3129999998665
3276.65999999986646
3276.82699999986644
3277.29399999986639
3277.44499999986637
3277.76399999986634
3277.93599999986632
3278.1169999998663
3278.59599999986625
3278.76799999986623
3281.18899999986596
3281.34099999986594
3281.49899999986593
3281.65999999986591
3281.85199999986589
3282.01299999986587
3282.19399999986585
3282.35399999986583
3282.55699999986581
3282.75199999986579
3282.91699999986577
3283.09499999986575
3283.27899999986573
3283.45199999986571
3283.63699999986569
3284.14499999986564
3284.31099999986562
3284.4819999998656
3284.67299999986558
3285.21499999986552
3285.3579999998655
3285.52599999986548
3285.70999999986546
3285.88699999986544
3286.04899999986543
3286.2619999998654
3286.45199999986538
3286.64799999986536
3286.81699999986534
3287.00299999986532
3287.1929999998653
3287.35199999986528
3287.52599999986526
3287.72499999986524
3287.94299999986522
3288.1139999998652
3288.28099999986518
3288.46199999986516
3288.68299999986514
3288.90099999986511
3289.06299999986509
3289.23399999986508
3289.40599999986506
3289.58699999986504
3289.75599999986502
3290.11599999986498
3290.31099999986496
3290.46099999986494
3290.7919999998649
3290.94499999986489
3291.11799999986487
3291.26299999986485
3291.47499999986483
3291.66399999986481
3291.82999999986479
3292.02399999986477
3292.19699999986475
3292.68799999986469
3292.86099999986468
3293.02699999986466
3293.21399999986464
3293.36199999986462
3293.5689999998646
3293.76099999986458
3293.93599999986456
3294.10299999986454
3294.25699999986452
3294.4459999998645
3294.67299999986448
3294.82199999986446
3295.3839999998644
3295.58999999986438
3295.74999999986436
3295.94299999986434
3296.15099999986431
3296.49599999986428
3300.47799999986384
3301.27099999986375
3301.77999999986369
3301.95099999986367
3302.10999999986366
3302.27099999986364
3302.43899999986362
3303.10399999986355
3303.25299999986353
3303.40499999986351
3303.59799999986349
3303.82399999986347
3303.99899999986345
3304.18099999986343
3304.36599999986341
3304.53999999986339
3304.73199999986337
3304.92899999986335
3305.09299999986333
3305.25599999986331
3305.46499999986329
3305.62399999986327
3305.81799999986325
3306.01699999986323
3306.19499999986321
3306.34599999986319
3306.54299999986317
3306.74899999986315
3306.90899999986313
3311.7199999998626
3311.87699999986258
3312.02399999986256
3312.13799999986255
3312.36999999986253
3312.45799999986252
3312.67999999986249
3312.82199999986248
3313.12699999986244
3313.26699999986243
3313.42699999986241
3313.59899999986239
3313.79299999986237
3313.98599999986235
3314.17499999986233
3314.35399999986231
3314.52299999986229
3314.75399999986226
3314.96099999986224
3315.11999999986222
3315.3029999998622
3315.48099999986218
3315.73799999986216
3315.90099999986214
3316.08099999986212
3316.2589999998621
3316.44399999986208
3316.65899999986205
3316.80299999986204
3316.97099999986202
3317.153999999862
3317.38699999986197
3317.52599999986196
3317.69299999986194
3317.89299999986192
3318.0809999998619
3318.30999999986187
3318.47299999986186
3318.68599999986183
3318.88999999986181
3319.12199999986178
3319.29399999986176
3319.42399999986175
3319.72299999986172
3320.12199999986167
3320.30199999986165
3320.45999999986164
3320.64299999986162
3320.8069999998616
3320.98799999986158
3321.14499999986156
3326.03899999986102
3326.28799999986099
3326.45099999986098
3326.81699999986094
3326.95399999986092
3327.1159999998609
3327.28699999986088
3327.45699999986087
3327.67499999986084
3327.80999999986083
3328.0049999998608
3328.16399999986079
3328.33699999986077
3334.52699999986009
3334.74499999986006
3334.79799999986006
3335.72099999985996
3335.82899999985994
3338.82799999985961
3338.9809999998596
3339.14999999985958
3339.32499999985956
3339.8389999998595
3340.96999999985938
3342.98499999985916
3344.22799999985902
3344.401999999859
3344.57599999985898
3345.43999999985888
3345.83999999985884
3346.04099999985882
3346.86699999985873
3347.1199999998587
3347.27399999985868
3347.41899999985867
3347.58099999985865
3347.75199999985863
3347.91499999985861
3348.08599999985859
3349.30599999985846
3349.64399999985842
3349.90099999985839
3352.46799999985811
3352.99599999985805
3353.54099999985799
3354.26599999985791
3356.36099999985768
3357.49599999985756
3357.9739999998575
3359.8069999998573
3361.13699999985716
3361.36799999985713
3362.11899999985705
3362.25199999985703
3362.44099999985701
3364.3949999998568
3364.59899999985678
3364.85799999985675
3365.00099999985673
3366.94599999985652
3367.0809999998565
3367.50499999985645
3367.63299999985644
3367.81799999985642
3367.9849999998564
3368.16199999985638
3368.34799999985636
3368.49999999985634
3368.69099999985632
3368.85999999985631
3368.99299999985629
3369.16499999985627
3369.67399999985622
3369.8649999998562
3370.03799999985618
3370.19999999985616
3370.37199999985614
3370.56499999985612
3370.7229999998561
3370.92499999985608
3371.13299999985606
3371.30299999985604
3371.46199999985602
3371.644999999856
3371.80799999985598
3371.97899999985596
3372.17099999985594
3372.34299999985592
3372.5029999998559
3372.66299999985589
3372.83599999985587
3489.49899999984302
3489.87699999984298
3490.10999999984295
3490.45599999984291
3490.5699999998429
3490.66899999984289
3490.78199999984288
3491.00899999984285
3491.11399999984284
3491.67399999984278
3492.67599999984267
3492.91799999984264
3493.11099999984262
3493.15899999984262
3493.25399999984261
3493.39899999984259
3493.53999999984257
3493.69499999984256
3493.85299999984254
3493.87999999984254
3494.02899999984252
3494.2009999998425
3494.38299999984248
3494.61299999984246
3494.77499999984244
3494.93599999984242
3495.46099999984236
3495.73699999984233
3495.91199999984231
3495.97399999984231
3496.17199999984228
3496.34099999984227
3496.49199999984225
3497.01899999984219
3497.20999999984217
3497.45899999984214
3497.60699999984213
3498.16199999984206
3498.27699999984205
3498.38599999984204
3498.48599999984203
3498.59899999984202
3499.08099999984196
3499.14799999984196
3499.28699999984194
3499.6409999998419
3499.77299999984189
3499.89699999984187
3499.95599999984187
3500.11999999984185
3500.22799999984184
3500.30599999984183
3500.44999999984181
3500.5569999998418
3500.71099999984178
3500.90799999984176
3501.01199999984175
3501.12399999984174
3501.26399999984172
3501.52699999984169
3501.61399999984168
3501.70399999984167
3501.74999999984167
3501.84599999984166
3502.21699999984162
3505.20399999984129
3505.35799999984127
3505.60699999984124
3505.71099999984123
3507.801999999841
3508.34999999984094
3508.36999999984094
3508.59099999984092
3508.80999999984089
3550.98499999983625
3551.69399999983617
3551.80299999983616
3552.74899999983605
3553.98799999983592
3554.1069999998359
3554.87799999983582
3554.98799999983581
3555.38899999983576
3555.53199999983575
3555.70199999983573
3555.89999999983571
3556.02999999983569
3556.17299999983568
3556.32799999983566
3556.51799999983564
3556.69099999983562
3556.8319999998356
3556.96899999983559
3557.29099999983555
3557.47799999983553
3557.63299999983552
3557.93199999983548
3558.26399999983545
3558.49199999983542
3559.98799999983526
3560.15299999983524
3560.30699999983522
3560.4889999998352
3560.66099999983518
3560.80499999983517
3561.02699999983514
3561.16299999983513
3565.24399999983468
3565.48199999983465
3565.68399999983463
3565.88299999983461
3566.25399999983457
3566.46899999983454
3566.68199999983452
3567.01199999983448
3567.24099999983446
3567.42299999983444
3567.55999999983442
3567.7599999998344
3568.04999999983437
3568.17799999983435
3568.34799999983434
3573.64299999983375
3574.37599999983367
3574.55299999983365
3574.76099999983363
3574.94299999983361
3575.70499999983352
3576.10199999983348
1
0
0
0
0
0
0
0
0
0
0
0
0
3600.00099999983085
0
0
0
0
0
0
