8
11
19
8
11
19
IPPneo1.13
sacch1
0
1
12
21
05
13
22
46
22
4
.3
1
546
546
1
946
946
1
1
1
1
1
1
1
1
1
1
1
1
1
1
1
1
1
1
1
1
545
-1
2.35900000000000004
2.51100000000000004
2.64800000000000004
2.80100000000000005
2.91600000000000005
3.25400000000000006
90.6820000000000389
90.9930000000000392
91.2130000000000394
91.2880000000000394
91.5950000000000397
91.7580000000000398
93.055000000000041
93.2710000000000412
93.3420000000000413
93.4630000000000414
93.7720000000000416
94.0670000000000419
94.190000000000042
205.443000000000141
205.528000000000141
317.47200000000024
323.967000000000246
404.874000000000318
405.282000000000318
405.467000000000318
405.915000000000319
406.73800000000032
406.84500000000032
406.97100000000032
407.06500000000032
407.18500000000032
407.30800000000032
407.39300000000032
407.51100000000032
407.62100000000032
407.74800000000032
407.889000000000321
407.992000000000321
409.123000000000322
409.288000000000322
409.983000000000322
410.968000000000323
411.078000000000323
411.715000000000324
412.497000000000325
412.750000000000325
417.719000000000329
418.00900000000033
418.11700000000033
418.19600000000033
418.25100000000033
419.653000000000331
420.057000000000331
423.401000000000334
424.079000000000335
424.552000000000335
424.895000000000336
425.018000000000336
425.140000000000336
425.491000000000336
425.817000000000337
426.127000000000337
426.355000000000337
432.342000000000342
433.102000000000343
433.671000000000344
433.755000000000344
434.935000000000345
435.346000000000345
435.801000000000345
436.083000000000346
461.035000000000368
461.127000000000368
461.404000000000368
461.471000000000368
492.232000000000396
494.493000000000398
495.574000000000398
495.777000000000399
496.108000000000399
496.561000000000399
497.2940000000004
497.7360000000004
499.321000000000402
499.645000000000402
499.858000000000402
500.296000000000403
500.392000000000403
500.630000000000403
980.041000000000829
980.210000000000829
980.318000000000829
980.512000000000829
982.602000000000831
982.767000000000831
982.902000000000831
983.205000000000832
983.342000000000832
983.480000000000832
983.633000000000832
988.833000000000837
988.966000000000837
989.107000000000837
989.258000000000837
989.555000000000837
989.699000000000837
989.825000000000837
989.985000000000838
990.139000000000838
990.304000000000838
991.050000000000838
991.194000000000839
991.353000000000839
991.503000000000839
991.669000000000839
991.841000000000839
992.88200000000084
993.03200000000084
993.16000000000084
993.313000000000841
993.432000000000841
993.848000000000841
994.016000000000841
994.183000000000841
994.307000000000841
994.491000000000842
995.580000000000843
995.715000000000843
995.871000000000843
996.029000000000843
996.197000000000843
996.306000000000843
996.500000000000843
996.667000000000844
998.186000000000845
998.325000000000845
998.495000000000845
998.615000000000845
998.785000000000845
998.960000000000846
999.076000000000846
999.271000000000846
1000.599000000000847
1000.749000000000847
1000.916000000000847
1001.088000000000848
1001.255000000000848
1001.373000000000848
1002.601000000000849
1002.747000000000849
1002.923000000000849
1003.094000000000849
1003.64100000000085
1003.83500000000085
1003.99500000000085
1004.24200000000085
1004.43000000000085
1004.613000000000851
1004.790000000000851
1004.964000000000851
1007.723000000000853
1007.853000000000854
1008.009000000000854
1008.167000000000854
1008.344000000000854
1008.514000000000854
1008.662000000000854
1008.797000000000854
1019.595000000000864
1019.736000000000864
1019.871000000000864
1020.026000000000864
1020.172000000000864
1020.331000000000864
1020.496000000000865
1020.665000000000865
1020.780000000000865
1099.59000000000093
1099.71800000000094
1099.85400000000094
1099.99800000000094
1100.27300000000094
1376.36200000000118
1377.68400000000118
1377.84500000000118
1378.16700000000118
1378.30300000000118
1378.71100000000118
1378.85900000000118
1379.00800000000118
1379.16700000000118
1379.31600000000118
1379.48100000000118
1379.75700000000118
1379.90100000000118
1380.04700000000118
1380.19200000000118
1380.36800000000118
1380.54400000000118
1380.70400000000118
1381.62800000000119
1381.79000000000119
1382.53700000000119
1382.67200000000119
1382.83300000000119
1382.99400000000119
1383.15000000000119
1383.32100000000119
1383.49100000000119
1383.66100000000119
1383.83600000000119
1384.01700000000119
1384.19300000000119
1384.37400000000119
1384.53900000000119
1384.67900000000119
1384.86800000000119
1385.05900000000119
1385.23400000000119
1385.40800000000119
1387.06700000000119
1387.20600000000119
1387.35300000000119
1387.52700000000119
1387.84000000000119
1387.99300000000119
1388.15100000000119
1388.32300000000119
1388.48300000000119
1388.65400000000119
1388.80600000000119
1388.96500000000119
1389.13000000000119
1389.30900000000119
1389.44200000000119
1389.61000000000119
1391.74900000000119
1391.89900000000119
1392.05700000000119
1392.22800000000119
1392.39200000000119
1392.5600000000012
1392.7280000000012
1392.9040000000012
1393.0780000000012
1393.2610000000012
1393.4470000000012
1393.6280000000012
1393.8090000000012
1394.0020000000012
1394.1970000000012
1394.3870000000012
1395.3490000000012
1395.5010000000012
1395.6640000000012
1395.8440000000012
1396.0300000000012
1396.4230000000012
1397.2750000000012
1397.4460000000012
1397.6350000000012
1397.8450000000012
1398.0300000000012
1398.2030000000012
1398.3840000000012
1398.5820000000012
1398.7740000000012
1399.4560000000012
1399.6090000000012
1399.7720000000012
1399.9580000000012
1400.1520000000012
1400.3410000000012
1400.5230000000012
1400.7040000000012
1400.8920000000012
1401.0960000000012
1401.3330000000012
1401.5350000000012
1401.7180000000012
1401.9000000000012
1402.1130000000012
1402.3510000000012
1403.5010000000012
1403.6650000000012
1404.65100000000121
1404.92600000000121
1405.07900000000121
1405.25000000000121
1405.43600000000121
1405.62500000000121
1405.85100000000121
1406.04500000000121
1406.25100000000121
1406.45100000000121
1406.65300000000121
1406.89300000000121
1407.11800000000121
1407.31400000000121
1407.51500000000121
1407.75600000000121
1407.97000000000121
1408.18200000000121
1408.95600000000121
1409.60200000000121
1409.77500000000121
1409.94200000000121
1410.51300000000121
1410.67000000000121
1410.85600000000121
1411.06500000000121
1411.27400000000121
1411.85900000000121
1412.00100000000121
1412.23500000000121
1412.33900000000121
1412.62700000000121
1413.31900000000121
1413.47500000000121
1413.64600000000121
1413.82700000000121
1414.04100000000121
1414.24600000000121
1414.39300000000121
1417.27200000000122
1417.41800000000122
1417.52900000000122
1417.72100000000122
1417.87700000000122
1421.31800000000122
1421.45800000000122
1421.60900000000122
1421.78800000000122
1422.25300000000122
1422.62000000000122
1422.89500000000122
1423.07700000000122
1423.27600000000122
1423.45200000000122
1423.61000000000122
1423.63900000000122
1425.31800000000122
1425.46200000000122
1426.25200000000123
1426.39200000000123
1426.49300000000123
1431.73800000000123
1431.89500000000123
1432.03700000000123
1432.29200000000123
1432.46800000000123
1433.11200000000123
1433.25000000000123
1433.37500000000123
1433.48000000000123
1433.57600000000123
1671.56000000000144
1671.71600000000144
1671.86900000000144
1672.25100000000144
1672.41100000000144
1672.63400000000144
1672.78900000000144
1672.95500000000144
1673.11700000000144
1673.72600000000144
1673.93800000000144
1674.08900000000145
1674.26100000000145
1674.46200000000145
1674.64200000000145
1675.66700000000145
1675.80500000000145
1675.98900000000145
1676.17400000000145
1678.16100000000145
1679.14400000000145
1679.35200000000145
1679.46500000000145
1680.14200000000145
1680.86400000000145
1681.02100000000145
1681.82100000000145
1681.97200000000145
1682.13200000000145
1692.04000000000146
1692.13800000000146
2250.72199999997945
2250.86299999997944
2251.03999999997942
2251.50799999997936
2251.66099999997935
2256.6259999999788
2256.77599999997878
2262.63799999997814
2580.12099999994317
2580.40299999994314
2581.12299999994306
2581.27199999994305
2581.42199999994303
2581.710999999943
2581.87899999994298
2582.16399999994295
2582.44899999994292
2582.76199999994288
2583.12399999994284
2583.31499999994282
2583.4919999999428
2583.72299999994278
2583.89399999994276
2584.05899999994274
2584.19199999994272
2584.32099999994271
2584.49899999994269
2584.63899999994268
2585.73099999994255
2585.87799999994254
2586.05499999994252
2586.2219999999425
2586.38699999994248
2586.56499999994246
2588.0899999999423
2588.23599999994228
2588.40999999994226
2588.59399999994224
2588.76899999994222
2588.9519999999422
2589.14399999994218
2590.33899999994205
2590.48299999994203
2590.65999999994201
2590.85699999994199
2591.02399999994197
2591.21699999994195
2591.40499999994193
2591.6489999999419
2591.88399999994188
2594.18999999994162
2594.34299999994161
2594.52099999994159
2594.70299999994157
2594.87699999994155
2595.05599999994153
2595.19599999994151
2595.36399999994149
2595.64099999994146
2595.81299999994144
2596.01599999994142
2596.2049999999414
2596.34899999994139
2596.54699999994136
2598.9059999999411
2599.04699999994109
2599.21599999994107
2599.38799999994105
2599.57699999994103
2599.90099999994099
2600.05799999994098
2600.25899999994095
2600.42899999994094
2600.62599999994091
2600.80899999994089
2601.11499999994086
2601.30999999994084
2601.49899999994082
2601.7069999999408
2603.76399999994057
2603.89999999994055
2604.07499999994053
2604.23899999994052
2604.4049999999405
2604.56699999994048
2604.75099999994046
2605.05399999994043
2605.19299999994041
2605.40699999994039
2607.58199999994015
2607.72499999994013
2607.88499999994011
2608.0229999999401
2608.19799999994008
2608.37999999994006
2608.55399999994004
2608.73799999994002
2608.92499999994
2609.13599999993998
2609.32299999993996
2610.56599999993982
2610.7229999999398
2610.89999999993978
2611.07699999993976
2611.25099999993974
2611.45599999993972
2611.6589999999397
2611.85299999993968
2612.04599999993966
2612.27299999993963
2613.94399999993945
2614.10699999993943
2614.27099999993941
2614.45599999993939
2614.63399999993937
2614.93699999993934
2615.15199999993931
2616.07399999993921
2616.2259999999392
2617.16899999993909
2617.33699999993907
2632.07199999993745
2632.19699999993744
2632.36399999993742
2632.5479999999374
2632.71499999993738
2632.88599999993736
2633.11299999993734
2633.52099999993729
2638.24299999993677
2638.36899999993676
2638.52199999993674
2638.68499999993672
2638.82899999993671
2638.97199999993669
2639.14199999993667
2639.32099999993665
2639.53199999993663
2639.72999999993661
2639.91799999993659
2640.51299999993652
2640.64799999993651
2640.79699999993649
2640.97499999993647
2641.13999999993645
2641.32299999993643
2641.6209999999364
2641.81299999993638
2642.03999999993635
2642.17499999993634
2642.32399999993632
2642.61999999993629
2643.13299999993623
2643.29899999993621
2645.01999999993602
2645.15599999993601
2645.31099999993599
-2
2.44000000000000004
2.58700000000000004
2.73500000000000004
2.86400000000000005
2.98500000000000005
3.31200000000000006
90.764000000000039
91.0050000000000392
91.2320000000000394
91.5650000000000397
91.7110000000000398
91.97600000000004
93.2160000000000411
93.2880000000000412
93.4060000000000413
93.7430000000000416
94.0140000000000419
94.169000000000042
94.2920000000000421
205.463000000000141
205.706000000000141
317.58600000000024
324.045000000000246
405.013000000000318
405.312000000000318
405.646000000000319
405.959000000000319
406.78500000000032
406.89300000000032
407.01900000000032
407.10600000000032
407.22500000000032
407.32900000000032
407.44200000000032
407.55200000000032
407.67500000000032
407.843000000000321
407.964000000000321
408.947000000000322
409.194000000000322
409.311000000000322
410.019000000000323
410.993000000000323
411.270000000000324
411.982000000000324
412.639000000000325
412.878000000000325
417.844000000000329
418.10800000000033
418.13400000000033
418.22300000000033
418.29900000000033
419.917000000000331
420.151000000000332
423.438000000000334
424.159000000000335
424.643000000000336
424.947000000000336
425.079000000000336
425.225000000000336
425.515000000000336
425.824000000000337
426.218000000000337
426.379000000000337
432.504000000000342
433.118000000000343
433.721000000000344
433.876000000000344
435.233000000000345
435.425000000000345
436.044000000000346
436.202000000000346
461.058000000000368
461.203000000000368
461.413000000000368
461.570000000000368
492.263000000000396
494.517000000000398
495.649000000000399
495.877000000000399
496.202000000000399
497.1420000000004
497.6250000000004
499.249000000000402
499.420000000000402
499.801000000000402
500.230000000000403
500.342000000000403
500.497000000000403
500.783000000000403
980.103000000000829
980.235000000000829
980.396000000000829
980.553000000000829
982.659000000000831
982.818000000000831
982.971000000000831
983.250000000000832
983.396000000000832
983.546000000000832
983.696000000000832
988.886000000000837
989.029000000000837
989.180000000000837
989.322000000000837
989.614000000000837
989.741000000000837
989.902000000000838
990.051000000000838
990.213000000000838
990.350000000000838
991.118000000000839
991.267000000000839
991.419000000000839
991.580000000000839
991.750000000000839
991.888000000000839
992.94200000000084
993.07600000000084
993.22100000000084
993.340000000000841
993.525000000000841
993.925000000000841
994.084000000000841
994.217000000000841
994.394000000000842
994.507000000000842
995.633000000000843
995.785000000000843
995.938000000000843
996.083000000000843
996.211000000000843
996.399000000000843
996.569000000000843
996.733000000000844
998.238000000000845
998.401000000000845
998.525000000000845
998.690000000000845
998.864000000000846
998.979000000000846
999.173000000000846
999.352000000000846
1000.666000000000847
1000.829000000000847
1000.997000000000847
1001.142000000000848
1001.278000000000848
1001.465000000000848
1002.667000000000849
1002.833000000000849
1003.000000000000849
1003.172000000000849
1003.73700000000085
1003.89500000000085
1004.01900000000085
1004.33100000000085
1004.51400000000085
1004.694000000000851
1004.856000000000851
1004.984000000000851
1007.772000000000853
1007.923000000000854
1008.082000000000854
1008.246000000000854
1008.421000000000854
1008.571000000000854
1008.710000000000854
1008.878000000000854
1019.650000000000864
1019.794000000000864
1019.945000000000864
1020.094000000000864
1020.252000000000864
1020.419000000000865
1020.584000000000865
1020.696000000000865
1020.874000000000865
1099.64900000000094
1099.78100000000094
1099.92000000000094
1100.07000000000094
1100.33700000000094
1376.49400000000118
1377.75300000000118
1377.91300000000118
1378.21200000000118
1378.36300000000118
1378.77200000000118
1378.92000000000118
1379.06900000000118
1379.22700000000118
1379.39000000000118
1379.52100000000118
1379.81800000000118
1379.96000000000118
1380.10900000000118
1380.28200000000118
1380.44000000000118
1380.60500000000118
1380.76300000000118
1381.68300000000119
1381.83300000000119
1382.59300000000119
1382.74500000000119
1382.90500000000119
1383.05800000000119
1383.22700000000119
1383.39400000000119
1383.56500000000119
1383.74000000000119
1383.91800000000119
1384.11400000000119
1384.27800000000119
1384.44100000000119
1384.58300000000119
1384.77200000000119
1384.94600000000119
1385.14000000000119
1385.31100000000119
1385.50900000000119
1387.12400000000119
1387.26700000000119
1387.42200000000119
1387.60300000000119
1387.89800000000119
1388.06200000000119
1388.22900000000119
1388.39000000000119
1388.55400000000119
1388.70300000000119
1388.86800000000119
1388.99700000000119
1389.20800000000119
1389.34500000000119
1389.51200000000119
1389.64500000000119
1391.82000000000119
1391.97300000000119
1392.13800000000119
1392.30100000000119
1392.4690000000012
1392.6340000000012
1392.8110000000012
1392.9840000000012
1393.1670000000012
1393.3490000000012
1393.5310000000012
1393.7090000000012
1393.8920000000012
1394.0910000000012
1394.2840000000012
1394.4740000000012
1395.4150000000012
1395.5680000000012
1395.7480000000012
1395.9200000000012
1396.1140000000012
1396.4910000000012
1397.3520000000012
1397.5250000000012
1397.7180000000012
1397.9310000000012
1398.1040000000012
1398.2820000000012
1398.4720000000012
1398.6540000000012
1398.8420000000012
1399.5200000000012
1399.6800000000012
1399.8580000000012
1400.0430000000012
1400.2230000000012
1400.4220000000012
1400.6050000000012
1400.7910000000012
1400.9630000000012
1401.1900000000012
1401.4280000000012
1401.6130000000012
1401.7800000000012
1401.9760000000012
1402.2020000000012
1402.4330000000012
1403.5740000000012
1403.7390000000012
1404.68400000000121
1405.00000000000121
1405.16400000000121
1405.33900000000121
1405.52200000000121
1405.73000000000121
1405.94700000000121
1406.13800000000121
1406.33800000000121
1406.55000000000121
1406.75300000000121
1406.99300000000121
1407.20800000000121
1407.41400000000121
1407.61000000000121
1407.85500000000121
1408.07100000000121
1408.29100000000121
1409.02200000000121
1409.66500000000121
1409.85500000000121
1410.00400000000121
1410.58300000000121
1410.76000000000121
1410.94900000000121
1411.16800000000121
1411.37200000000121
1411.90400000000121
1412.08500000000121
1412.30800000000121
1412.36800000000121
1412.69500000000121
1413.38400000000121
1413.55900000000121
1413.73500000000121
1413.92200000000121
1414.14600000000121
1414.27400000000121
1414.46900000000121
1417.32500000000122
1417.48000000000122
1417.56800000000122
1417.77900000000122
1417.90600000000122
1421.38300000000122
1421.52800000000122
1421.68600000000122
1421.87300000000122
1422.31300000000122
1422.69500000000122
1422.94500000000122
1423.17100000000122
1423.42000000000122
1423.59800000000122
1423.62000000000122
1423.68000000000122
1425.37300000000122
1425.53500000000122
1426.30800000000122
1426.40800000000123
1426.50400000000123
1431.78700000000123
1431.95000000000123
1432.10600000000123
1432.37200000000123
1432.55800000000123
1433.17000000000123
1433.32700000000123
1433.42000000000123
1433.54600000000123
1433.64000000000123
1671.61600000000144
1671.77600000000144
1671.93800000000144
1672.33000000000144
1672.48300000000144
1672.70500000000144
1672.85300000000144
1673.02300000000144
1673.19000000000144
1673.78900000000144
1673.98800000000145
1674.15700000000145
1674.33000000000145
1674.53700000000145
1674.71100000000145
1675.72300000000145
1675.87200000000145
1676.06000000000145
1676.24100000000145
1678.21400000000145
1679.26300000000145
1679.39800000000145
1679.59200000000145
1680.15300000000145
1680.91900000000145
1681.08000000000145
1681.88300000000145
1682.04400000000145
1682.20600000000145
1692.06900000000146
1692.22300000000146
2250.76899999997945
2250.92499999997943
2251.10799999997941
2251.56999999997936
2251.71699999997934
2256.6739999999788
2256.83399999997878
2262.68299999997813
2580.16299999994317
2580.45699999994314
2581.15999999994306
2581.31999999994304
2581.48599999994302
2581.78599999994299
2581.91899999994297
2582.23699999994294
2582.52099999994291
2582.81399999994288
2583.20399999994283
2583.39799999994281
2583.5229999999428
2583.80099999994277
2583.96799999994275
2584.09999999994273
2584.22099999994272
2584.4039999999427
2584.54799999994268
2584.68499999994267
2585.78499999994255
2585.95999999994253
2586.13099999994251
2586.29799999994249
2586.47099999994247
2586.65099999994245
2588.14299999994229
2588.30199999994227
2588.49599999994225
2588.67399999994223
2588.85999999994221
2589.04499999994219
2589.23399999994217
2590.39299999994204
2590.56499999994202
2590.747999999942
2590.93299999994198
2591.12899999994196
2591.31099999994194
2591.42999999994193
2591.76099999994189
2591.97599999994187
2594.25199999994162
2594.4299999999416
2594.61099999994158
2594.77999999994156
2594.95999999994154
2595.10499999994152
2595.2679999999415
2595.42999999994149
2595.72099999994145
2595.90999999994143
2596.11099999994141
2596.2469999999414
2596.44799999994137
2596.65099999994135
2598.9669999999411
2599.12999999994108
2599.29799999994106
2599.48299999994104
2599.66999999994102
2599.94999999994099
2600.16299999994097
2600.33699999994095
2600.52999999994092
2600.7109999999409
2600.89499999994088
2601.20599999994085
2601.39799999994083
2601.60199999994081
2601.80399999994078
2603.81899999994056
2603.98399999994054
2604.14799999994053
2604.31099999994051
2604.46999999994049
2604.63799999994047
2604.84099999994045
2605.08799999994042
2605.3039999999404
2605.50499999994038
2607.64499999994014
2607.79199999994012
2607.92399999994011
2608.10299999994009
2608.28599999994007
2608.45999999994005
2608.63999999994003
2608.82899999994001
2609.02099999993999
2609.22499999993997
2609.38699999993995
2610.62599999993981
2610.80099999993979
2610.97799999993977
2611.15699999993975
2611.33899999993973
2611.54299999993971
2611.74099999993969
2611.92999999993967
2612.13699999993965
2612.35299999993962
2614.01099999993944
2614.17299999993942
2614.3519999999394
2614.53699999993938
2614.72399999993936
2615.00599999993933
2615.19499999993931
2616.12699999993921
2616.27899999993919
2617.22199999993909
2617.38399999993907
2632.11399999993745
2632.25799999993743
2632.43099999993741
2632.60499999993739
2632.78699999993737
2632.95899999993735
2633.16099999993733
2633.59199999993728
2638.28599999993677
2638.43599999993675
2638.59399999993673
2638.73199999993672
2638.8849999999367
2639.04199999993668
2639.21599999993666
2639.41099999993664
2639.62099999993662
2639.8129999999366
2639.98499999993658
2640.52599999993652
2640.6999999999365
2640.84999999993648
2641.03699999993646
2641.20899999993644
2641.40099999993642
2641.70499999993639
2641.88899999993637
2642.13299999993634
2642.21899999993633
2642.40299999993631
2642.67299999993628
2643.18899999993623
2643.33499999993621
2645.07199999993602
2645.221999999936
2645.37399999993599
945
-3
15.79200000000000032
15.90400000000000032
16.0300000000000003
16.1370000000000002
16.2520000000000001
16.4899999999999999
16.6169999999999998
16.7979999999999996
16.9159999999999995
17.0479999999999994
17.1799999999999993
17.9629999999999987
18.2769999999999984
77.7990000000000274
77.8990000000000275
78.3420000000000279
78.5760000000000281
78.6880000000000282
78.9110000000000284
79.1510000000000286
79.2580000000000288
79.4120000000000289
79.510000000000029
79.7420000000000292
79.8450000000000293
79.9540000000000294
80.0570000000000295
80.2070000000000296
80.3840000000000298
140.939000000000084
141.102000000000084
141.846000000000084
142.767000000000085
144.077000000000086
226.87300000000016
442.829000000000352
442.945000000000352
443.152000000000352
443.274000000000352
443.443000000000352
443.472000000000352
443.657000000000352
443.884000000000353
444.064000000000353
444.267000000000353
444.478000000000353
444.700000000000353
444.915000000000354
445.100000000000354
445.356000000000354
445.477000000000354
446.040000000000354
446.406000000000355
446.522000000000355
447.071000000000355
447.167000000000356
447.281000000000356
447.388000000000356
447.503000000000356
447.597000000000356
447.731000000000356
447.843000000000356
448.039000000000356
448.178000000000356
448.431000000000357
448.688000000000357
449.200000000000357
449.877000000000358
450.077000000000358
450.186000000000358
450.335000000000358
450.630000000000359
450.947000000000359
451.053000000000359
451.565000000000359
451.69400000000036
452.06300000000036
800.468000000000669
800.604000000000669
800.73200000000067
800.83300000000067
800.96500000000067
801.19300000000067
801.44600000000067
803.624000000000672
803.728000000000672
804.045000000000672
804.224000000000673
804.370000000000673
804.973000000000673
805.459000000000674
805.813000000000674
805.923000000000674
806.128000000000674
806.272000000000674
806.482000000000675
806.536000000000675
806.650000000000675
806.914000000000675
807.207000000000675
807.300000000000675
807.535000000000676
807.605000000000676
807.613000000000676
807.665000000000676
807.696000000000676
807.766000000000676
807.858000000000676
809.771000000000678
809.998000000000678
810.922000000000679
812.86600000000068
813.11900000000068
813.429000000000681
813.678000000000681
813.744000000000681
815.988000000000683
816.855000000000684
817.057000000000684
817.353000000000684
817.664000000000685
818.456000000000685
818.576000000000685
818.782000000000686
818.968000000000686
819.006000000000686
819.225000000000686
819.261000000000686
819.277000000000686
819.790000000000686
821.082000000000688
821.227000000000688
821.636000000000688
821.919000000000688
822.109000000000688
822.389000000000689
822.753000000000689
823.42300000000069
823.61000000000069
824.13900000000069
824.41200000000069
824.639000000000691
824.921000000000691
824.942000000000691
824.971000000000691
825.005000000000691
825.493000000000692
826.032000000000692
827.518000000000693
827.680000000000693
827.836000000000694
828.025000000000694
828.312000000000694
828.409000000000694
828.533000000000694
828.630000000000694
829.528000000000695
830.535000000000696
830.647000000000696
831.496000000000697
831.704000000000697
832.255000000000698
832.364000000000698
832.476000000000698
832.596000000000698
833.127000000000698
833.683000000000699
834.146000000000699
834.245000000000699
835.3370000000007
835.4900000000007
836.153000000000701
836.294000000000701
836.442000000000701
836.519000000000701
836.593000000000701
836.749000000000702
837.104000000000702
837.371000000000702
838.574000000000703
838.710000000000703
838.775000000000703
839.527000000000704
839.644000000000704
839.774000000000704
839.892000000000704
840.031000000000704
840.176000000000705
840.329000000000705
840.453000000000705
840.597000000000705
840.718000000000705
840.884000000000705
840.978000000000705
841.042000000000705
841.132000000000705
841.240000000000706
841.375000000000706
841.514000000000706
841.623000000000706
841.764000000000706
842.726000000000707
842.829000000000707
842.957000000000707
843.546000000000708
843.865000000000708
844.386000000000708
844.655000000000709
844.788000000000709
845.338000000000709
845.508000000000709
845.78200000000071
846.31300000000071
846.42900000000071
846.58300000000071
846.66600000000071
846.75400000000071
846.907000000000711
847.033000000000711
847.188000000000711
847.336000000000711
847.501000000000711
847.625000000000711
847.705000000000711
848.602000000000712
848.717000000000712
848.949000000000712
849.072000000000712
849.175000000000712
849.797000000000713
849.895000000000713
850.198000000000713
850.329000000000714
850.412000000000714
850.551000000000714
850.663000000000714
850.724000000000714
850.804000000000714
850.853000000000714
850.938000000000714
851.059000000000714
851.228000000000714
851.310000000000714
851.450000000000714
851.813000000000715
851.924000000000715
852.077000000000715
852.173000000000715
853.011000000000716
853.491000000000716
853.817000000000717
854.102000000000717
854.492000000000717
855.461000000000718
855.607000000000718
856.078000000000719
856.220000000000719
856.373000000000719
856.437000000000719
856.508000000000719
856.646000000000719
856.773000000000719
856.939000000000719
857.08700000000072
857.22700000000072
857.38400000000072
857.54800000000072
857.70100000000072
857.84700000000072
857.99000000000072
858.15800000000072
859.059000000000721
859.203000000000721
859.323000000000722
859.477000000000722
859.594000000000722
859.689000000000722
859.783000000000722
859.915000000000722
860.038000000000722
860.165000000000722
860.342000000000722
860.512000000000723
860.674000000000723
860.808000000000723
860.947000000000723
861.125000000000723
861.278000000000723
861.357000000000723
861.444000000000723
861.513000000000724
861.597000000000724
867.078000000000728
867.209000000000729
867.307000000000729
867.423000000000729
867.871000000000729
868.21300000000073
868.35400000000073
868.48900000000073
868.64000000000073
868.79100000000073
868.94800000000073
869.09900000000073
869.25900000000073
869.42100000000073
869.497000000000731
869.569000000000731
869.726000000000731
869.901000000000731
870.074000000000731
870.266000000000731
870.445000000000731
870.629000000000732
872.082000000000733
872.782000000000734
872.929000000000734
873.084000000000734
873.151000000000734
873.231000000000734
873.375000000000734
873.486000000000734
873.658000000000734
873.826000000000734
873.993000000000735
874.086000000000735
874.154000000000735
874.344000000000735
874.460000000000735
874.646000000000735
874.732000000000735
874.822000000000735
874.959000000000735
875.124000000000736
875.283000000000736
875.378000000000736
875.476000000000736
875.626000000000736
875.750000000000736
875.934000000000736
876.124000000000736
876.183000000000736
876.268000000000737
876.365000000000737
876.450000000000737
876.645000000000737
876.785000000000737
876.975000000000737
877.108000000000737
877.179000000000737
877.283000000000738
877.452000000000738
879.82700000000074
879.93300000000074
880.30900000000074
880.952000000000741
881.086000000000741
881.170000000000741
881.252000000000741
881.322000000000741
881.406000000000741
881.562000000000741
881.701000000000741
881.884000000000742
882.052000000000742
882.209000000000742
882.370000000000742
882.519000000000742
882.693000000000742
882.864000000000742
883.044000000000743
883.203000000000743
883.385000000000743
883.462000000000743
883.548000000000743
883.676000000000743
883.818000000000743
884.017000000000744
884.213000000000744
884.398000000000744
886.161000000000745
886.296000000000745
886.399000000000746
886.504000000000746
886.634000000000746
887.007000000000746
887.113000000000746
887.595000000000747
888.556000000000748
888.664000000000748
888.746000000000748
888.829000000000748
888.971000000000748
889.126000000000748
889.286000000000748
889.425000000000748
889.583000000000748
889.719000000000748
906.935000000000764
907.490000000000764
907.887000000000765
908.982000000000766
909.144000000000766
909.297000000000766
909.315000000000766
909.338000000000766
909.374000000000766
909.590000000000766
909.698000000000766
909.731000000000766
911.577000000000768
912.048000000000768
912.191000000000768
912.309000000000769
912.443000000000769
912.582000000000769
912.732000000000769
912.864000000000769
913.004000000000769
913.160000000000769
913.31200000000077
913.46600000000077
913.61500000000077
913.76000000000077
913.92100000000077
914.04000000000077
914.20500000000077
914.33600000000077
914.505000000000771
914.640000000000771
914.802000000000771
914.960000000000771
915.097000000000771
915.266000000000771
915.432000000000771
915.593000000000772
915.734000000000772
915.891000000000772
916.033000000000772
916.197000000000772
916.351000000000772
916.495000000000772
916.652000000000772
916.797000000000773
916.937000000000773
917.093000000000773
917.214000000000773
917.376000000000773
917.515000000000773
918.689000000000774
918.840000000000774
919.122000000000775
919.228000000000775
919.709000000000775
919.853000000000775
920.007000000000775
920.159000000000776
920.324000000000776
920.475000000000776
920.649000000000776
920.810000000000776
920.977000000000776
921.086000000000776
921.212000000000776
921.381000000000777
921.540000000000777
921.665000000000777
1069.23000000000091
1069.33900000000091
1069.50800000000091
1069.64800000000091
1069.77200000000091
1069.90200000000091
1070.05300000000091
1070.17400000000091
1070.32200000000091
1070.45300000000091
1070.60200000000091
1070.72200000000091
1070.87200000000091
1070.99000000000091
1071.14200000000091
1071.29300000000091
1071.42500000000091
1071.57000000000091
1071.69700000000091
1071.84700000000091
1072.00700000000091
1072.15400000000091
1072.28500000000091
1072.43600000000091
1072.57800000000091
1077.34100000000092
1124.92100000000096
1437.67800000000124
1437.85900000000124
1437.98000000000124
1438.11400000000124
1438.25100000000124
1438.40300000000124
1438.55100000000124
1438.70100000000124
1438.85700000000124
1439.02000000000124
1439.47800000000124
1439.62600000000124
1439.77700000000124
1439.92400000000124
1440.08000000000124
1440.24300000000124
1440.40300000000124
1440.54300000000124
1440.70800000000124
1440.88000000000124
1441.06000000000124
1441.21400000000124
1441.37100000000124
1441.52800000000124
1441.69400000000124
1441.83700000000124
1441.99500000000124
1442.18100000000124
1442.34500000000124
1442.51400000000124
1442.66400000000124
1442.82300000000124
1442.99100000000124
1443.12700000000124
1443.29900000000124
1443.48400000000124
1443.64700000000124
1443.79600000000124
1443.93900000000124
1445.35800000000124
1445.49900000000124
1445.64900000000124
1445.80500000000124
1446.00100000000124
1446.17700000000124
1446.35200000000124
1446.52500000000124
1446.68600000000124
1446.86700000000124
1447.05300000000124
1447.20600000000124
1447.38600000000124
1447.56600000000124
1447.69300000000124
1447.88000000000124
1448.05700000000124
1448.24000000000124
1448.40600000000124
1448.58600000000124
1448.75500000000124
1449.19500000000125
1449.36800000000125
1449.55600000000125
1449.73100000000125
1449.97800000000125
1450.74800000000125
1450.90700000000125
1451.06500000000125
1451.22200000000125
1451.39400000000125
1451.56100000000125
1451.78000000000125
1451.96400000000125
1454.14500000000125
1454.27900000000125
1454.85000000000125
1454.98500000000125
1455.46300000000125
1455.56600000000125
1533.90500000000132
1534.03400000000132
1534.16400000000132
1536.80300000000132
1769.25000000000153
1769.38400000000153
1769.52200000000153
1769.67000000000153
1769.81800000000153
1769.95500000000153
1770.09200000000153
1770.24400000000153
1770.39700000000153
1770.55600000000153
1770.71600000000153
1770.90400000000153
1770.99900000000153
1771.09300000000153
1771.77400000000153
1771.89300000000153
1772.31700000000153
1772.47100000000153
1772.56400000000153
1772.63500000000153
1772.79900000000153
1772.98400000000153
1773.34400000000153
1773.49500000000153
1773.60000000000153
1773.68100000000153
1773.84100000000153
1773.97300000000153
1774.08900000000153
1774.25900000000153
1774.40600000000153
1774.57000000000153
1774.60700000000153
1780.38000000000154
1780.48500000000154
1780.79700000000154
1780.92500000000154
1781.04100000000154
1781.09200000000154
1781.16600000000154
1781.29300000000154
1781.49700000000154
1781.59100000000154
1781.64400000000154
1781.70500000000154
1781.85900000000154
1782.46000000000154
1782.57300000000154
1782.72300000000154
1782.87900000000154
1782.98600000000154
1783.06200000000154
1783.14800000000154
1783.51800000000154
1783.71600000000154
1783.84300000000154
1783.95100000000154
1784.09300000000154
1784.21500000000154
1784.31800000000154
1784.49200000000154
1784.52500000000154
1784.68600000000154
1784.98900000000154
1785.82000000000154
1786.22300000000154
1786.39300000000154
1786.67300000000155
1787.00600000000155
1787.30400000000155
1787.65000000000155
1787.94000000000155
1788.10600000000155
1788.40900000000155
1788.58300000000155
1788.72100000000155
1788.78800000000155
1788.89700000000155
1789.27600000000155
1789.44700000000155
1789.66300000000155
1789.76000000000155
1789.84200000000155
1789.94500000000155
1790.43100000000155
1790.52300000000155
1791.18100000000155
1791.42500000000155
1795.99600000000155
1796.41800000000155
1796.62600000000155
1797.14300000000155
1797.24600000000155
1797.40400000000155
1797.55700000000155
1797.70200000000155
1797.86400000000156
1798.13600000000156
1798.31400000000156
1798.78100000000156
1798.92000000000156
1798.95500000000156
1799.17400000000156
1799.46200000000156
1799.71800000000156
1799.81200000000156
1800.16300000000156
1800.43200000000156
1800.56100000000156
1800.66100000000156
1800.73300000000156
1800.89000000000156
1801.07100000000156
1801.16500000000156
1801.24800000000156
1801.52800000000156
1801.79900000000156
1801.99800000000156
1802.02100000000156
1802.10600000000156
1802.38800000000156
1802.58100000000156
1803.10900000000156
1803.89900000000156
1804.17200000000156
1804.31000000000156
1804.46100000000156
1804.60300000000156
1804.71500000000156
1804.79700000000156
1804.87100000000156
1804.96100000000156
1805.10900000000156
1805.29000000000156
1805.31600000000156
1805.48600000000156
1805.62900000000156
1806.12600000000156
1806.20000000000156
1806.29700000000156
1808.74700000000156
1810.28400000000157
1810.51000000000157
1810.73800000000157
1811.59400000000157
1811.72400000000157
1811.76700000000157
1814.59900000000157
1814.87600000000157
1814.94900000000157
1815.43700000000157
1815.59000000000157
1815.68400000000157
1815.76100000000157
1815.93300000000157
1816.02800000000157
1816.12000000000157
1816.18300000000157
1816.30800000000157
1816.47300000000157
1816.55600000000157
1816.63700000000157
1816.73700000000157
1818.34200000000157
1823.96700000000158
1824.12300000000158
1824.40500000000158
1824.48900000000158
1824.62200000000158
1825.42800000000158
1825.86700000000158
1826.12800000000158
1826.52600000000158
1826.69700000000158
1828.26200000000158
1828.42800000000158
1829.08900000000158
1829.20500000000158
1829.37000000000158
1829.53500000000158
1831.18900000000158
1834.57100000000159
1835.47300000000159
1835.88900000000159
1836.46500000000159
1859.69900000000161
1861.20400000000161
1861.51000000000161
1863.87400000000161
1864.01800000000161
1864.51200000000161
1864.64300000000161
1864.78500000000161
1864.94100000000161
1865.09900000000161
1865.27600000000161
1865.36700000000162
1865.43800000000162
1865.61000000000162
1865.74800000000162
1865.81500000000162
1865.98700000000162
1866.09600000000162
1866.77900000000162
1866.93000000000162
1867.08300000000162
1867.25400000000162
1867.36800000000162
1867.47900000000162
1867.56800000000162
1867.59900000000162
1867.66400000000162
1867.71900000000162
1867.83900000000162
1867.99500000000162
1868.66400000000162
1868.89800000000162
1869.06200000000162
1871.18300000000162
1871.92700000000162
1872.09000000000162
1872.24400000000162
1872.40800000000162
1872.56500000000162
1872.69100000000162
1873.10200000000162
1874.06000000000162
1874.34400000000162
1874.55800000000162
1874.59900000000162
1874.62100000000162
1874.72700000000162
1874.89100000000162
1874.94500000000162
1875.07100000000162
1875.45900000000162
1875.53800000000162
1875.66200000000162
1875.73400000000162
1876.63800000000162
1876.94000000000163
1877.10700000000163
1877.20400000000163
1877.34600000000163
1877.35900000000163
1877.46700000000163
1877.60600000000163
2143.35099999999128
2266.79599999997768
2266.89499999997767
2267.28599999997763
2267.42099999997761
2267.5649999999776
2269.48599999997738
2269.59599999997737
2273.40699999997695
2273.49499999997694
2273.8609999999769
2273.99099999997689
2274.14399999997687
2274.52599999997683
2277.02899999997655
2279.26599999997631
2279.55899999997627
2284.65599999997571
2286.87699999997547
2292.19699999997488
2292.81299999997482
2295.30099999997454
2298.99299999997413
2300.223999999974
2303.01199999997369
2303.10299999997368
2304.13899999997357
2304.64699999997351
2304.81399999997349
2305.02499999997347
2305.16599999997345
2305.32399999997344
2305.48499999997342
2305.74099999997339
2306.79099999997328
2306.96099999997326
2307.11699999997324
2307.27299999997322
2307.4669999999732
2307.55899999997319
2307.66299999997318
2307.80399999997316
2308.15199999997313
2308.31499999997311
2311.70599999997273
2312.43399999997265
2312.66799999997263
2315.46099999997232
2315.6109999999723
2315.75799999997229
2315.92899999997227
2316.02399999997226
2319.01799999997193
2320.41599999997178
2320.56299999997176
2320.72299999997174
2654.83099999993494
2657.22199999993468
2659.52499999993443
2660.03699999993437
2664.46799999993388
2664.63499999993386
2665.66499999993375
2665.80799999993374
2666.20999999993369
2666.33599999993368
2666.49099999993366
2666.62899999993365
2666.87699999993362
2666.99099999993361
2667.0469999999336
2667.43899999993356
2667.53699999993354
2668.27399999993346
2668.42299999993345
2668.57899999993343
2668.72099999993341
2668.8969999999334
2668.97599999993339
2669.06399999993338
2669.13999999993337
2669.25099999993336
2669.32699999993335
2669.42199999993334
2669.59199999993332
2670.01499999993327
2670.18399999993325
2670.35199999993324
2670.42899999993323
2670.52699999993322
2670.71799999993319
2670.74999999993319
2670.90299999993317
2671.05599999993316
2673.78099999993286
2674.3379999999328
2674.48999999993278
2675.29599999993269
2675.43699999993268
2675.60899999993266
2675.79099999993264
2675.96399999993262
2680.10699999993216
2680.22299999993215
2680.33199999993214
2680.72099999993209
2680.90399999993207
2681.19899999993204
2681.28999999993203
2681.44599999993201
2682.39899999993191
2682.5159999999319
2682.64899999993188
2682.79999999993186
2682.99599999993184
2683.14599999993183
2683.63599999993177
2683.77399999993176
2684.79799999993164
2684.88399999993163
2932.29399999990439
-4
15.83700000000000032
15.95400000000000032
16.0720000000000003
16.1910000000000002
16.2980000000000001
16.5319999999999999
16.6509999999999998
16.8789999999999996
16.9789999999999995
17.1109999999999994
17.2349999999999993
17.9819999999999986
18.3289999999999983
77.8530000000000275
77.9480000000000276
78.385000000000028
78.6160000000000282
78.7350000000000283
78.9460000000000285
79.2090000000000287
79.3140000000000288
79.4370000000000289
79.549000000000029
79.7820000000000292
79.8760000000000293
80.0080000000000294
80.1060000000000295
80.2540000000000296
80.4260000000000298
141.030000000000084
141.177000000000084
142.062000000000085
142.948000000000085
144.138000000000086
226.94000000000016
442.864000000000352
442.985000000000352
443.189000000000352
443.317000000000352
443.454000000000352
443.620000000000352
443.856000000000353
444.022000000000353
444.231000000000353
444.444000000000353
444.659000000000353
444.895000000000354
445.016000000000354
445.140000000000354
445.399000000000354
446.009000000000354
446.374000000000355
446.424000000000355
447.018000000000355
447.122000000000355
447.229000000000356
447.320000000000356
447.427000000000356
447.537000000000356
447.655000000000356
447.795000000000356
447.884000000000356
448.090000000000356
448.207000000000356
448.476000000000357
448.719000000000357
449.227000000000357
449.927000000000358
450.125000000000358
450.235000000000358
450.366000000000358
450.671000000000359
450.983000000000359
451.100000000000359
451.626000000000359
451.73800000000036
452.08000000000036
800.549000000000669
800.659000000000669
800.77000000000067
800.87000000000067
801.04600000000067
801.24900000000067
801.49300000000067
803.675000000000672
803.775000000000672
804.197000000000673
804.304000000000673
804.434000000000673
805.025000000000673
805.535000000000674
805.870000000000674
806.000000000000674
806.245000000000674
806.426000000000675
806.534000000000675
806.612000000000675
806.722000000000675
807.016000000000675
807.263000000000675
807.492000000000676
807.602000000000676
807.612000000000676
807.663000000000676
807.672000000000676
807.762000000000676
807.783000000000676
807.961000000000676
809.934000000000678
810.376000000000678
811.367000000000679
812.99500000000068
813.314000000000681
813.468000000000681
813.719000000000681
814.009000000000681
816.064000000000683
816.864000000000684
817.106000000000684
817.445000000000684
817.684000000000685
818.478000000000685
818.774000000000686
818.889000000000686
818.985000000000686
819.195000000000686
819.251000000000686
819.271000000000686
819.479000000000686
819.829000000000686
821.195000000000688
821.376000000000688
821.790000000000688
822.102000000000688
822.307000000000689
822.507000000000689
823.017000000000689
823.57100000000069
823.73000000000069
824.31200000000069
824.538000000000691
824.844000000000691
824.934000000000691
824.967000000000691
825.002000000000691
825.136000000000691
825.569000000000692
826.396000000000692
827.615000000000693
827.781000000000694
827.967000000000694
828.168000000000694
828.354000000000694
828.459000000000694
828.563000000000694
829.288000000000695
830.396000000000696
830.589000000000696
830.810000000000696
831.534000000000697
831.731000000000697
832.273000000000698
832.400000000000698
832.513000000000698
832.633000000000698
833.172000000000698
833.699000000000699
834.199000000000699
834.268000000000699
835.3700000000007
835.5560000000007
836.197000000000701
836.347000000000701
836.491000000000701
836.563000000000701
836.668000000000701
836.823000000000702
837.137000000000702
837.423000000000702
838.621000000000703
838.737000000000703
838.808000000000703
839.554000000000704
839.675000000000704
839.820000000000704
839.943000000000704
840.087000000000704
840.234000000000705
840.359000000000705
840.506000000000705
840.636000000000705
840.787000000000705
840.932000000000705
841.019000000000705
841.130000000000705
841.208000000000705
841.323000000000706
841.439000000000706
841.546000000000706
841.691000000000706
841.833000000000706
842.758000000000707
842.880000000000707
843.014000000000707
843.578000000000708
843.902000000000708
844.408000000000708
844.690000000000709
844.814000000000709
845.392000000000709
845.526000000000709
845.84500000000071
846.35800000000071
846.50100000000071
846.65500000000071
846.70200000000071
846.81600000000071
846.945000000000711
847.101000000000711
847.245000000000711
847.380000000000711
847.541000000000711
847.667000000000711
847.712000000000711
848.625000000000712
848.745000000000712
848.980000000000712
849.095000000000712
849.207000000000713
849.811000000000713
849.935000000000713
850.218000000000713
850.358000000000714
850.484000000000714
850.586000000000714
850.711000000000714
850.754000000000714
850.845000000000714
850.880000000000714
850.977000000000714
851.094000000000714
851.246000000000714
851.421000000000714
851.754000000000715
851.849000000000715
851.991000000000715
852.110000000000715
852.213000000000715
853.033000000000716
853.500000000000716
853.853000000000717
854.233000000000717
854.932000000000718
855.573000000000718
855.645000000000718
856.122000000000719
856.272000000000719
856.411000000000719
856.444000000000719
856.556000000000719
856.688000000000719
856.855000000000719
857.004000000000719
857.14100000000072
857.29300000000072
857.46300000000072
857.61800000000072
857.75800000000072
857.89700000000072
858.07100000000072
858.19400000000072
859.120000000000721
859.231000000000721
859.362000000000722
859.510000000000722
859.640000000000722
859.720000000000722
859.825000000000722
859.946000000000722
860.070000000000722
860.260000000000722
860.428000000000723
860.583000000000723
860.720000000000723
860.847000000000723
861.041000000000723
861.168000000000723
861.331000000000723
861.392000000000723
861.507000000000724
861.547000000000724
861.680000000000724
867.110000000000728
867.232000000000729
867.339000000000729
867.459000000000729
867.905000000000729
868.28000000000073
868.41500000000073
868.56100000000073
868.70200000000073
868.87200000000073
869.01700000000073
869.18100000000073
869.34300000000073
869.488000000000731
869.519000000000731
869.641000000000731
869.816000000000731
869.985000000000731
870.179000000000731
870.360000000000731
870.531000000000732
870.663000000000732
872.115000000000733
872.840000000000734
872.990000000000734
873.130000000000734
873.175000000000734
873.293000000000734
873.404000000000734
873.573000000000734
873.738000000000734
873.907000000000734
874.069000000000735
874.101000000000735
874.256000000000735
874.375000000000735
874.559000000000735
874.723000000000735
874.765000000000735
874.864000000000735
875.038000000000736
875.191000000000736
875.363000000000736
875.411000000000736
875.544000000000736
875.661000000000736
875.837000000000736
876.016000000000736
876.162000000000736
876.209000000000737
876.355000000000737
876.400000000000737
876.556000000000737
876.686000000000737
876.892000000000737
877.023000000000737
877.170000000000737
877.204000000000737
877.366000000000738
877.514000000000738
879.83900000000074
879.96600000000074
880.34100000000074
880.999000000000741
881.149000000000741
881.197000000000741
881.289000000000741
881.360000000000741
881.473000000000741
881.630000000000741
881.800000000000742
881.971000000000742
882.127000000000742
882.289000000000742
882.434000000000742
882.611000000000742
882.779000000000742
882.959000000000743
883.114000000000743
883.295000000000743
883.451000000000743
883.491000000000743
883.586000000000743
883.726000000000743
883.927000000000743
884.119000000000744
884.302000000000744
884.432000000000744
886.193000000000745
886.324000000000746
886.442000000000746
886.541000000000746
886.661000000000746
887.035000000000746
887.144000000000746
887.621000000000747
888.586000000000748
888.711000000000748
888.759000000000748
888.893000000000748
889.042000000000748
889.197000000000748
889.323000000000748
889.452000000000748
889.614000000000748
889.753000000000749
906.969000000000764
907.535000000000764
907.920000000000765
909.014000000000766
909.275000000000766
909.313000000000766
909.323000000000766
909.353000000000766
909.489000000000766
909.626000000000766
909.710000000000766
909.948000000000766
911.602000000000768
912.100000000000768
912.246000000000768
912.378000000000769
912.513000000000769
912.661000000000769
912.814000000000769
912.929000000000769
913.079000000000769
913.258000000000769
913.39000000000077
913.53400000000077
913.68500000000077
913.84000000000077
913.95700000000077
914.12500000000077
914.25400000000077
914.40900000000077
914.559000000000771
914.684000000000771
914.884000000000771
915.017000000000771
915.176000000000771
915.347000000000771
915.509000000000772
915.652000000000772
915.805000000000772
915.931000000000772
916.127000000000772
916.287000000000772
916.411000000000772
916.567000000000772
916.713000000000773
916.847000000000773
917.008000000000773
917.125000000000773
917.287000000000773
917.421000000000773
917.541000000000773
918.718000000000774
918.870000000000774
919.153000000000775
919.253000000000775
919.767000000000775
919.929000000000775
920.084000000000776
920.239000000000776
920.381000000000776
920.565000000000776
920.727000000000776
920.877000000000776
920.998000000000776
921.123000000000776
921.294000000000777
921.463000000000777
921.580000000000777
921.740000000000777
1069.26000000000091
1069.35700000000091
1069.55200000000091
1069.70300000000091
1069.83400000000091
1069.96500000000091
1070.10200000000091
1070.25300000000091
1070.38300000000091
1070.52700000000091
1070.64000000000091
1070.80500000000091
1070.91000000000091
1071.06200000000091
1071.21500000000091
1071.34100000000091
1071.49200000000091
1071.61500000000091
1071.76600000000091
1071.92200000000091
1072.07400000000091
1072.19900000000091
1072.35600000000091
1072.49700000000091
1072.60500000000091
1077.37000000000092
1124.94800000000096
1437.70500000000124
1437.91800000000124
1438.05000000000124
1438.18500000000124
1438.32900000000124
1438.48300000000124
1438.62100000000124
1438.78200000000124
1438.94100000000124
1439.10100000000124
1439.55400000000124
1439.70100000000124
1439.85200000000124
1440.00300000000124
1440.17000000000124
1440.32500000000124
1440.45900000000124
1440.62400000000124
1440.79900000000124
1440.97000000000124
1441.12200000000124
1441.28600000000124
1441.44100000000124
1441.60300000000124
1441.74700000000124
1441.91100000000124
1442.08600000000124
1442.26200000000124
1442.42700000000124
1442.55800000000124
1442.73000000000124
1442.90600000000124
1443.03800000000124
1443.22700000000124
1443.39200000000124
1443.55900000000124
1443.71600000000124
1443.82900000000124
1444.04700000000124
1445.43200000000124
1445.57400000000124
1445.73100000000124
1445.88700000000124
1446.09400000000124
1446.26600000000124
1446.43700000000124
1446.60400000000124
1446.77600000000124
1446.94400000000124
1447.12100000000124
1447.29800000000124
1447.48100000000124
1447.60000000000124
1447.79000000000124
1447.96500000000124
1448.14600000000124
1448.31300000000124
1448.49700000000124
1448.66700000000124
1448.84400000000125
1449.27900000000125
1449.46300000000125
1449.64500000000125
1449.80300000000125
1450.02000000000125
1450.83100000000125
1450.98200000000125
1451.14400000000125
1451.30300000000125
1451.47600000000125
1451.65800000000125
1451.87000000000125
1452.05300000000125
1454.19100000000125
1454.29400000000125
1454.90400000000125
1455.01700000000125
1455.49800000000125
1455.60900000000125
1533.96000000000132
1534.09600000000132
1534.22900000000132
1536.83900000000132
1769.30700000000153
1769.45100000000153
1769.58900000000153
1769.74300000000153
1769.88100000000153
1770.00400000000153
1770.17100000000153
1770.32100000000153
1770.47700000000153
1770.63300000000153
1770.79000000000153
1770.96600000000153
1771.01600000000153
1771.17100000000153
1771.81800000000153
1771.93500000000153
1772.40400000000153
1772.53500000000153
1772.57100000000153
1772.71400000000153
1772.87700000000153
1773.05700000000153
1773.42300000000153
1773.56200000000153
1773.62300000000153
1773.75600000000153
1773.92200000000153
1774.00000000000153
1774.18100000000153
1774.32600000000153
1774.47400000000153
1774.60200000000153
1774.65000000000153
1780.42300000000154
1780.52400000000154
1780.86000000000154
1780.99200000000154
1781.05700000000154
1781.14200000000154
1781.20000000000154
1781.35000000000154
1781.54500000000154
1781.62900000000154
1781.66700000000154
1781.75900000000154
1781.92500000000154
1782.50800000000154
1782.61400000000154
1782.79800000000154
1782.94500000000154
1783.01800000000154
1783.13300000000154
1783.17300000000154
1783.67300000000154
1783.80500000000154
1783.86000000000154
1784.00500000000154
1784.18100000000154
1784.24800000000154
1784.40600000000154
1784.52000000000154
1784.57600000000154
1784.78000000000154
1785.06800000000154
1785.88200000000154
1786.26700000000154
1786.54000000000154
1786.92800000000155
1787.14700000000155
1787.32900000000155
1787.78800000000155
1788.01900000000155
1788.16600000000155
1788.48800000000155
1788.69000000000155
1788.72700000000155
1788.85400000000155
1788.90800000000155
1789.34400000000155
1789.50700000000155
1789.72400000000155
1789.76600000000155
1789.91300000000155
1789.97600000000155
1790.46600000000155
1790.56400000000155
1791.24600000000155
1791.45200000000155
1796.02600000000155
1796.46100000000155
1796.66300000000155
1797.19800000000155
1797.28000000000155
1797.49100000000155
1797.61200000000155
1797.77700000000156
1797.92800000000156
1798.16900000000156
1798.43600000000156
1798.80900000000156
1798.95400000000156
1798.98900000000156
1799.24700000000156
1799.54800000000156
1799.80500000000156
1799.86500000000156
1800.19300000000156
1800.49400000000156
1800.62200000000156
1800.67700000000156
1800.79400000000156
1800.93200000000156
1801.13000000000156
1801.18600000000156
1801.28800000000156
1801.57700000000156
1801.90900000000156
1802.00500000000156
1802.09600000000156
1802.37400000000156
1802.52100000000156
1802.70700000000156
1803.16000000000156
1803.96300000000156
1804.24500000000156
1804.37900000000156
1804.51600000000156
1804.69700000000156
1804.76200000000156
1804.85300000000156
1804.89400000000156
1805.03600000000156
1805.20800000000156
1805.30000000000156
1805.37200000000156
1805.53700000000156
1805.67900000000156
1806.13300000000156
1806.23200000000156
1806.37300000000156
1808.84800000000156
1810.32800000000157
1810.72800000000157
1810.79900000000157
1811.70900000000157
1811.73300000000157
1811.93300000000157
1814.64900000000157
1814.90700000000157
1814.98500000000157
1815.50900000000157
1815.66400000000157
1815.70100000000157
1815.83500000000157
1816.01400000000157
1816.06600000000157
1816.15700000000157
1816.24500000000157
1816.40200000000157
1816.53100000000157
1816.58900000000157
1816.70900000000157
1816.76500000000157
1819.31800000000157
1823.99800000000158
1824.18300000000158
1824.43700000000158
1824.55600000000158
1824.65300000000158
1825.49100000000158
1825.95300000000158
1826.23500000000158
1826.61500000000158
1826.72200000000158
1828.40600000000158
1828.52300000000158
1829.19200000000158
1829.29100000000158
1829.43600000000158
1829.58500000000158
1831.23500000000158
1834.62800000000159
1835.50100000000159
1835.98600000000159
1836.51500000000159
1859.84600000000161
1861.50400000000161
1861.67600000000161
1863.94900000000161
1864.10200000000161
1864.57100000000161
1864.71700000000161
1864.86900000000161
1865.02000000000161
1865.18200000000161
1865.35900000000162
1865.38500000000162
1865.53400000000162
1865.69900000000162
1865.76000000000162
1865.90300000000162
1866.02900000000162
1866.14200000000162
1866.85300000000162
1866.99900000000162
1867.15300000000162
1867.33700000000162
1867.41000000000162
1867.54600000000162
1867.59300000000162
1867.61500000000162
1867.70800000000162
1867.78100000000162
1867.87400000000162
1868.02500000000162
1868.76600000000162
1868.92900000000162
1869.16500000000162
1871.24500000000162
1872.01200000000162
1872.17100000000162
1872.32600000000162
1872.48700000000162
1872.64500000000162
1872.71500000000162
1873.12700000000162
1874.09200000000162
1874.41300000000162
1874.58600000000162
1874.61200000000162
1874.66500000000162
1874.85100000000162
1874.93500000000162
1875.06000000000162
1875.23900000000162
1875.53000000000162
1875.56600000000162
1875.72500000000162
1875.76500000000162
1876.66100000000162
1877.03600000000163
1877.19200000000163
1877.22600000000163
1877.35800000000163
1877.45500000000163
1877.57900000000163
1877.75500000000163
2143.37999999999127
2266.84299999997768
2266.93699999997766
2267.33599999997762
2267.46599999997761
2267.62099999997759
2269.54399999997738
2269.63299999997737
2273.46099999997695
2273.55399999997694
2273.9139999999769
2274.04999999997688
2274.19599999997687
2274.59099999997682
2277.12999999997654
2279.49499999997628
2280.59599999997616
2285.01299999997567
2288.00699999997534
2292.77699999997482
2292.85899999997481
2295.37599999997453
2299.10299999997412
2300.37799999997398
2303.03499999997369
2303.13999999997368
2304.16399999997356
2304.7159999999735
2304.88799999997349
2305.09199999997346
2305.24099999997345
2305.39399999997343
2305.56899999997341
2305.79099999997339
2306.85399999997327
2307.04099999997325
2307.17999999997323
2307.34199999997321
2307.52999999997319
2307.57499999997319
2307.69399999997318
2307.87799999997316
2308.20999999997312
2308.4119999999731
2311.71599999997273
2312.49999999997265
2312.9319999999726
2315.53099999997231
2315.6829999999723
2315.82399999997228
2315.98499999997226
2316.04399999997226
2319.89599999997183
2320.49099999997177
2320.64099999997175
2320.78599999997173
2654.85599999993494
2657.28299999993467
2659.59599999993442
2660.23799999993435
2664.53599999993388
2664.70899999993386
2665.69799999993375
2665.82899999993373
2666.26599999993369
2666.38199999993367
2666.54099999993365
2666.67099999993364
2666.89299999993362
2667.0079999999336
2667.0529999999336
2667.46699999993355
2667.58999999993354
2668.32799999993346
2668.47399999993344
2668.62799999993342
2668.80499999993341
2668.95199999993339
2668.99099999993338
2669.11799999993337
2669.15799999993337
2669.31599999993335
2669.35099999993335
2669.49899999993333
2669.61799999993332
2670.08099999993326
2670.23599999993325
2670.40499999993323
2670.43799999993323
2670.59499999993321
2670.74799999993319
2670.77399999993319
2670.96299999993317
2671.11599999993315
2673.93299999993284
2674.38799999993279
2674.55199999993277
2675.34899999993268
2675.51099999993267
2675.67999999993265
2675.83899999993263
2676.00199999993261
2680.17499999993215
2680.26799999993214
2680.36199999993213
2680.77199999993209
2680.96499999993207
2681.25699999993203
2681.36999999993202
2681.50399999993201
2682.4639999999319
2682.57499999993189
2682.71699999993187
2682.85199999993186
2683.03599999993184
2683.23599999993182
2683.69299999993177
2683.84799999993175
2684.82099999993164
2684.93799999993163
2932.33499999990438
0
0
0
0
0
0
0
0
0
0
0
0
0
3600.00099999983085
0
0
0
0
0
0
