2
27
19
2
27
19
IPP3.11
test 3
0
3
9
49
47
10
51
30
22
4
.3
1
1684
1684
1
400
400
1
1
1
1
1
1
1
1
1
1
1
1
1
1
1
1
1
1
1
1
1683
-1
0.001
0.124
0.268
2.11600000000000003
2.25100000000000003
2.38000000000000004
2.53100000000000004
2.68400000000000004
2.83300000000000005
2.98500000000000005
3.13300000000000005
3.28900000000000006
3.44700000000000006
21.4139999999999957
21.4509999999999957
21.5809999999999956
21.6119999999999956
22.294999999999995
22.4239999999999949
22.5439999999999948
22.6789999999999947
22.8129999999999946
22.9589999999999944
23.1069999999999943
23.2649999999999942
23.413999999999994
23.5659999999999939
23.7119999999999938
23.8709999999999937
24.0189999999999935
24.613999999999993
24.7449999999999929
24.8989999999999928
25.0599999999999926
25.1899999999999925
25.5129999999999923
27.2239999999999908
27.3619999999999907
27.5179999999999906
27.6889999999999904
27.8659999999999903
30.3809999999999881
30.546999999999988
30.7109999999999879
30.8889999999999877
32.0209999999999868
32.1529999999999869
32.3369999999999871
32.5089999999999872
49.9340000000000027
50.1780000000000029
50.294000000000003
51.452000000000004
51.4830000000000041
51.6070000000000042
51.7660000000000043
83.1970000000000322
83.3120000000000324
84.044000000000033
84.8320000000000337
84.9820000000000338
85.112000000000034
144.211000000000086
144.331000000000087
144.454000000000087
144.556000000000087
144.889000000000087
145.012000000000087
145.127000000000087
145.249000000000087
145.362000000000087
145.662000000000088
145.767000000000088
145.911000000000088
146.023000000000088
146.162000000000088
146.285000000000088
146.671000000000089
146.806000000000089
146.956000000000089
147.099000000000089
147.245000000000089
147.391000000000089
147.553000000000089
147.71600000000009
147.87700000000009
148.03900000000009
148.17800000000009
148.32800000000009
148.50200000000009
148.882000000000091
149.033000000000091
149.193000000000091
149.351000000000091
149.514000000000091
149.668000000000091
149.828000000000091
150.305000000000092
150.472000000000092
150.634000000000092
150.802000000000092
151.782000000000093
151.922000000000093
152.089000000000093
152.261000000000094
152.918000000000094
153.078000000000094
153.238000000000094
154.084000000000095
154.391000000000095
154.536000000000096
154.708000000000096
154.853000000000096
156.534000000000097
157.988000000000099
158.153000000000099
158.288000000000099
158.433000000000099
158.589000000000099
158.748000000000099
160.431000000000101
161.327000000000102
161.471000000000102
161.752000000000102
161.929000000000102
162.364000000000103
162.452000000000103
162.756000000000103
162.910000000000103
163.238000000000103
163.445000000000104
163.662000000000104
163.685000000000104
163.788000000000104
163.846000000000104
164.128000000000104
164.378000000000104
164.460000000000104
164.536000000000104
164.710000000000105
164.851000000000105
164.949000000000105
165.051000000000105
165.366000000000105
165.582000000000105
165.669000000000106
165.944000000000106
166.022000000000106
166.198000000000106
166.404000000000106
166.682000000000106
166.905000000000107
167.148000000000107
167.569000000000107
167.618000000000107
168.117000000000108
168.264000000000108
168.398000000000108
168.618000000000108
168.747000000000108
168.879000000000108
169.003000000000108
169.920000000000109
170.059000000000109
170.20500000000011
170.33700000000011
170.48600000000011
170.63400000000011
170.77700000000011
171.29600000000011
171.440000000000111
171.592000000000111
171.728000000000111
171.883000000000111
172.042000000000111
172.204000000000111
172.361000000000111
172.673000000000112
172.826000000000112
173.411000000000112
173.559000000000112
173.720000000000113
173.874000000000113
174.095000000000113
174.436000000000113
174.932000000000114
175.066000000000114
175.213000000000114
175.373000000000114
175.631000000000114
175.797000000000114
179.602000000000118
180.146000000000118
180.412000000000119
180.757000000000119
182.09000000000012
182.22600000000012
182.37600000000012
183.095000000000121
183.236000000000121
183.387000000000121
183.550000000000121
183.710000000000122
183.881000000000122
184.294000000000122
184.435000000000122
184.630000000000122
184.924000000000123
185.092000000000123
185.255000000000123
185.432000000000123
185.712000000000123
185.883000000000123
187.311000000000125
187.615000000000125
190.184000000000127
190.326000000000127
190.473000000000128
190.633000000000128
190.801000000000128
191.187000000000128
191.600000000000129
191.929000000000129
192.086000000000129
192.257000000000129
192.431000000000129
192.93700000000013
193.41300000000013
193.45200000000013
193.48600000000013
193.75000000000013
194.051000000000131
194.214000000000131
194.234000000000131
194.382000000000131
194.551000000000131
194.857000000000131
195.239000000000132
195.853000000000132
196.062000000000132
198.349000000000135
198.469000000000135
198.618000000000135
198.774000000000135
198.931000000000135
199.096000000000135
199.271000000000135
199.440000000000135
199.606000000000136
199.786000000000136
199.960000000000136
200.123000000000136
200.294000000000136
200.413000000000136
200.431000000000136
200.452000000000136
200.484000000000136
200.726000000000137
200.889000000000137
201.107000000000137
201.289000000000137
201.469000000000137
201.652000000000137
201.855000000000138
202.049000000000138
202.229000000000138
202.402000000000138
202.577000000000138
202.751000000000138
202.929000000000139
204.02000000000014
204.17600000000014
204.46600000000014
204.63400000000014
204.79900000000014
204.98000000000014
205.156000000000141
205.334000000000141
205.510000000000141
205.694000000000141
205.886000000000141
206.066000000000141
206.252000000000142
206.433000000000142
206.617000000000142
206.804000000000142
206.988000000000142
207.182000000000142
207.388000000000143
207.619000000000143
207.881000000000143
208.071000000000143
208.263000000000143
208.442000000000143
208.910000000000144
209.065000000000144
209.233000000000144
209.414000000000144
209.588000000000144
209.764000000000145
209.917000000000145
210.543000000000145
210.703000000000145
210.823000000000146
210.903000000000146
211.073000000000146
211.252000000000146
212.167000000000147
212.837000000000147
212.994000000000148
216.32000000000015
216.478000000000151
216.663000000000151
216.781000000000151
216.959000000000151
217.109000000000151
217.301000000000151
217.477000000000152
217.590000000000152
219.455000000000153
219.678000000000153
219.833000000000154
220.312000000000154
220.421000000000154
221.128000000000155
221.445000000000155
221.608000000000155
221.779000000000155
221.961000000000155
222.141000000000156
222.318000000000156
222.498000000000156
222.685000000000156
222.904000000000156
223.086000000000156
223.269000000000157
223.507000000000157
223.691000000000157
223.873000000000157
224.059000000000157
224.263000000000158
224.467000000000158
224.664000000000158
224.880000000000158
225.112000000000158
225.291000000000158
225.472000000000159
225.656000000000159
225.841000000000159
226.024000000000159
226.208000000000159
226.69500000000016
226.85200000000016
227.02400000000016
227.19600000000016
227.37600000000016
227.58500000000016
227.770000000000161
266.189000000000195
266.309000000000195
286.329000000000213
286.437000000000213
286.649000000000213
289.746000000000216
289.859000000000216
289.992000000000216
290.136000000000216
290.283000000000216
290.694000000000217
290.794000000000217
291.040000000000217
291.254000000000217
291.396000000000217
291.767000000000217
292.097000000000218
292.248000000000218
292.394000000000218
292.548000000000218
292.705000000000218
292.872000000000218
293.038000000000219
293.212000000000219
293.565000000000219
293.740000000000219
293.909000000000219
294.08800000000022
294.26900000000022
294.45400000000022
294.63700000000022
294.92300000000022
295.09900000000022
295.268000000000221
295.443000000000221
295.627000000000221
295.789000000000221
295.972000000000221
296.962000000000222
297.121000000000222
297.289000000000222
297.906000000000223
298.228000000000223
298.420000000000223
298.549000000000224
298.685000000000224
298.807000000000224
298.867000000000224
299.736000000000225
300.027000000000225
300.274000000000225
300.724000000000225
300.882000000000226
301.048000000000226
301.211000000000226
302.203000000000227
304.179000000000228
304.269000000000229
304.469000000000229
304.594000000000229
305.047000000000229
305.269000000000229
305.87700000000023
306.24000000000023
306.37300000000023
309.408000000000233
309.671000000000233
346.889000000000266
347.006000000000267
347.282000000000267
347.419000000000267
347.573000000000267
347.745000000000267
348.163000000000268
348.214000000000268
348.452000000000268
348.687000000000268
348.852000000000268
349.170000000000268
349.479000000000269
349.637000000000269
349.679000000000269
349.790000000000269
349.861000000000269
350.028000000000269
350.049000000000269
350.245000000000269
350.61500000000027
350.86900000000027
351.00400000000027
355.650000000000274
373.84700000000029
532.169000000000431
532.311000000000431
532.710000000000431
532.813000000000432
686.341000000000568
687.468000000000569
687.590000000000569
687.704000000000569
687.821000000000569
687.940000000000569
688.068000000000569
688.28500000000057
688.41100000000057
688.53500000000057
688.64900000000057
688.99900000000057
689.12500000000057
689.24900000000057
689.372000000000571
689.509000000000571
689.632000000000571
689.768000000000571
689.886000000000571
690.007000000000571
690.132000000000571
690.256000000000571
690.386000000000572
690.517000000000572
690.650000000000572
690.769000000000572
690.903000000000572
691.020000000000572
691.183000000000572
691.552000000000573
691.679000000000573
691.816000000000573
691.959000000000573
692.100000000000573
692.233000000000573
692.369000000000573
692.863000000000574
692.996000000000574
693.139000000000574
693.271000000000574
693.399000000000574
693.553000000000574
693.686000000000574
693.821000000000575
693.962000000000575
694.118000000000575
694.276000000000575
694.416000000000575
694.568000000000575
694.708000000000575
694.846000000000575
694.990000000000576
695.150000000000576
695.291000000000576
695.454000000000576
695.628000000000576
695.769000000000576
695.903000000000576
696.040000000000576
696.564000000000577
696.592000000000577
696.719000000000577
696.876000000000577
697.032000000000577
697.182000000000578
697.833000000000578
697.965000000000578
698.112000000000578
698.272000000000578
699.005000000000579
699.148000000000579
699.310000000000579
699.56700000000058
699.72800000000058
699.89300000000058
700.06500000000058
700.22800000000058
700.923000000000581
701.068000000000581
701.220000000000581
701.400000000000581
702.119000000000582
702.373000000000582
702.482000000000582
702.846000000000583
703.080000000000583
703.597000000000583
703.839000000000583
703.987000000000584
704.137000000000584
704.296000000000584
704.713000000000584
704.772000000000584
704.887000000000584
705.335000000000585
705.462000000000585
705.672000000000585
705.694000000000585
706.270000000000586
706.424000000000586
706.643000000000586
706.713000000000586
706.951000000000586
707.090000000000586
707.235000000000586
707.412000000000587
708.735000000000588
709.408000000000588
709.540000000000588
709.690000000000589
709.839000000000589
709.998000000000589
710.008000000000589
710.170000000000589
710.336000000000589
710.499000000000589
710.68900000000059
710.88400000000059
711.05700000000059
711.23500000000059
711.41200000000059
711.58300000000059
711.74500000000059
712.378000000000591
712.387000000000591
712.553000000000591
712.718000000000591
712.876000000000592
713.388000000000592
713.588000000000592
713.894000000000592
714.347000000000593
714.566000000000593
714.862000000000593
716.508000000000595
717.870000000000596
718.000000000000596
718.291000000000596
718.457000000000596
718.579000000000597
718.660000000000597
718.810000000000597
718.980000000000597
719.247000000000597
719.405000000000597
719.682000000000598
719.830000000000598
719.997000000000598
720.155000000000598
720.323000000000598
720.488000000000598
721.115000000000599
721.411000000000599
721.544000000000599
721.712000000000599
724.148000000000602
724.989000000000602
725.138000000000602
726.126000000000603
726.219000000000603
726.317000000000603
726.409000000000604
726.704000000000604
727.066000000000604
727.333000000000604
727.617000000000605
727.790000000000605
727.909000000000605
728.780000000000606
728.924000000000606
728.965000000000606
728.989000000000606
729.297000000000606
729.614000000000606
731.220000000000608
731.370000000000608
731.521000000000608
731.688000000000608
731.843000000000608
732.014000000000608
732.635000000000609
732.822000000000609
733.22500000000061
733.45200000000061
735.341000000000611
735.481000000000612
735.884000000000612
735.995000000000612
736.110000000000612
736.246000000000612
736.525000000000612
736.650000000000613
736.693000000000613
737.021000000000613
737.186000000000613
737.764000000000614
738.071000000000614
738.174000000000614
738.347000000000614
738.626000000000614
738.924000000000615
739.186000000000615
739.223000000000615
739.572000000000615
739.826000000000615
740.123000000000616
740.406000000000616
740.851000000000616
741.236000000000617
741.937000000000617
742.802000000000618
743.080000000000618
743.211000000000618
743.351000000000619
743.520000000000619
743.689000000000619
743.840000000000619
744.001000000000619
744.82000000000062
744.93100000000062
745.21800000000062
745.36900000000062
745.52000000000062
745.791000000000621
745.970000000000621
746.342000000000621
746.501000000000621
746.672000000000622
746.841000000000622
747.021000000000622
747.673000000000622
747.900000000000623
753.101000000000627
753.293000000000627
753.408000000000627
753.616000000000628
753.915000000000628
754.229000000000628
754.335000000000628
754.480000000000628
754.642000000000629
755.138000000000629
755.220000000000629
755.393000000000629
755.512000000000629
755.71800000000063
755.98600000000063
756.53700000000063
756.868000000000631
757.252000000000631
758.890000000000632
761.547000000000635
761.659000000000635
761.743000000000635
761.835000000000635
761.959000000000635
762.270000000000635
763.086000000000636
766.710000000000639
804.361000000000673
804.564000000000673
804.806000000000673
804.815000000000673
805.155000000000673
805.413000000000674
805.542000000000674
806.000000000000674
806.152000000000674
806.410000000000675
806.628000000000675
807.072000000000675
807.157000000000675
807.313000000000675
807.381000000000675
807.684000000000676
807.825000000000676
808.213000000000676
808.352000000000676
808.566000000000676
808.879000000000677
809.213000000000677
809.658000000000677
809.710000000000677
809.880000000000678
810.220000000000678
810.567000000000678
810.656000000000678
810.755000000000678
810.940000000000679
811.180000000000679
811.447000000000679
892.384000000000751
892.677000000000751
893.156000000000752
893.978000000000752
910.213000000000767
934.401000000000788
934.584000000000788
934.828000000000789
934.940000000000789
935.202000000000789
935.320000000000789
935.423000000000789
935.553000000000789
935.746000000000789
935.88100000000079
936.29200000000079
936.44600000000079
936.57000000000079
936.67000000000079
937.045000000000791
937.230000000000791
937.418000000000791
937.595000000000791
937.736000000000791
937.870000000000791
938.022000000000791
938.176000000000792
938.737000000000792
938.859000000000792
939.001000000000792
939.152000000000792
939.318000000000793
939.460000000000793
939.625000000000793
939.785000000000793
940.574000000000794
940.832000000000794
968.795000000000819
968.899000000000819
969.016000000000819
969.131000000000819
969.240000000000819
969.452000000000819
969.69000000000082
969.82400000000082
970.959000000000821
971.085000000000821
971.676000000000821
976.105000000000825
976.517000000000826
976.888000000000826
977.044000000000826
977.171000000000826
997.148000000000844
1017.244000000000862
1017.355000000000862
1017.457000000000862
1127.02400000000096
1127.15500000000096
1127.23500000000096
1208.24100000000103
1208.33400000000103
1208.48100000000103
1208.77800000000103
1209.21200000000103
1209.33300000000103
1209.44300000000103
1209.54300000000103
1209.65800000000103
1209.85000000000103
1210.02900000000103
1210.06800000000103
1304.57500000000112
1304.65000000000112
1304.75400000000112
1305.48400000000112
1305.59200000000112
1305.71600000000112
1305.90600000000112
1306.02200000000112
1306.12500000000112
1306.28000000000112
1306.41900000000112
1306.51700000000112
1306.59900000000112
1306.86700000000112
1333.64400000000114
1334.01000000000114
1334.12200000000114
1334.23600000000114
1334.34200000000114
1334.46400000000114
1334.57500000000114
1334.68600000000114
1334.79100000000114
1334.88900000000114
1335.03300000000114
1335.40200000000114
1335.51400000000114
1335.73400000000114
1335.84000000000114
1335.96900000000114
1336.28500000000115
1336.40600000000115
1336.53500000000115
1336.77200000000115
1336.88600000000115
1337.00300000000115
1337.12700000000115
1337.24400000000115
1337.34900000000115
1337.48400000000115
1337.72600000000115
1337.85100000000115
1337.97400000000115
1338.10800000000115
1338.23900000000115
1338.36600000000115
1338.49300000000115
1338.60500000000115
1338.73900000000115
1338.86000000000115
1338.98700000000115
1339.13100000000115
1339.25500000000115
1339.38200000000115
1339.52500000000115
1339.64500000000115
1339.81100000000115
1340.24600000000115
1340.37400000000115
1340.52300000000115
1340.67600000000115
1340.81900000000115
1340.93600000000115
1341.57100000000115
1341.71400000000115
1341.86300000000115
1342.29700000000115
1342.45100000000115
1342.97000000000115
1343.08900000000115
1343.22100000000115
1343.70800000000115
1344.03400000000115
1344.16800000000115
1344.68500000000115
1344.98300000000115
1345.39900000000115
1345.69600000000115
1346.17100000000115
1346.23200000000115
1346.51000000000115
1346.86600000000115
1347.01100000000115
1347.32300000000115
1347.45500000000116
1347.49500000000116
1347.67300000000116
1347.69500000000116
1347.86200000000116
1348.13400000000116
1348.65900000000116
1348.87600000000116
1349.00700000000116
1349.18200000000116
1349.49400000000116
1349.59900000000116
1349.73900000000116
1349.86400000000116
1350.03600000000116
1350.22500000000116
1350.52600000000116
1358.89500000000117
1359.00000000000117
1359.14800000000117
1359.30000000000117
1359.46100000000117
1379.16200000000118
1379.26500000000118
1379.64200000000118
1379.76700000000118
1379.88400000000118
1380.17700000000118
1380.34400000000118
1380.44700000000118
1380.56600000000118
1380.66900000000118
1380.67500000000118
1380.75500000000118
1381.02200000000118
1381.46900000000119
1381.77300000000119
1406.81600000000121
1407.23800000000121
1407.59700000000121
1407.72600000000121
1408.56100000000121
1408.69800000000121
1408.87400000000121
1433.18000000000123
1433.31600000000123
1433.67700000000123
1433.81300000000123
1434.43900000000123
1434.56400000000123
1434.74200000000123
1434.89900000000123
1435.04900000000123
1438.89500000000124
1439.02200000000124
1439.40500000000124
1439.53900000000124
1444.53900000000124
1444.68900000000124
1445.02800000000124
1445.16000000000124
1445.30300000000124
1448.97800000000125
1449.10900000000125
1452.39600000000125
1454.42900000000125
1454.68800000000125
1454.93300000000125
1482.67500000000128
1484.81500000000128
1484.95700000000128
1485.06100000000128
1485.20100000000128
1486.47100000000128
1486.60400000000128
1486.76000000000128
1486.91500000000128
1500.53000000000129
1501.03200000000129
1501.16500000000129
1522.46100000000131
1522.82500000000131
1522.96400000000131
1589.25500000000137
1589.80100000000137
1589.92500000000137
1590.24800000000137
1590.37100000000137
1590.51300000000137
1608.11800000000139
1609.01500000000139
1609.16800000000139
1609.27100000000139
1609.37000000000139
1609.46800000000139
1609.58000000000139
1609.68800000000139
1609.81000000000139
1610.25100000000139
1610.37500000000139
1610.66500000000139
1610.77700000000139
1610.94800000000139
1611.34500000000139
1611.55500000000139
1611.64800000000139
1611.90300000000139
1612.00900000000139
1612.20000000000139
1612.57500000000139
1612.71500000000139
1613.21700000000139
1613.42000000000139
1615.04100000000139
1657.74700000000143
1658.08700000000143
1658.22300000000143
1658.58400000000143
1658.71200000000143
1658.88600000000143
1659.16400000000143
1817.88600000000157
1818.11500000000157
1818.25500000000157
1818.39000000000157
1955.4290000000017
2109.11199999999505
2158.5329999999896
2159.10899999998954
2159.21699999998953
2159.59799999998949
2159.81099999998946
2159.89999999998945
2160.00499999998944
2160.22499999998942
2160.3489999999894
2232.54699999998145
2233.11799999998139
2233.21299999998138
2233.42799999998136
2233.52499999998134
2233.76199999998132
2233.9049999999813
2234.31199999998126
2234.43899999998124
2234.57199999998123
2234.68999999998122
2234.8319999999812
2234.93999999998119
2235.08299999998117
2235.21899999998116
2235.35799999998114
2236.76899999998099
2351.84199999996831
2355.09799999996796
2355.51599999996791
2355.73199999996789
2355.87899999996787
2403.04999999996267
2407.94699999996213
2491.67599999995291
2491.8109999999529
2492.04599999995287
2492.48499999995282
2553.47199999994611
2563.68099999994498
2567.63899999994455
2567.74799999994454
2567.84799999994452
2567.95199999994451
2568.0369999999445
2568.29199999994448
2568.68599999994443
2568.75899999994442
2568.87399999994441
2568.9619999999444
2569.06899999994439
2569.18499999994438
2569.28699999994437
2569.40199999994435
2569.82699999994431
2572.52799999994401
2572.650999999944
2573.35999999994392
2573.4859999999439
2573.61899999994389
2573.74599999994387
2573.86699999994386
2573.99199999994385
2574.12099999994383
2574.24399999994382
2574.36699999994381
2574.48199999994379
2574.61199999994378
2574.73999999994377
2574.88599999994375
2575.02299999994373
2575.15699999994372
2575.27699999994371
2575.39899999994369
2575.52999999994368
2575.67799999994366
2575.82099999994365
2575.95799999994363
2576.10799999994361
2576.33499999994359
2576.45499999994358
2576.58499999994356
2576.73399999994355
2576.87799999994353
2577.01099999994352
2577.1479999999435
2577.28299999994349
2577.43499999994347
2577.57699999994345
2577.83099999994342
2577.96299999994341
2578.0949999999434
2578.22899999994338
2578.36599999994337
2578.49799999994335
2578.62499999994334
2578.74799999994332
2578.87299999994331
2578.9969999999433
2579.12599999994328
2579.25499999994327
2579.40199999994325
2579.53899999994324
2579.66599999994322
2579.79899999994321
2579.92699999994319
2580.07899999994318
2580.20699999994316
2580.35099999994315
2580.46599999994313
2580.59399999994312
2580.73299999994311
2580.88099999994309
2581.02899999994307
2581.16899999994306
2581.28999999994304
2581.41499999994303
2581.54799999994302
2581.677999999943
2581.81399999994299
2581.94699999994297
2582.08299999994296
2582.21599999994294
2582.34599999994293
2582.47399999994291
2582.6219999999429
2582.75999999994288
2583.02899999994285
2583.16499999994284
2583.30499999994282
2583.43799999994281
2583.57799999994279
2583.71199999994278
2583.84999999994276
2583.99399999994275
2584.12799999994273
2584.26099999994272
2584.4029999999427
2584.53899999994269
2584.67499999994267
2584.82299999994265
2584.98699999994264
2585.14899999994262
2585.2779999999426
2585.43599999994259
2585.58899999994257
2585.71699999994256
2585.87499999994254
2586.94899999994242
2587.07299999994241
2587.66099999994234
2588.25999999994228
2588.39899999994226
2588.56299999994224
2588.72599999994222
2588.89599999994221
2589.50699999994214
2589.65099999994212
2589.79899999994211
2589.95799999994209
2590.11399999994207
2590.724999999942
2590.86899999994199
2591.02699999994197
2591.20899999994195
2591.37899999994193
2591.96199999994187
2592.09099999994185
2592.22899999994184
2592.39399999994182
2592.79499999994178
2592.94199999994176
2593.09299999994174
2593.26099999994173
2593.66999999994168
2593.83799999994166
2593.98699999994165
2594.54699999994158
2594.66499999994157
2594.83099999994155
2595.00799999994153
2595.66799999994146
2596.71899999994134
2596.85399999994133
2597.25099999994129
2597.56499999994125
2597.58599999994125
2597.69299999994124
2597.85799999994122
2598.0259999999412
2598.11899999994119
2598.16399999994119
2598.61599999994114
2598.75799999994112
2599.06299999994109
2599.12899999994108
2599.20099999994107
2599.35399999994105
2599.37599999994105
2599.59299999994103
2599.97099999994099
2600.00199999994098
2600.10699999994097
2600.40899999994094
2600.64799999994091
2600.7639999999409
2600.80599999994089
2600.97899999994088
2601.16999999994085
2601.31699999994084
2601.46699999994082
2601.78299999994079
2601.91999999994077
2602.39299999994072
2602.47399999994071
2602.66999999994069
2602.90699999994066
2603.31399999994062
2603.4729999999406
2603.62299999994058
2604.46099999994049
2604.62099999994047
2605.99199999994032
2606.07399999994031
2606.43099999994028
2606.55799999994026
2606.83999999994023
2606.95299999994022
2607.18799999994019
2607.31899999994018
2607.37999999994017
2607.65499999994014
2607.78499999994013
2607.95199999994011
2608.13399999994009
2608.24399999994008
2608.37299999994006
2608.52099999994004
2608.66999999994003
2610.45999999993983
2611.03599999993977
2611.13099999993976
2611.25199999993974
2611.38799999993973
2611.6099999999397
2611.6439999999397
2611.96699999993967
2612.19399999993964
2612.35199999993962
2612.51199999993961
2612.66899999993959
2612.83199999993957
2612.98099999993955
2613.16099999993953
2613.32899999993952
2613.99299999993944
2614.14299999993943
2620.51299999993872
2620.63099999993871
2620.88699999993868
2620.96599999993867
2621.12199999993866
2621.15299999993865
2621.21399999993865
2621.41999999993862
2621.71699999993859
2621.85699999993858
2622.22999999993854
2622.31899999993853
2622.46399999993851
2622.65599999993849
2622.97299999993845
2623.11699999993844
2623.56799999993839
2623.70999999993837
2623.86399999993836
2623.97699999993834
2624.3879999999383
2624.72499999993826
2624.86099999993825
2625.02099999993823
2627.13399999993799
2627.30699999993798
2633.02299999993735
2633.27499999993732
2633.35699999993731
2633.4669999999373
2633.75599999993727
2633.91999999993725
2634.3319999999372
2634.46799999993719
2634.71899999993716
2634.88999999993714
2635.10999999993712
2635.12499999993711
2635.3029999999371
2635.40099999993708
2635.51499999993707
2635.64899999993706
2636.01799999993702
2636.168999999937
2636.44999999993697
2636.56299999993696
2636.66899999993694
2636.76699999993693
2637.22099999993688
2637.32499999993687
2637.51199999993685
2637.64799999993684
2638.0159999999368
2638.31499999993676
2638.41299999993675
2638.65799999993673
2638.9049999999367
2638.96199999993669
2639.02499999993669
2639.45699999993664
2639.59299999993662
2639.73499999993661
2693.56499999993068
2693.74999999993066
2693.86699999993065
2693.98799999993063
2694.2919999999306
2694.37699999993059
2694.49399999993058
2694.58999999993057
2694.71899999993055
2694.73799999993055
2694.79199999993054
2694.91799999993053
2695.05699999993051
2695.1829999999305
2695.49999999993047
2695.73399999993044
2695.92399999993042
2696.21899999993039
2696.36799999993037
2696.55499999993035
2697.21899999993028
2697.64099999993023
2702.69999999992967
2703.02099999992964
2703.14099999992962
2703.45399999992959
2703.57399999992958
2703.68599999992956
2703.94899999992954
2704.16099999992951
2704.38999999992949
2704.39699999992949
2704.54999999992947
2704.69099999992945
2705.02499999992942
2705.12099999992941
2705.25799999992939
2705.47599999992937
2705.55799999992936
2705.68699999992934
2705.79799999992933
2705.89599999992932
2706.17399999992929
2706.31399999992927
2706.46099999992926
2708.08799999992908
2708.22899999992906
2708.828999999929
2709.78499999992889
2711.79999999992867
2711.96099999992865
2712.09199999992864
2713.18099999992852
2715.01599999992832
2715.1659999999283
2715.99999999992821
2716.75199999992812
2716.87699999992811
2721.12799999992764
2721.23899999992763
2721.38199999992762
2721.65599999992758
2721.71799999992758
2721.72899999992758
2721.94999999992755
2722.4329999999275
2722.52699999992749
2722.64499999992748
2722.73599999992747
2722.89699999992745
2723.09199999992743
2723.23099999992741
2723.57099999992737
2723.67799999992736
2723.80599999992735
2724.02399999992732
2724.19099999992731
2724.50599999992727
2724.78899999992724
2724.96999999992722
2725.08799999992721
2725.36499999992718
2725.48699999992716
2725.81399999992713
2726.0259999999271
2726.19199999992708
2727.75699999992691
2732.94799999992634
2733.04899999992633
2733.13699999992632
2733.24599999992631
2733.3419999999263
2733.44699999992629
2733.56899999992627
2739.10699999992566
2739.21499999992565
2739.47599999992562
2739.6389999999256
2739.87699999992558
2739.95299999992557
2740.06999999992556
2740.51599999992551
2740.67099999992549
2740.78399999992548
2741.11599999992544
2741.23899999992543
2836.02399999991499
2836.14799999991498
2836.37099999991495
2836.47199999991494
2836.60699999991492
2836.8029999999149
2836.90999999991489
2837.11099999991487
2837.24599999991485
2837.55499999991482
2837.68699999991481
2837.96599999991478
2908.68899999990699
2908.82299999990697
2909.07099999990694
2909.19199999990693
2909.4339999999069
2909.5069999999069
2909.65999999990688
2909.74199999990687
2909.85599999990686
2909.94599999990685
2910.48599999990679
2956.7019999999017
2956.90799999990168
2957.03099999990166
2957.32499999990163
2957.41999999990162
2957.5469999999016
2957.77899999990158
2958.19399999990153
2959.13499999990143
2959.26999999990142
2975.33099999989965
2975.57099999989962
2975.68799999989961
2976.03799999989957
2976.29299999989954
2976.44299999989952
2976.55399999989951
2976.6639999998995
2976.77199999989949
2976.89099999989947
2977.02199999989946
2977.51099999989941
2983.81099999989871
3045.61699999989191
3045.6539999998919
3115.76699999988418
3206.14499999987423
3206.26299999987421
3206.3969999998742
3206.51899999987418
3206.64099999987417
3206.87799999987415
3207.01399999987413
3207.15399999987411
3207.3319999998741
3208.202999999874
3208.36399999987398
3213.87599999987337
3214.02099999987336
3293.5899999998646
3294.01299999986455
3294.23399999986452
3294.4429999998645
3294.55199999986449
3294.66099999986448
3294.81199999986446
3294.93199999986445
3295.07999999986443
3295.3779999998644
3295.48199999986439
3295.62299999986437
3295.93999999986434
3300.36099999986385
3300.47999999986384
3300.56799999986383
3300.91299999986379
3301.03999999986378
3301.18699999986376
3304.51099999986339
3304.63399999986338
3304.73899999986337
3304.88399999986335
3305.00499999986334
3370.7329999998561
3374.27999999985571
3391.52199999985381
3391.66299999985379
3391.80499999985378
3391.94499999985376
3392.05699999985375
3392.17999999985374
3392.30699999985372
3392.43099999985371
3392.5519999998537
3392.67799999985368
3392.79299999985367
3392.90899999985366
3393.03999999985364
3393.16899999985363
3393.29399999985361
3393.4219999998536
3393.54899999985359
3393.68499999985357
3393.80699999985356
3393.94299999985354
3394.07399999985353
3394.20399999985351
3394.3389999998535
3394.47599999985348
3394.62199999985347
3395.36399999985339
3395.49199999985337
3395.62499999985336
3395.75399999985334
3395.87299999985333
3396.00699999985332
3396.1389999998533
3396.26299999985329
3396.40399999985327
3396.53599999985326
3396.67299999985324
3396.79699999985323
3396.93499999985321
3397.0859999998532
3397.23899999985318
3397.39999999985316
3397.72899999985313
3397.86999999985311
3398.0119999998531
3398.17199999985308
3398.76199999985301
3398.896999999853
3399.05199999985298
3399.70199999985291
3399.84999999985289
3400.00299999985288
3400.17099999985286
3400.80299999985279
3400.96199999985277
3401.11999999985275
3402.5439999998526
3402.85599999985256
3402.97399999985255
3403.14199999985253
3403.51799999985249
3403.65299999985247
3404.08699999985243
3404.20799999985241
3404.53099999985238
3404.65799999985236
3405.05599999985232
3408.18499999985197
3408.55799999985193
3408.8499999998519
3409.00899999985188
3409.30799999985185
3409.60799999985182
3409.7399999998518
3409.87399999985179
3410.01999999985177
3412.74099999985147
3412.86099999985146
3412.96399999985145
3413.07499999985144
3413.17499999985142
3413.3759999998514
3413.52299999985139
3456.63799999984664
3456.86899999984661
3457.0039999998466
3457.19199999984658
3457.42699999984655
3457.53099999984654
3457.66199999984653
3457.77899999984651
3458.00399999984649
3458.13099999984647
3458.55199999984643
3458.68399999984641
3458.8239999998464
3459.31999999984634
3459.47199999984633
3459.80599999984629
3460.91099999984617
3460.99299999984616
3461.26599999984613
3461.47499999984611
3461.69099999984608
3461.86899999984606
3462.00299999984605
3462.15099999984603
3462.85499999984595
3462.99699999984594
3500.35599999984182
3500.66499999984179
3500.79099999984178
3500.79999999984177
3501.17599999984173
3501.29499999984172
3501.41399999984171
3501.5029999998417
3501.79099999984167
3501.93699999984165
3502.22899999984162
3502.3599999998416
3502.48699999984159
3502.73199999984156
3502.83799999984155
3529.5789999998386
3530.04199999983855
3530.33399999983852
3530.5359999998385
3530.68499999983848
3531.28699999983842
3531.84199999983836
3531.98999999983834
3553.228999999836
3553.36199999983599
3553.46399999983597
3553.70799999983595
3553.83599999983593
3554.0989999998359
3569.80099999983418
3570.05299999983415
3570.18299999983413
3570.29199999983412
3570.4359999998341
3570.56999999983409
-2
0.042
0.183
0.312
2.16700000000000003
2.30500000000000004
2.45200000000000004
2.59500000000000004
2.74800000000000004
2.90100000000000005
3.04800000000000005
3.20000000000000005
3.36100000000000006
3.49100000000000006
21.4309999999999957
21.4579999999999957
21.6019999999999956
21.6279999999999956
22.3609999999999949
22.4729999999999948
22.6019999999999947
22.7359999999999946
22.8799999999999945
23.0279999999999944
23.1819999999999942
23.3279999999999941
23.488999999999994
23.6309999999999939
23.7919999999999937
23.9379999999999936
24.0869999999999935
24.666999999999993
24.8139999999999929
24.9659999999999927
25.1079999999999926
25.2609999999999925
25.6119999999999922
27.2749999999999908
27.4379999999999906
27.6019999999999905
27.7809999999999903
27.9569999999999902
30.4559999999999881
30.6249999999999879
30.7959999999999878
30.9759999999999876
32.0639999999999868
32.232999999999987
32.4099999999999871
32.5839999999999873
49.9590000000000027
50.2010000000000029
50.305000000000003
51.4600000000000041
51.5200000000000041
51.6750000000000042
51.8310000000000044
83.2380000000000323
83.3640000000000324
84.5280000000000334
84.8630000000000337
85.0280000000000339
85.156000000000034
144.260000000000086
144.372000000000087
144.484000000000087
144.598000000000087
144.928000000000087
145.047000000000087
145.170000000000087
145.288000000000087
145.414000000000088
145.690000000000088
145.828000000000088
145.946000000000088
146.082000000000088
146.208000000000088
146.341000000000088
146.725000000000089
146.876000000000089
147.013000000000089
147.159000000000089
147.306000000000089
147.466000000000089
147.644000000000089
147.79600000000009
147.95600000000009
148.10400000000009
148.24600000000009
148.40400000000009
148.51800000000009
148.958000000000091
149.104000000000091
149.265000000000091
149.427000000000091
149.589000000000091
149.738000000000091
149.868000000000091
150.388000000000092
150.549000000000092
150.716000000000092
150.836000000000092
151.846000000000093
151.990000000000093
152.151000000000094
152.337000000000094
152.989000000000094
153.148000000000094
153.311000000000095
154.349000000000095
154.448000000000096
154.590000000000096
154.777000000000096
154.925000000000096
156.594000000000097
158.042000000000099
158.201000000000099
158.352000000000099
158.503000000000099
158.657000000000099
158.818000000000099
160.451000000000101
161.383000000000102
161.514000000000102
161.787000000000102
162.148000000000102
162.420000000000103
162.512000000000103
162.820000000000103
162.965000000000103
163.306000000000103
163.643000000000104
163.684000000000104
163.704000000000104
163.815000000000104
163.923000000000104
164.246000000000104
164.410000000000104
164.495000000000104
164.598000000000105
164.754000000000105
164.936000000000105
165.001000000000105
165.272000000000105
165.502000000000105
165.655000000000105
165.687000000000106
165.977000000000106
166.064000000000106
166.363000000000106
166.479000000000106
166.756000000000106
166.982000000000107
167.256000000000107
167.600000000000107
167.909000000000107
168.173000000000108
168.319000000000108
168.436000000000108
168.663000000000108
168.795000000000108
168.927000000000108
169.061000000000109
169.977000000000109
170.129000000000109
170.25700000000011
170.40400000000011
170.55000000000011
170.70000000000011
170.81700000000011
171.358000000000111
171.510000000000111
171.652000000000111
171.803000000000111
171.959000000000111
172.124000000000111
172.283000000000111
172.597000000000112
172.743000000000112
172.908000000000112
173.486000000000112
173.640000000000113
173.787000000000113
173.951000000000113
174.153000000000113
174.526000000000113
174.974000000000114
175.131000000000114
175.279000000000114
175.430000000000114
175.702000000000114
175.871000000000115
179.654000000000118
180.172000000000118
180.687000000000119
180.784000000000119
182.14200000000012
182.28800000000012
182.41400000000012
183.157000000000121
183.302000000000121
183.470000000000121
183.628000000000121
183.797000000000122
183.991000000000122
184.432000000000122
184.534000000000122
184.822000000000122
184.996000000000123
185.167000000000123
185.342000000000123
185.531000000000123
185.790000000000123
185.957000000000124
187.342000000000125
187.636000000000125
190.255000000000127
190.391000000000127
190.549000000000128
190.701000000000128
190.877000000000128
191.490000000000128
191.657000000000129
192.001000000000129
192.170000000000129
192.341000000000129
192.516000000000129
193.22400000000013
193.43200000000013
193.47000000000013
193.54400000000013
193.830000000000131
194.198000000000131
194.223000000000131
194.302000000000131
194.452000000000131
194.603000000000131
194.869000000000131
195.484000000000132
196.008000000000132
196.136000000000133
198.403000000000135
198.537000000000135
198.693000000000135
198.845000000000135
199.001000000000135
199.221000000000135
199.388000000000135
199.547000000000136
199.693000000000136
199.951000000000136
200.039000000000136
200.225000000000136
200.411000000000136
200.425000000000136
200.443000000000136
200.469000000000136
200.652000000000137
200.870000000000137
201.004000000000137
201.258000000000137
201.372000000000137
201.556000000000137
201.737000000000138
202.003000000000138
202.147000000000138
202.304000000000138
202.483000000000138
202.654000000000138
202.831000000000138
203.015000000000139
204.07700000000014
204.25100000000014
204.52700000000014
204.71100000000014
204.90800000000014
205.06000000000014
205.241000000000141
205.415000000000141
205.593000000000141
205.782000000000141
205.997000000000141
206.212000000000142
206.362000000000142
206.547000000000142
206.752000000000142
206.916000000000142
207.090000000000142
207.299000000000142
207.520000000000143
207.837000000000143
207.973000000000143
208.171000000000143
208.365000000000143
208.517000000000144
208.990000000000144
209.168000000000144
209.342000000000144
209.546000000000144
209.702000000000145
209.823000000000145
210.011000000000145
210.609000000000145
210.798000000000146
210.853000000000146
210.987000000000146
211.165000000000146
211.348000000000146
212.185000000000147
212.872000000000147
213.076000000000148
216.395000000000151
216.557000000000151
216.694000000000151
216.882000000000151
217.009000000000151
217.162000000000151
217.382000000000151
217.506000000000152
217.656000000000152
219.560000000000153
219.748000000000154
219.930000000000154
220.335000000000154
220.448000000000154
221.380000000000155
221.524000000000155
221.694000000000155
221.876000000000155
222.082000000000156
222.294000000000156
222.443000000000156
222.600000000000156
222.850000000000156
223.054000000000156
223.180000000000157
223.370000000000157
223.615000000000157
223.787000000000157
223.964000000000157
224.148000000000157
224.388000000000158
224.583000000000158
224.768000000000158
225.011000000000158
225.232000000000158
225.393000000000159
225.562000000000159
225.743000000000159
225.933000000000159
226.123000000000159
226.323000000000159
226.78400000000016
226.94000000000016
227.10700000000016
227.29700000000016
227.49200000000016
227.719000000000161
227.807000000000161
266.247000000000195
266.360000000000195
286.367000000000213
286.488000000000213
286.672000000000213
289.789000000000216
289.925000000000216
290.067000000000216
290.238000000000216
290.327000000000216
290.757000000000217
290.848000000000217
291.101000000000217
291.348000000000217
291.677000000000217
291.836000000000218
292.159000000000218
292.321000000000218
292.462000000000218
292.645000000000218
292.825000000000218
293.019000000000219
293.181000000000219
293.509000000000219
293.666000000000219
293.860000000000219
294.03700000000022
294.20600000000022
294.37100000000022
294.53900000000022
294.72400000000022
295.00700000000022
295.17900000000022
295.368000000000221
295.556000000000221
295.725000000000221
295.896000000000221
296.087000000000221
297.033000000000222
297.189000000000222
297.338000000000222
298.046000000000223
298.247000000000223
298.469000000000223
298.661000000000224
298.756000000000224
298.860000000000224
299.567000000000224
299.779000000000225
300.087000000000225
300.508000000000225
300.799000000000226
300.953000000000226
301.108000000000226
301.268000000000226
302.222000000000227
304.213000000000229
304.316000000000229
304.514000000000229
304.855000000000229
305.162000000000229
305.59900000000023
305.89400000000023
306.28600000000023
306.43100000000023
309.439000000000233
309.699000000000233
346.932000000000266
347.056000000000267
347.292000000000267
347.484000000000267
347.619000000000267
348.124000000000268
348.169000000000268
348.266000000000268
348.520000000000268
348.715000000000268
349.000000000000268
349.325000000000269
349.554000000000269
349.658000000000269
349.725000000000269
349.859000000000269
349.870000000000269
350.044000000000269
350.110000000000269
350.43100000000027
350.70000000000027
350.95700000000027
351.03600000000027
355.773000000000274
373.89100000000029
532.219000000000431
532.356000000000431
532.793000000000432
532.883000000000432
686.357000000000568
687.513000000000569
687.630000000000569
687.750000000000569
687.872000000000569
687.995000000000569
688.109000000000569
688.33800000000057
688.46100000000057
688.57700000000057
688.69700000000057
689.04600000000057
689.17400000000057
689.302000000000571
689.429000000000571
689.537000000000571
689.688000000000571
689.814000000000571
689.933000000000571
690.058000000000571
690.176000000000571
690.297000000000571
690.439000000000572
690.575000000000572
690.700000000000572
690.826000000000572
690.984000000000572
691.087000000000572
691.256000000000572
691.592000000000573
691.735000000000573
691.883000000000573
692.024000000000573
692.159000000000573
692.281000000000573
692.404000000000573
692.911000000000574
693.064000000000574
693.193000000000574
693.319000000000574
693.459000000000574
693.609000000000574
693.741000000000574
693.878000000000575
694.032000000000575
694.193000000000575
694.332000000000575
694.491000000000575
694.627000000000575
694.763000000000575
694.908000000000576
695.070000000000576
695.208000000000576
695.369000000000576
695.535000000000576
695.699000000000576
695.832000000000576
695.953000000000576
696.073000000000577
696.587000000000577
696.636000000000577
696.792000000000577
696.948000000000577
697.098000000000577
697.237000000000578
697.888000000000578
698.032000000000578
698.185000000000578
698.343000000000579
699.069000000000579
699.220000000000579
699.35000000000058
699.63300000000058
699.81200000000058
699.97300000000058
700.13000000000058
700.31000000000058
700.942000000000581
701.140000000000581
701.296000000000581
701.486000000000581
702.188000000000582
702.454000000000582
702.604000000000582
702.958000000000583
703.319000000000583
703.624000000000583
703.906000000000584
704.051000000000584
704.214000000000584
704.366000000000584
704.735000000000584
704.854000000000584
705.329000000000585
705.406000000000585
705.574000000000585
705.687000000000585
706.082000000000585
706.295000000000586
706.628000000000586
706.663000000000586
706.745000000000586
707.017000000000586
707.159000000000586
707.308000000000586
707.422000000000587
708.807000000000588
709.458000000000588
709.602000000000589
709.763000000000589
709.923000000000589
710.001000000000589
710.098000000000589
710.271000000000589
710.432000000000589
710.601000000000589
710.80700000000059
711.00600000000059
711.15300000000059
711.32500000000059
711.50400000000059
711.65800000000059
711.77900000000059
712.385000000000591
712.475000000000591
712.632000000000591
712.802000000000591
712.953000000000592
713.503000000000592
713.697000000000592
713.950000000000592
714.359000000000593
714.633000000000593
714.883000000000593
716.520000000000595
717.921000000000596
718.058000000000596
718.330000000000596
718.578000000000597
718.599000000000597
718.720000000000597
718.959000000000597
719.011000000000597
719.307000000000597
719.469000000000597
719.731000000000598
719.910000000000598
720.072000000000598
720.248000000000598
720.423000000000598
720.585000000000598
721.161000000000599
721.448000000000599
721.649000000000599
721.796000000000599
724.172000000000602
725.039000000000602
725.203000000000602
726.143000000000603
726.247000000000603
726.338000000000603
726.684000000000604
727.024000000000604
727.257000000000604
727.573000000000605
727.677000000000605
727.835000000000605
728.408000000000605
728.921000000000606
728.931000000000606
728.973000000000606
729.289000000000606
729.309000000000606
729.675000000000606
731.291000000000608
731.436000000000608
731.590000000000608
731.758000000000608
731.925000000000608
732.128000000000609
732.644000000000609
732.936000000000609
733.26000000000061
733.52000000000061
735.412000000000612
735.531000000000612
735.948000000000612
736.109000000000612
736.146000000000612
736.457000000000612
736.632000000000613
736.667000000000613
736.880000000000613
737.093000000000613
737.631000000000613
737.885000000000614
738.125000000000614
738.286000000000614
738.621000000000614
738.782000000000614
739.139000000000615
739.201000000000615
739.364000000000615
739.723000000000615
740.012000000000616
740.252000000000616
740.743000000000616
740.923000000000616
741.254000000000617
741.957000000000617
742.834000000000618
743.143000000000618
743.268000000000618
743.416000000000619
743.590000000000619
743.754000000000619
743.935000000000619
744.098000000000619
744.86900000000062
745.04400000000062
745.28500000000062
745.41400000000062
745.55000000000062
745.861000000000621
746.036000000000621
746.420000000000621
746.564000000000621
746.747000000000622
746.950000000000622
747.114000000000622
747.767000000000622
747.970000000000623
753.123000000000627
753.321000000000627
753.427000000000628
753.895000000000628
754.048000000000628
754.254000000000628
754.366000000000628
754.515000000000628
754.695000000000629
755.174000000000629
755.275000000000629
755.507000000000629
755.591000000000629
755.96000000000063
756.19400000000063
756.77100000000063
757.108000000000631
757.510000000000631
758.913000000000632
761.581000000000635
761.693000000000635
761.793000000000635
761.880000000000635
762.239000000000635
762.306000000000635
763.111000000000636
766.763000000000639
804.397000000000673
804.585000000000673
804.814000000000673
804.852000000000673
805.196000000000673
805.462000000000674
805.596000000000674
806.071000000000674
806.215000000000674
806.552000000000675
806.985000000000675
807.100000000000675
807.206000000000675
807.341000000000675
807.410000000000675
807.747000000000676
807.884000000000676
808.280000000000676
808.411000000000676
808.823000000000677
809.051000000000677
809.409000000000677
809.675000000000677
809.826000000000678
810.160000000000678
810.363000000000678
810.625000000000678
810.732000000000678
810.902000000000678
811.120000000000679
811.369000000000679
811.630000000000679
892.421000000000751
892.706000000000751
893.195000000000752
893.999000000000752
910.252000000000767
934.420000000000788
934.628000000000788
934.863000000000789
934.982000000000789
935.250000000000789
935.352000000000789
935.455000000000789
935.606000000000789
935.78400000000079
936.14200000000079
936.32900000000079
936.50000000000079
936.61500000000079
936.71000000000079
937.102000000000791
937.287000000000791
937.477000000000791
937.653000000000791
937.803000000000791
937.959000000000791
938.127000000000792
938.299000000000792
938.788000000000792
938.927000000000792
939.079000000000792
939.206000000000792
939.382000000000793
939.549000000000793
939.717000000000793
939.903000000000793
940.579000000000794
940.873000000000794
968.821000000000819
968.953000000000819
969.070000000000819
969.178000000000819
969.277000000000819
969.481000000000819
969.74200000000082
969.87700000000082
971.012000000000821
971.098000000000821
971.756000000000821
976.115000000000825
976.579000000000826
976.940000000000826
977.088000000000826
977.240000000000826
997.183000000000844
1017.268000000000862
1017.373000000000862
1017.492000000000862
1127.06400000000096
1127.18200000000096
1127.28400000000096
1208.26400000000103
1208.38900000000103
1208.50900000000103
1208.84700000000103
1209.27700000000103
1209.38100000000103
1209.49300000000103
1209.59200000000103
1209.71500000000103
1209.93300000000103
1210.04300000000103
1210.27300000000103
1304.60100000000112
1304.69300000000112
1304.79500000000112
1305.53200000000112
1305.63600000000112
1305.74700000000112
1305.97800000000112
1306.05800000000112
1306.16200000000112
1306.28600000000112
1306.46300000000112
1306.56100000000112
1306.66700000000112
1306.94600000000112
1333.67400000000114
1334.04000000000114
1334.16700000000114
1334.28000000000114
1334.38300000000114
1334.50500000000114
1334.61600000000114
1334.73000000000114
1334.86800000000114
1334.94900000000114
1335.07700000000114
1335.42400000000114
1335.55000000000114
1335.75300000000114
1335.88800000000114
1335.99900000000114
1336.32700000000115
1336.45800000000115
1336.56600000000115
1336.80400000000115
1336.92400000000115
1337.05000000000115
1337.17000000000115
1337.27800000000115
1337.41100000000115
1337.53200000000115
1337.77200000000115
1337.89800000000115
1338.02500000000115
1338.15700000000115
1338.28800000000115
1338.41500000000115
1338.52400000000115
1338.65900000000115
1338.77800000000115
1338.90300000000115
1339.04800000000115
1339.17400000000115
1339.29200000000115
1339.43900000000115
1339.55900000000115
1339.70900000000115
1339.86600000000115
1340.31400000000115
1340.43600000000115
1340.58900000000115
1340.73400000000115
1340.85000000000115
1341.00600000000115
1341.63300000000115
1341.78200000000115
1341.92800000000115
1342.36700000000115
1342.52100000000115
1343.01000000000115
1343.14600000000115
1343.27900000000115
1343.74300000000115
1344.08500000000115
1344.22300000000115
1344.76000000000115
1345.07000000000115
1345.60700000000115
1345.74600000000115
1346.22700000000115
1346.32100000000115
1346.78800000000115
1346.92400000000115
1347.06800000000115
1347.44800000000116
1347.47600000000116
1347.52900000000116
1347.69300000000116
1347.75500000000116
1348.07000000000116
1348.46300000000116
1348.69700000000116
1348.93200000000116
1349.07000000000116
1349.23600000000116
1349.51700000000116
1349.63000000000116
1349.79500000000116
1349.96400000000116
1350.12600000000116
1350.49000000000116
1350.54100000000116
1358.91900000000117
1359.05400000000117
1359.20600000000117
1359.36400000000117
1359.52400000000117
1379.20200000000118
1379.30300000000118
1379.68100000000118
1379.80400000000118
1379.92800000000118
1380.20200000000118
1380.39000000000118
1380.48700000000118
1380.58700000000118
1380.67400000000118
1380.68500000000118
1380.79400000000118
1381.08100000000118
1381.66000000000119
1381.78600000000119
1406.84600000000121
1407.27700000000121
1407.64000000000121
1407.77200000000121
1408.59000000000121
1408.74600000000121
1408.89700000000121
1433.21200000000123
1433.33800000000123
1433.71900000000123
1433.86300000000123
1434.47300000000123
1434.60600000000123
1434.80600000000123
1434.96400000000123
1435.13800000000123
1438.95700000000124
1439.07600000000124
1439.45200000000124
1439.58000000000124
1444.58000000000124
1444.73300000000124
1445.07700000000124
1445.21000000000124
1445.34700000000124
1449.01700000000125
1449.17300000000125
1452.42500000000125
1454.46300000000125
1454.72600000000125
1454.98000000000125
1482.71400000000128
1484.88400000000128
1485.01100000000128
1485.15100000000128
1485.26500000000128
1486.50400000000128
1486.65500000000128
1486.81700000000128
1486.97400000000128
1500.58100000000129
1501.07900000000129
1501.21900000000129
1522.49500000000131
1522.86100000000131
1523.00900000000131
1589.30000000000137
1589.86100000000137
1589.96000000000137
1590.26700000000137
1590.41900000000137
1590.55800000000137
1608.13700000000139
1609.04800000000139
1609.19400000000139
1609.30000000000139
1609.40800000000139
1609.49600000000139
1609.59600000000139
1609.72300000000139
1609.85800000000139
1610.32900000000139
1610.55000000000139
1610.75200000000139
1610.88000000000139
1611.17400000000139
1611.53000000000139
1611.60100000000139
1611.74300000000139
1611.96100000000139
1612.06100000000139
1612.48000000000139
1612.62800000000139
1612.78700000000139
1613.32400000000139
1613.46700000000139
1615.11600000000139
1657.79800000000143
1658.12600000000143
1658.27200000000143
1658.67000000000143
1658.77600000000143
1659.09700000000143
1659.19200000000143
1817.92100000000157
1818.13300000000157
1818.30200000000157
1818.45600000000157
1955.4600000000017
2109.13699999999504
2158.5659999999896
2159.12599999998954
2159.24799999998953
2159.62499999998948
2159.84199999998946
2159.95199999998945
2160.03599999998944
2160.26299999998941
2160.4029999999894
2232.58199999998145
2233.15399999998139
2233.25599999998137
2233.46199999998135
2233.55899999998134
2233.79699999998131
2233.9539999999813
2234.35299999998125
2234.51199999998124
2234.63899999998122
2234.75599999998121
2234.8569999999812
2234.99399999998118
2235.10499999998117
2235.26699999998115
2235.40899999998114
2236.80199999998098
2351.85299999996831
2355.12499999996795
2355.54999999996791
2355.77099999996788
2355.93099999996786
2403.07199999996267
2407.98299999996213
2491.70299999995291
2491.8339999999529
2492.08599999995287
2492.53999999995282
2553.5069999999461
2563.71499999994498
2567.67299999994454
2567.78799999994453
2567.88599999994452
2567.97999999994451
2568.0809999999445
2568.31799999994447
2568.69799999994443
2568.79699999994442
2568.90499999994441
2569.0109999999444
2569.11699999994438
2569.22499999994437
2569.35399999994436
2569.48799999994434
2569.8709999999443
2572.55999999994401
2572.71099999994399
2573.39199999994391
2573.5259999999439
2573.66499999994388
2573.78699999994387
2573.91399999994386
2574.03999999994384
2574.16399999994383
2574.28599999994382
2574.3949999999438
2574.52199999994379
2574.65699999994377
2574.79799999994376
2574.93499999994374
2575.07599999994373
2575.19599999994372
2575.3149999999437
2575.44499999994369
2575.58999999994367
2575.73699999994366
2575.87399999994364
2576.01599999994362
2576.13499999994361
2576.36299999994359
2576.49699999994357
2576.64599999994356
2576.79399999994354
2576.93099999994352
2577.06599999994351
2577.20199999994349
2577.34999999994348
2577.49199999994346
2577.60499999994345
2577.88099999994342
2578.0149999999434
2578.14399999994339
2578.28299999994338
2578.41099999994336
2578.54299999994335
2578.66599999994333
2578.78899999994332
2578.91099999994331
2579.03699999994329
2579.16699999994328
2579.30299999994326
2579.46199999994325
2579.58899999994323
2579.71399999994322
2579.8409999999432
2579.99599999994319
2580.14499999994317
2580.26199999994316
2580.38199999994314
2580.51899999994313
2580.64899999994311
2580.7969999999431
2580.94699999994308
2581.10799999994306
2581.23699999994305
2581.34099999994304
2581.47099999994302
2581.58999999994301
2581.723999999943
2581.86699999994298
2582.00299999994297
2582.13699999994295
2582.26599999994294
2582.39399999994292
2582.53099999994291
2582.68099999994289
2582.81699999994288
2583.08299999994285
2583.22399999994283
2583.36399999994282
2583.5009999999428
2583.63599999994279
2583.76599999994277
2583.90499999994276
2584.04699999994274
2584.17999999994273
2584.31999999994271
2584.4519999999427
2584.58999999994268
2584.73899999994266
2584.89799999994265
2585.07799999994263
2585.19799999994261
2585.3369999999426
2585.50599999994258
2585.64199999994256
2585.78699999994255
2585.97499999994253
2586.99099999994242
2587.1199999999424
2587.71899999994234
2588.32199999994227
2588.46999999994225
2588.63599999994223
2588.80499999994222
2588.9759999999422
2589.56899999994213
2589.71699999994212
2589.8739999999421
2590.02299999994208
2590.16599999994207
2590.787999999942
2590.93599999994198
2591.10399999994196
2591.28399999994194
2591.46099999994192
2591.98499999994187
2592.14699999994185
2592.29899999994183
2592.45599999994181
2592.83399999994177
2593.01399999994175
2593.16499999994174
2593.29999999994172
2593.70999999994168
2593.91199999994165
2594.05399999994164
2594.58099999994158
2594.73999999994156
2594.90499999994154
2595.07199999994153
2595.73299999994145
2596.76599999994134
2596.91099999994132
2597.30099999994128
2597.58499999994125
2597.65499999994124
2597.85399999994122
2597.91299999994121
2598.0609999999412
2598.15399999994119
2598.23299999994118
2598.66499999994113
2598.81499999994111
2599.07299999994109
2599.18799999994107
2599.32399999994106
2599.35599999994105
2599.51699999994104
2599.71299999994101
2599.99999999994098
2600.09299999994097
2600.18699999994096
2600.47399999994093
2600.68899999994091
2600.80199999994089
2600.83699999994089
2601.01499999994087
2601.22699999994085
2601.37399999994083
2601.53199999994081
2601.82599999994078
2602.28099999994073
2602.41799999994072
2602.52099999994071
2602.79699999994068
2602.99699999994065
2603.36999999994061
2603.53299999994059
2603.69599999994058
2604.52699999994048
2604.68599999994047
2606.02099999994032
2606.12899999994031
2606.48399999994027
2606.61399999994025
2606.88499999994022
2607.01499999994021
2607.31099999994018
2607.32899999994018
2607.61999999994014
2607.73999999994013
2607.85799999994012
2608.0619999999401
2608.17099999994008
2608.26799999994007
2608.43099999994005
2608.57699999994004
2608.72499999994002
2610.7459999999398
2611.06999999993976
2611.17699999993975
2611.37999999993973
2611.53699999993971
2611.6419999999397
2611.71199999993969
2612.08599999993965
2612.24899999993963
2612.40699999993962
2612.5769999999396
2612.74199999993958
2612.90999999993956
2613.08599999993954
2613.26099999993952
2613.41899999993951
2614.06399999993943
2614.21899999993942
2620.54999999993872
2620.67299999993871
2620.91799999993868
2621.00799999993867
2621.14499999993865
2621.19199999993865
2621.26299999993864
2621.46699999993862
2621.76499999993859
2621.91399999993857
2622.23899999993853
2622.38799999993852
2622.49399999993851
2622.71399999993848
2623.03399999993845
2623.18399999993843
2623.62799999993838
2623.75699999993837
2623.88999999993835
2624.01099999993834
2624.43599999993829
2624.77699999993825
2624.92699999993824
2625.08399999993822
2627.18499999993799
2627.35799999993797
2633.06199999993734
2633.29799999993732
2633.4039999999373
2633.49099999993729
2633.80099999993726
2633.96599999993724
2634.3809999999372
2634.52199999993718
2634.77999999993715
2634.95599999993713
2635.12399999993712
2635.20599999993711
2635.35099999993709
2635.46999999993708
2635.55799999993707
2635.69299999993705
2636.06999999993701
2636.23199999993699
2636.50099999993696
2636.61299999993695
2636.69299999993694
2637.14699999993689
2637.26599999993688
2637.35099999993687
2637.55699999993685
2637.69299999993683
2638.03899999993679
2638.36399999993676
2638.46499999993675
2638.71399999993672
2638.95799999993669
2638.97399999993669
2639.07599999993668
2639.50199999993663
2639.63799999993662
2639.7739999999366
2693.58599999993068
2693.77299999993066
2693.90499999993064
2694.03499999993063
2694.3179999999306
2694.44899999993058
2694.55099999993057
2694.64699999993056
2694.73499999993055
2694.74999999993055
2694.84799999993054
2694.94399999993053
2695.10299999993051
2695.23299999993049
2695.58599999993046
2695.77199999993044
2695.99399999993041
2696.26599999993038
2696.42199999993036
2696.61699999993034
2697.26299999993027
2697.68399999993022
2702.73099999992967
2703.05399999992963
2703.18299999992962
2703.49699999992958
2703.61999999992957
2703.82899999992955
2703.98599999992953
2704.36999999992949
2704.39499999992949
2704.40499999992948
2704.59099999992946
2704.73399999992945
2705.07099999992941
2705.22499999992939
2705.46199999992937
2705.52899999992936
2705.63299999992935
2705.73299999992934
2705.84099999992933
2705.93799999992932
2706.22999999992928
2706.37199999992927
2706.52799999992925
2708.09999999992908
2708.28299999992906
2708.89299999992899
2709.81399999992889
2711.83799999992867
2712.00299999992865
2712.13999999992863
2713.22399999992851
2715.1169999999283
2715.24099999992829
2716.0479999999282
2716.79299999992812
2716.9399999999281
2721.14399999992764
2721.27499999992763
2721.63199999992759
2721.70999999992758
2721.72699999992758
2721.89299999992756
2722.31899999992751
2722.4699999999275
2722.58899999992748
2722.68899999992747
2722.78499999992746
2722.93899999992744
2723.14199999992742
2723.2879999999274
2723.64699999992737
2723.75199999992735
2723.84999999992734
2724.06499999992732
2724.2469999999273
2724.56999999992726
2724.86699999992723
2724.99799999992722
2725.1549999999272
2725.41699999992717
2725.56099999992715
2725.90099999992712
2726.0739999999271
2726.25499999992708
2727.76999999992691
2732.96199999992634
2733.06999999992633
2733.15999999992632
2733.26199999992631
2733.36999999992629
2733.48599999992628
2733.62099999992627
2739.13899999992566
2739.24999999992565
2739.52099999992562
2739.6929999999256
2739.90099999992558
2740.05599999992556
2740.12799999992555
2740.5649999999255
2740.72699999992548
2740.97399999992546
2741.15999999992544
2741.28499999992542
2836.05799999991499
2836.19299999991497
2836.41499999991495
2836.55199999991493
2836.76199999991491
2836.8459999999149
2836.93999999991489
2837.15099999991486
2837.29399999991485
2837.64999999991481
2837.7579999999148
2838.00799999991477
2908.72699999990698
2908.86599999990697
2909.10399999990694
2909.23799999990693
2909.4469999999069
2909.57199999990689
2909.67599999990688
2909.80099999990686
2909.91599999990685
2910.02399999990684
2910.52999999990678
2956.7279999999017
2956.94099999990167
2957.07799999990166
2957.36999999990162
2957.49499999990161
2957.5829999999016
2957.79499999990158
2958.21199999990153
2959.18599999990142
2959.31299999990141
2975.36499999989964
2975.60599999989962
2975.7389999998996
2976.25999999989954
2976.37499999989953
2976.50099999989952
2976.60999999989951
2976.6919999998995
2976.81299999989948
2976.93699999989947
2977.07699999989945
2977.5559999998994
2983.83999999989871
3045.6529999998919
3045.6589999998919
3115.80299999988418
3206.18299999987422
3206.32299999987421
3206.45599999987419
3206.55999999987418
3206.67499999987417
3206.90999999987414
3207.05499999987413
3207.20999999987411
3207.38299999987409
3208.24599999987399
3208.41599999987398
3213.91099999987337
3214.06699999987335
3293.62599999986459
3294.05599999986454
3294.26699999986452
3294.4939999998645
3294.59699999986448
3294.68899999986447
3294.84299999986446
3294.97999999986444
3295.13499999986442
3295.44499999986439
3295.55799999986438
3295.66499999986437
3295.98099999986433
3300.39699999986385
3300.48799999986384
3300.59099999986382
3300.95099999986378
3301.09199999986377
3301.24499999986375
3304.53199999986339
3304.64699999986338
3304.76999999986336
3304.92499999986335
3305.06199999986333
3370.7519999998561
3374.3259999998557
3391.54699999985381
3391.68699999985379
3391.84999999985377
3391.97599999985376
3392.10099999985375
3392.23199999985373
3392.35399999985372
3392.4779999998537
3392.59999999985369
3392.71599999985368
3392.83099999985367
3392.96099999985365
3393.08999999985364
3393.21499999985362
3393.34299999985361
3393.4719999998536
3393.60799999985358
3393.72699999985357
3393.86399999985355
3393.99599999985354
3394.12599999985352
3394.26099999985351
3394.39499999985349
3394.52999999985348
3394.69799999985346
3395.41199999985338
3395.54799999985337
3395.67599999985335
3395.79499999985334
3395.92499999985332
3396.05799999985331
3396.1799999998533
3396.32199999985328
3396.45199999985327
3396.58999999985325
3396.71599999985324
3396.84799999985322
3396.99899999985321
3397.15499999985319
3397.31599999985317
3397.47299999985315
3397.78999999985312
3397.9299999998531
3398.08499999985309
3398.23699999985307
3398.81599999985301
3398.96199999985299
3399.10699999985297
3399.7649999998529
3399.91399999985289
3400.08099999985287
3400.24199999985285
3400.87699999985278
3401.03499999985276
3401.17999999985275
3402.59899999985259
3402.90899999985256
3403.00199999985255
3403.18599999985252
3403.57299999985248
3403.70999999985247
3404.17099999985242
3404.27399999985241
3404.57799999985237
3404.68099999985236
3405.08699999985232
3408.21099999985197
3408.60499999985193
3408.9049999998519
3409.10999999985187
3409.36799999985184
3409.65999999985181
3409.7899999998518
3409.93399999985178
3410.07999999985177
3412.76599999985147
3412.89199999985146
3413.00299999985144
3413.10699999985143
3413.21199999985142
3413.4279999998514
3413.57499999985138
3456.66699999984663
3456.90399999984661
3457.05499999984659
3457.23499999984657
3457.46799999984655
3457.60899999984653
3457.70899999984652
3457.80499999984651
3458.04999999984648
3458.18399999984647
3458.59999999984642
3458.73399999984641
3458.87999999984639
3459.37199999984634
3459.52399999984632
3459.84999999984628
3460.93899999984616
3461.08199999984615
3461.28199999984613
3461.5329999998461
3461.70699999984608
3461.91699999984606
3462.05599999984604
3462.20499999984602
3462.89999999984595
3463.03999999984593
3500.39199999984182
3500.70099999984179
3500.79799999984177
3500.83799999984177
3501.25799999984172
3501.36799999984171
3501.4619999998417
3501.56199999984169
3501.84399999984166
3501.99199999984164
3502.28499999984161
3502.44199999984159
3502.55799999984158
3502.80099999984155
3503.17699999984151
3529.5939999998386
3530.09899999983855
3530.36999999983852
3530.5749999998385
3530.73199999983848
3531.38199999983841
3531.88999999983835
3532.04299999983833
3553.266999999836
3553.38999999983598
3553.50699999983597
3553.74499999983594
3553.88699999983593
3554.1439999998359
3569.82599999983417
3570.09999999983414
3570.21699999983413
3570.32299999983412
3570.4759999998341
3570.62099999983408
399
-3
7.63600000000000015
7.75300000000000015
7.90400000000000015
8.04900000000000015
8.23000000000000016
8.95800000000000017
9.09800000000000018
45.1499999999999985
45.2789999999999986
68.6640000000000193
68.7790000000000194
68.9120000000000196
69.38800000000002
69.4910000000000201
69.6330000000000202
69.7930000000000203
69.9620000000000205
124.3440000000000688
125.3770000000000697
125.5420000000000699
125.73100000000007
125.8570000000000701
126.4680000000000707
126.5740000000000708
126.798000000000071
131.833000000000075
131.974000000000076
132.123000000000076
133.164000000000077
133.708000000000077
133.815000000000077
133.936000000000077
135.264000000000078
135.395000000000079
135.536000000000079
135.684000000000079
135.832000000000079
136.73700000000008
136.89600000000008
137.04100000000008
137.14400000000008
137.22200000000008
137.38900000000008
137.539000000000081
137.704000000000081
138.428000000000081
139.005000000000082
139.486000000000082
139.770000000000082
139.826000000000083
140.078000000000083
140.134000000000083
318.982000000000242
319.402000000000242
319.704000000000242
319.767000000000242
319.960000000000243
320.464000000000243
320.606000000000243
321.849000000000244
323.312000000000246
323.440000000000246
323.579000000000246
323.875000000000246
324.011000000000246
324.154000000000246
324.308000000000246
324.467000000000247
324.625000000000247
325.180000000000247
325.328000000000247
325.490000000000247
325.653000000000248
325.815000000000248
325.980000000000248
326.150000000000248
326.329000000000248
326.498000000000248
326.665000000000248
326.840000000000249
327.016000000000249
327.187000000000249
327.358000000000249
327.526000000000249
327.696000000000249
327.86900000000025
328.03800000000025
328.21600000000025
328.39500000000025
328.48800000000025
328.56000000000025
328.75200000000025
329.374000000000251
329.532000000000251
329.993000000000251
330.182000000000252
330.329000000000252
330.482000000000252
330.643000000000252
330.851000000000252
331.693000000000253
331.842000000000253
332.282000000000253
332.535000000000254
333.043000000000254
333.224000000000254
333.412000000000254
334.098000000000255
334.269000000000255
335.408000000000256
335.589000000000256
335.934000000000257
336.379000000000257
336.529000000000257
336.698000000000257
336.868000000000258
337.403000000000258
337.920000000000258
338.347000000000259
338.781000000000259
341.594000000000262
341.733000000000262
341.877000000000262
342.042000000000262
342.204000000000262
342.394000000000262
342.539000000000263
342.709000000000263
342.879000000000263
343.050000000000263
343.204000000000263
343.364000000000263
343.497000000000263
343.632000000000264
343.782000000000264
344.516000000000264
420.195000000000332
420.556000000000332
420.676000000000332
420.807000000000332
453.759000000000361
453.871000000000361
454.001000000000362
454.132000000000362
454.276000000000362
454.410000000000362
454.674000000000362
455.320000000000363
456.112000000000363
457.310000000000364
457.653000000000365
457.769000000000365
457.905000000000365
458.054000000000365
458.211000000000365
458.358000000000365
458.515000000000366
459.017000000000366
459.275000000000366
459.631000000000367
459.911000000000367
460.073000000000367
460.239000000000367
460.405000000000367
460.566000000000367
460.732000000000368
460.892000000000368
461.053000000000368
461.218000000000368
461.385000000000368
461.554000000000368
461.727000000000368
461.898000000000369
462.063000000000369
462.222000000000369
462.403000000000369
462.574000000000369
462.745000000000369
462.91700000000037
463.08600000000037
463.78300000000037
463.92900000000037
464.096000000000371
464.263000000000371
464.432000000000371
464.628000000000371
464.815000000000371
464.999000000000371
465.189000000000372
465.374000000000372
465.543000000000372
465.711000000000372
465.896000000000372
466.307000000000372
466.466000000000373
466.622000000000373
466.798000000000373
466.974000000000373
467.157000000000373
467.369000000000373
467.552000000000374
467.742000000000374
467.853000000000374
467.963000000000374
468.140000000000374
468.321000000000374
468.459000000000374
468.546000000000374
468.728000000000375
468.888000000000375
469.012000000000375
469.159000000000375
469.314000000000375
469.625000000000375
469.792000000000376
469.989000000000376
470.146000000000376
470.317000000000376
470.676000000000376
470.911000000000377
472.612000000000378
473.078000000000378
473.230000000000379
473.498000000000379
473.745000000000379
474.22700000000038
474.28500000000038
474.39800000000038
474.69200000000038
476.067000000000381
476.854000000000382
477.009000000000382
477.513000000000382
477.917000000000383
478.230000000000383
544.907000000000442
545.033000000000442
545.166000000000442
545.302000000000443
545.439000000000443
545.995000000000443
546.016000000000443
546.298000000000444
570.488000000000465
571.586000000000466
571.713000000000466
791.802000000000662
792.426000000000662
792.957000000000663
793.085000000000663
793.353000000000663
793.441000000000663
793.581000000000663
793.690000000000663
793.800000000000663
793.907000000000663
794.431000000000664
795.159000000000665
795.540000000000665
795.665000000000665
795.833000000000665
795.955000000000665
927.399000000000782
927.970000000000782
928.087000000000783
928.165000000000783
928.260000000000783
928.344000000000783
928.454000000000783
928.552000000000783
928.667000000000783
928.769000000000783
928.915000000000783
929.033000000000783
929.101000000000784
929.313000000000784
929.430000000000784
929.548000000000784
929.764000000000784
930.015000000000784
930.114000000000784
930.242000000000785
930.596000000000785
930.724000000000785
931.076000000000785
931.341000000000786
931.448000000000786
979.984000000000829
980.105000000000829
980.223000000000829
980.336000000000829
980.552000000000829
980.663000000000829
981.23100000000083
981.50200000000083
982.05200000000083
982.181000000000831
982.333000000000831
982.469000000000831
982.613000000000831
1021.261000000000865
1021.369000000000865
1021.658000000000866
1021.757000000000866
1188.64700000000101
1189.55900000000101
1189.89000000000102
1189.95100000000102
1190.13000000000102
1190.19000000000102
1190.50000000000102
1190.52100000000102
1190.64600000000102
1190.98800000000102
1195.18900000000102
1195.55600000000102
1195.68200000000102
1195.82100000000102
1195.94700000000102
1196.05900000000102
1196.10500000000102
1196.17700000000102
1622.4240000000014
1623.7560000000014
1623.9900000000014
1624.0680000000014
1624.8400000000014
1880.62500000000163
1883.74400000000163
2122.99899999999352
2201.70299999998485
2201.82199999998484
2202.34799999998478
2202.46199999998477
2202.56999999998475
2202.65499999998474
2202.81499999998473
2202.97099999998471
2203.34099999998467
2203.55999999998464
2203.67399999998463
2203.74999999998462
2203.9209999999846
2204.24599999998457
2205.42599999998444
2205.60999999998442
2205.70699999998441
2205.94699999998438
2206.09599999998437
2206.48799999998432
2211.2499999999838
2211.38599999998378
2211.53199999998377
2393.93799999996368
2395.30299999996353
2399.70199999996304
2399.84099999996303
2399.93899999996302
2400.22299999996299
2748.32699999992465
2748.40999999992464
2748.52199999992463
2748.64499999992461
2748.90599999992458
2749.10899999992456
2749.21399999992455
2749.33499999992454
2749.56699999992451
2750.05899999992446
2750.13599999992445
2750.34799999992442
2750.48899999992441
2750.5779999999244
2750.69999999992439
2750.82999999992437
2750.96599999992436
2751.42399999992431
2752.46699999992419
2753.19099999992411
2755.22199999992389
2755.57999999992385
2937.89699999990377
2937.99799999990376
2938.20799999990374
2938.35199999990372
2939.07299999990364
2939.4419999999036
3326.81799999986094
3326.93099999986092
3327.05799999986091
3327.1729999998609
3327.50199999986086
3327.61999999986085
3327.76899999986083
3328.12599999986079
3328.25099999986078
3492.57899999984268
3492.98299999984264
3496.17499999984228
-4
7.67700000000000015
7.80900000000000015
7.95900000000000015
8.11600000000000016
8.25600000000000016
9.01400000000000017
9.15100000000000018
45.1899999999999985
45.3199999999999986
68.7100000000000194
68.8310000000000195
68.9550000000000196
69.39800000000002
69.5520000000000201
69.7000000000000203
69.8700000000000204
70.0090000000000205
124.3870000000000688
125.4290000000000698
125.5980000000000699
125.76500000000007
125.9090000000000702
126.5000000000000707
126.5860000000000708
126.844000000000071
131.888000000000076
132.030000000000076
132.167000000000076
133.257000000000077
133.722000000000077
133.852000000000077
133.990000000000077
135.310000000000079
135.457000000000079
135.603000000000079
135.742000000000079
135.900000000000079
136.80900000000008
136.95700000000008
137.12000000000008
137.16500000000008
137.29600000000008
137.45500000000008
137.611000000000081
137.780000000000081
138.433000000000081
139.063000000000082
139.575000000000082
139.794000000000083
139.934000000000083
140.131000000000083
140.141000000000083
319.030000000000242
319.637000000000242
319.736000000000242
319.865000000000242
320.353000000000243
320.534000000000243
320.871000000000243
321.916000000000244
323.364000000000246
323.493000000000246
323.618000000000246
323.929000000000246
324.081000000000246
324.250000000000246
324.418000000000246
324.565000000000247
324.720000000000247
325.278000000000247
325.441000000000247
325.600000000000248
325.763000000000248
325.925000000000248
326.097000000000248
326.252000000000248
326.431000000000248
326.598000000000248
326.764000000000249
326.940000000000249
327.108000000000249
327.271000000000249
327.447000000000249
327.620000000000249
327.781000000000249
327.97000000000025
328.14800000000025
328.31400000000025
328.48100000000025
328.49800000000025
328.65200000000025
328.82800000000025
329.442000000000251
329.593000000000251
330.032000000000251
330.265000000000252
330.415000000000252
330.552000000000252
330.721000000000252
330.883000000000252
331.737000000000253
331.927000000000253
332.533000000000254
332.937000000000254
333.118000000000254
333.313000000000254
333.493000000000255
334.174000000000255
334.356000000000255
335.420000000000256
335.654000000000256
335.969000000000257
336.427000000000257
336.597000000000257
336.770000000000257
336.933000000000258
337.572000000000258
338.011000000000259
338.412000000000259
338.885000000000259
341.652000000000262
341.791000000000262
341.949000000000262
342.110000000000262
342.279000000000262
342.449000000000262
342.621000000000263
342.821000000000263
342.982000000000263
343.136000000000263
343.298000000000263
343.418000000000263
343.534000000000263
343.670000000000264
343.833000000000264
344.638000000000264
420.234000000000332
420.593000000000332
420.727000000000332
420.868000000000332
453.805000000000361
453.924000000000362
454.073000000000362
454.203000000000362
454.341000000000362
454.492000000000362
454.728000000000362
455.357000000000363
456.172000000000363
457.375000000000365
457.696000000000365
457.846000000000365
457.987000000000365
458.141000000000365
458.307000000000365
458.470000000000366
458.615000000000366
459.076000000000366
459.330000000000366
459.675000000000367
459.988000000000367
460.179000000000367
460.324000000000367
460.480000000000367
460.652000000000367
460.822000000000368
460.979000000000368
461.148000000000368
461.313000000000368
461.478000000000368
461.640000000000368
461.808000000000368
461.969000000000369
462.133000000000369
462.305000000000369
462.481000000000369
462.655000000000369
462.824000000000369
462.99200000000037
463.16900000000037
463.83600000000037
464.00300000000037
464.159000000000371
464.333000000000371
464.524000000000371
464.726000000000371
464.887000000000371
465.079000000000371
465.281000000000372
465.462000000000372
465.612000000000372
465.788000000000372
465.974000000000372
466.376000000000373
466.521000000000373
466.691000000000373
466.865000000000373
467.048000000000373
467.239000000000373
467.455000000000374
467.619000000000374
467.842000000000374
467.869000000000374
468.053000000000374
468.218000000000374
468.417000000000374
468.476000000000374
468.631000000000375
468.795000000000375
468.927000000000375
469.074000000000375
469.226000000000375
469.378000000000375
469.690000000000376
469.856000000000376
470.017000000000376
470.229000000000376
470.345000000000376
470.780000000000376
470.990000000000377
472.644000000000378
473.111000000000379
473.285000000000379
473.525000000000379
473.813000000000379
474.24200000000038
474.32600000000038
474.49300000000038
474.75200000000038
476.123000000000381
476.909000000000382
477.059000000000382
477.615000000000383
478.020000000000383
478.395000000000383
544.939000000000442
545.078000000000442
545.225000000000443
545.355000000000443
545.502000000000443
546.014000000000443
546.081000000000443
546.338000000000444
570.563000000000465
571.626000000000466
571.752000000000466
791.813000000000662
792.491000000000662
793.005000000000663
793.139000000000663
793.422000000000663
793.541000000000663
793.654000000000663
793.766000000000663
793.871000000000663
793.981000000000664
794.485000000000664
795.204000000000665
795.599000000000665
795.727000000000665
795.858000000000665
796.035000000000665
927.445000000000782
928.006000000000782
928.103000000000783
928.219000000000783
928.291000000000783
928.392000000000783
928.493000000000783
928.595000000000783
928.705000000000783
928.790000000000783
928.959000000000783
929.050000000000783
929.290000000000784
929.387000000000784
929.478000000000784
929.569000000000784
929.858000000000784
930.074000000000784
930.196000000000784
930.286000000000785
930.636000000000785
930.769000000000785
931.280000000000786
931.372000000000786
931.490000000000786
980.024000000000829
980.146000000000829
980.265000000000829
980.358000000000829
980.583000000000829
980.710000000000829
981.27600000000083
981.53800000000083
982.094000000000831
982.230000000000831
982.378000000000831
982.532000000000831
982.706000000000831
1021.303000000000865
1021.408000000000866
1021.717000000000866
1021.837000000000866
1188.70300000000101
1189.61500000000101
1189.89700000000102
1190.02600000000102
1190.14400000000102
1190.25400000000102
1190.51400000000102
1190.58100000000102
1190.69000000000102
1191.02500000000102
1195.23800000000102
1195.58100000000102
1195.73100000000102
1195.86000000000102
1195.98000000000102
1196.10400000000102
1196.10700000000102
1196.24400000000102
1622.4540000000014
1623.8040000000014
1624.0160000000014
1624.1240000000014
1624.9110000000014
1880.65400000000163
1883.81000000000163
2123.02199999999351
2201.72099999998485
2201.85699999998483
2202.39699999998477
2202.50199999998476
2202.60599999998475
2202.70399999998474
2202.84299999998472
2203.0139999999847
2203.52899999998465
2203.61499999998464
2203.71399999998463
2203.83199999998461
2203.9369999999846
2204.29599999998456
2205.46699999998443
2205.64399999998442
2205.90599999998439
2206.02299999998437
2206.13399999998436
2206.52999999998432
2211.28599999998379
2211.43499999998378
2211.59299999998376
2393.97299999996367
2395.31799999996353
2399.77699999996303
2399.87799999996302
2400.02799999996301
2400.28899999996298
2748.34699999992465
2748.45399999992463
2748.53999999992462
2748.68299999992461
2749.08099999992456
2749.15899999992456
2749.24499999992455
2749.35299999992453
2749.61499999992451
2750.10499999992445
2750.32999999992443
2750.41099999992442
2750.5329999999244
2750.65599999992439
2750.74799999992438
2750.87599999992437
2751.00499999992435
2751.4969999999243
2752.51699999992419
2753.2539999999241
2755.22699999992389
2755.63499999992384
2937.93899999990376
2938.03499999990375
2938.24399999990373
2938.38899999990372
2939.08399999990364
2939.49799999990359
3326.84699999986093
3326.97099999986092
3327.09099999986091
3327.19299999986089
3327.53499999986086
3327.66799999986084
3327.82699999986082
3328.19099999986078
3328.27999999986077
3492.59299999984268
3493.02699999984263
3496.20999999984228
0
0
0
0
0
0
0
0
0
0
0
0
0
3600.00099999983085
0
0
0
0
0
0
