8
15
19
8
15
19
IPPneo1.15
test2
0
3
12
36
16
13
37
51
22
4
.3
1
1296
1296
1
593
593
1
1
1
1
1
1
1
1
1
1
1
1
1
1
1
1
1
1
1
1
1295
-1
6.86400000000000013
6.99200000000000013
7.13200000000000014
7.27300000000000014
7.41600000000000014
7.57600000000000014
7.85800000000000015
7.98300000000000015
8.13100000000000016
8.28100000000000016
8.42100000000000016
8.57400000000000017
8.71800000000000017
8.90500000000000017
9.15600000000000018
9.31000000000000018
9.46200000000000018
9.53900000000000019
9.61000000000000019
9.76100000000000019
9.91100000000000019
10.0600000000000002
10.2090000000000002
10.3560000000000002
10.49800000000000021
10.64800000000000021
10.79500000000000021
10.94300000000000022
11.09600000000000022
11.25200000000000022
11.40500000000000022
11.55600000000000023
11.72200000000000023
11.87500000000000023
12.03300000000000024
12.17900000000000024
12.72600000000000025
12.86100000000000026
13.01600000000000026
13.17000000000000026
13.34100000000000026
13.49600000000000027
13.57800000000000027
13.65400000000000027
13.81400000000000028
13.98200000000000028
14.13800000000000028
14.29400000000000028
14.37500000000000029
14.46000000000000029
14.63500000000000029
15.1790000000000003
15.32800000000000031
15.48900000000000031
15.64300000000000031
15.81100000000000032
15.98900000000000032
16.1500000000000002
16.335
16.5009999999999999
16.6839999999999997
16.8449999999999996
17.0229999999999995
17.1929999999999993
17.3589999999999992
17.527999999999999
17.7209999999999989
17.8999999999999987
18.3149999999999984
18.4739999999999982
18.6429999999999981
18.8399999999999979
20.0059999999999969
20.1469999999999968
20.2319999999999967
20.3059999999999967
20.4679999999999965
20.6319999999999964
20.7929999999999963
20.9639999999999961
21.129999999999996
21.2959999999999958
21.3829999999999958
21.4639999999999957
21.6369999999999955
21.8149999999999954
21.9779999999999953
22.1459999999999951
22.322999999999995
22.4969999999999948
22.6839999999999947
22.8519999999999945
23.0289999999999944
23.2109999999999942
23.410999999999994
23.6299999999999939
23.9699999999999936
24.1409999999999934
24.3159999999999933
24.5079999999999931
24.703999999999993
25.3729999999999924
25.5289999999999923
25.6969999999999921
25.9109999999999919
26.4539999999999915
26.7609999999999912
26.9289999999999911
27.032999999999991
27.1059999999999909
27.3279999999999907
27.5089999999999906
27.6629999999999904
27.8489999999999903
27.9579999999999902
28.0219999999999901
28.4099999999999898
28.6289999999999896
28.7629999999999895
28.9109999999999894
29.0639999999999893
29.1639999999999892
29.2319999999999891
29.4879999999999889
29.6619999999999888
29.8699999999999886
68.5570000000000192
68.7060000000000194
68.8990000000000195
70.8570000000000213
86.0580000000000348
86.1830000000000349
230.890000000000163
231.119000000000164
231.449000000000164
233.206000000000165
233.985000000000166
234.156000000000166
234.316000000000166
234.498000000000167
234.673000000000167
235.005000000000167
235.158000000000167
235.334000000000167
235.517000000000168
235.694000000000168
235.848000000000168
236.026000000000168
236.200000000000168
236.375000000000168
236.541000000000168
236.726000000000169
236.924000000000169
237.107000000000169
237.609000000000169
238.26100000000017
238.41500000000017
238.58200000000017
238.76100000000017
238.970000000000171
239.154000000000171
239.685000000000171
240.029000000000172
240.187000000000172
240.365000000000172
240.551000000000172
240.761000000000172
241.145000000000173
241.308000000000173
242.052000000000173
242.177000000000173
242.336000000000174
242.520000000000174
242.702000000000174
242.871000000000174
243.048000000000174
243.226000000000174
331.020000000000252
331.151000000000252
331.298000000000253
331.768000000000253
331.881000000000253
332.028000000000253
332.158000000000253
332.297000000000253
332.440000000000254
332.495000000000254
332.587000000000254
332.726000000000254
332.906000000000254
334.823000000000256
335.009000000000256
335.176000000000256
335.346000000000256
335.458000000000256
335.523000000000256
335.626000000000256
335.699000000000256
335.865000000000257
336.036000000000257
336.212000000000257
336.877000000000258
337.086000000000258
337.208000000000258
337.313000000000258
337.492000000000258
337.907000000000258
338.575000000000259
338.731000000000259
338.920000000000259
339.61800000000026
341.131000000000261
341.299000000000261
341.812000000000262
341.986000000000262
342.093000000000262
342.180000000000262
342.388000000000262
342.511000000000263
342.550000000000263
342.700000000000263
342.823000000000263
342.993000000000263
343.165000000000263
343.355000000000263
343.586000000000264
344.136000000000264
363.692000000000281
363.916000000000282
364.442000000000282
364.548000000000282
364.758000000000282
364.892000000000282
365.055000000000283
408.946000000000322
506.284000000000408
506.514000000000408
506.751000000000408
507.113000000000409
507.261000000000409
507.911000000000409
508.15700000000041
508.28200000000041
508.43200000000041
508.61800000000041
869.899000000000731
870.034000000000731
1004.846000000000851
1004.955000000000851
1005.055000000000851
1005.170000000000851
1005.397000000000851
1005.617000000000852
1005.719000000000852
1006.059000000000852
1006.205000000000852
1006.364000000000852
1006.683000000000852
1007.980000000000854
1008.126000000000854
1008.382000000000854
1008.493000000000854
1008.658000000000854
1009.037000000000854
1009.424000000000855
1009.509000000000855
1009.635000000000855
1010.105000000000856
1010.158000000000856
1010.525000000000856
1010.787000000000856
1010.922000000000856
1011.083000000000856
1011.355000000000857
1011.464000000000857
1011.815000000000857
1012.439000000000858
1012.546000000000858
1012.736000000000858
1012.872000000000858
1013.010000000000858
1013.148000000000858
1013.301000000000858
1013.495000000000858
1013.675000000000859
1013.825000000000859
1013.960000000000859
1014.133000000000859
1014.334000000000859
1014.65400000000086
1015.01500000000086
1015.16300000000086
1015.44200000000086
1015.55500000000086
1015.69200000000086
1015.873000000000861
1016.022000000000861
1016.129000000000861
1016.322000000000861
1016.769000000000861
1016.984000000000862
1017.232000000000862
1017.489000000000862
1017.900000000000862
1018.315000000000863
1018.649000000000863
1018.885000000000863
1019.292000000000864
1019.525000000000864
1019.667000000000864
1019.821000000000864
1019.967000000000864
1020.119000000000864
1020.267000000000865
1020.421000000000865
1020.584000000000865
1020.770000000000865
1020.925000000000865
1021.074000000000865
1021.227000000000865
1021.397000000000866
1021.559000000000866
1021.728000000000866
1021.828000000000866
1021.896000000000866
1021.997000000000866
1022.068000000000866
1022.265000000000866
1022.415000000000866
1022.564000000000866
1022.703000000000867
1022.870000000000867
1023.064000000000867
1023.242000000000867
1023.436000000000867
1023.639000000000868
1023.806000000000868
1023.977000000000868
1024.16300000000087
1024.35500000000087
1024.55700000000087
1024.72300000000087
1024.92400000000087
1025.15400000000087
1025.36500000000087
1025.52500000000087
1025.71700000000087
1025.91100000000087
1026.11000000000087
1026.30300000000087
1026.48200000000087
1027.18800000000087
1027.37700000000087
1027.54300000000087
1027.76800000000087
1027.97000000000087
1028.14900000000087
1028.37100000000087
1028.61600000000087
1028.83700000000087
1029.04600000000087
1029.25300000000087
1029.35700000000087
1029.46200000000087
1029.65300000000087
1029.86400000000087
1030.04200000000087
1030.23700000000087
1030.43900000000087
1030.61300000000087
1030.75800000000087
1030.93000000000087
1031.13700000000087
1031.32900000000087
1031.53400000000087
1031.71700000000087
1031.91200000000087
1032.13000000000088
1032.32700000000088
1032.51500000000088
1032.71500000000088
1032.89100000000088
1033.05200000000088
1034.16100000000088
1034.29900000000088
1034.46800000000088
1034.63300000000088
1034.80600000000088
1035.45100000000088
1035.63500000000088
1035.83500000000088
1036.04600000000088
1036.24100000000088
1036.43500000000088
1036.63100000000088
1036.82000000000088
1037.03200000000088
1037.25800000000088
1037.47400000000088
1037.67100000000088
1037.84500000000088
1038.03500000000088
1038.27000000000088
1038.51200000000088
1038.70900000000088
1038.89500000000088
1039.10400000000088
1039.32300000000088
1039.49100000000088
1039.62400000000088
1039.78600000000088
1039.98300000000088
1040.17800000000088
1040.39100000000088
1040.63100000000088
1040.84100000000088
1041.03500000000088
1041.25000000000088
1041.68100000000088
1041.86000000000088
1042.05100000000088
1042.26100000000088
1042.46900000000088
1042.64000000000088
1042.81200000000088
1043.01800000000088
1043.21900000000088
1043.50000000000089
1043.69900000000089
1043.88800000000089
1044.10300000000089
1044.31800000000089
1044.50400000000089
1044.68800000000089
1044.85800000000089
1045.05000000000089
1045.23500000000089
1045.44200000000089
1045.62100000000089
1045.82100000000089
1046.04000000000089
1046.25000000000089
1046.39300000000089
1047.80200000000089
1047.93800000000089
1048.14100000000089
1048.35000000000089
1048.55700000000089
1048.82900000000089
1049.03600000000089
1049.24700000000089
1049.44900000000089
1049.63500000000089
1049.83600000000089
1050.11300000000089
1050.34200000000089
1050.54200000000089
1050.73200000000089
1050.96500000000089
1051.17400000000089
1051.38400000000089
1051.61100000000089
1052.12300000000089
1053.08100000000089
1053.27300000000089
1053.48200000000089
1054.21500000000089
1057.2630000000009
1058.0940000000009
1058.2930000000009
1059.0230000000009
1059.3780000000009
1059.4950000000009
1059.6820000000009
1059.8290000000009
1060.0660000000009
1060.3350000000009
1060.4460000000009
1060.7110000000009
1060.8620000000009
1061.0280000000009
1061.2040000000009
1061.3840000000009
1061.5680000000009
1061.7420000000009
1062.5670000000009
1062.7420000000009
1062.9130000000009
1063.0430000000009
1063.2070000000009
1063.3480000000009
1063.5100000000009
1063.6650000000009
1063.7960000000009
1063.9320000000009
1064.1000000000009
1064.3840000000009
1064.6440000000009
1069.52100000000091
1069.63400000000091
1069.73000000000091
1070.09400000000091
1070.32100000000091
1070.52900000000091
1070.94100000000091
1071.09300000000091
1071.26400000000091
1071.89700000000091
1072.06000000000091
1072.25200000000091
1073.68900000000091
1073.83200000000091
1074.01500000000091
1074.20300000000091
1075.28700000000091
1075.43700000000091
1075.61200000000091
1075.81300000000091
1076.66500000000091
1077.02600000000091
1077.18600000000092
1077.36900000000092
1077.55900000000092
1079.42900000000092
1079.59100000000092
1079.76200000000092
1079.93500000000092
1080.10200000000092
1080.27500000000092
1080.45800000000092
1080.63400000000092
1080.83800000000092
1081.07400000000092
1081.24700000000092
1081.44400000000092
1081.95000000000092
1082.12200000000092
1082.28400000000092
1082.48100000000092
1082.70500000000092
1082.89000000000092
1083.05600000000092
1083.27200000000092
1083.36000000000092
1083.50300000000092
1083.74700000000092
1083.97900000000092
1084.13200000000092
1084.33300000000092
1084.54900000000092
1084.74900000000092
1084.97400000000092
1085.17000000000092
1085.36500000000092
1085.56200000000092
1085.76200000000092
1085.91800000000092
1086.14800000000092
1086.32400000000092
1086.53300000000092
1086.79700000000092
1086.96100000000092
1087.30600000000092
1088.30200000000092
1088.46400000000092
1088.98000000000093
1089.08000000000093
1089.23000000000093
1089.32600000000093
1089.43300000000093
1089.54200000000093
1089.71300000000093
1089.86000000000093
1090.03600000000093
1090.55500000000093
1091.10800000000093
1121.68100000000095
1121.78000000000095
1121.79300000000095
1122.49700000000096
1122.61100000000096
1122.73100000000096
1122.85200000000096
1123.17800000000096
1123.44200000000096
1123.64600000000096
1124.18600000000096
1124.32300000000096
1124.50900000000096
1124.66500000000096
1124.84100000000096
1125.01600000000096
1125.42100000000096
1125.56900000000096
1125.97400000000096
1126.37900000000096
1126.48600000000096
1126.58100000000096
1126.73600000000096
1126.94600000000096
1127.30700000000096
1127.60000000000096
1127.77600000000096
1127.96500000000096
1128.17200000000096
1128.34300000000096
1128.51500000000096
1128.71000000000096
1129.44000000000096
1129.82100000000096
1130.00700000000096
1130.15800000000096
1130.33700000000096
1130.53200000000096
1130.72700000000096
1130.90300000000096
1131.10000000000096
1131.29700000000096
1131.62400000000096
1131.77800000000096
1131.94200000000096
1295.16300000000111
1296.02700000000111
1296.11000000000111
1296.13500000000111
1296.23100000000111
1296.34200000000111
1296.55000000000111
1296.71700000000111
1296.86400000000111
1297.00700000000111
1297.29700000000111
1297.39500000000111
1297.62700000000111
1297.77000000000111
1297.89400000000111
1298.05500000000111
1298.13800000000111
1299.10000000000111
1299.36700000000111
1299.45700000000111
1299.57700000000111
1299.74100000000111
1300.42200000000111
1300.79200000000111
1301.15600000000111
1301.26300000000111
1301.72600000000111
1302.29000000000111
1302.65500000000112
1302.78600000000112
1302.98600000000112
1303.12200000000112
1303.92000000000112
1304.28900000000112
1304.49500000000112
1304.53300000000112
1304.94300000000112
1305.11000000000112
1305.27500000000112
1386.42500000000119
1386.67900000000119
1386.80400000000119
1386.95000000000119
1387.09600000000119
1387.24500000000119
1387.38800000000119
1387.56200000000119
1387.68900000000119
1388.20700000000119
1388.31200000000119
1389.10300000000119
1389.24900000000119
1389.41000000000119
1389.57800000000119
1390.44500000000119
1390.98400000000119
1391.47300000000119
1391.62400000000119
1391.86800000000119
1391.98300000000119
1392.26200000000119
1392.5960000000012
1393.2650000000012
1393.7680000000012
1393.9010000000012
1655.32500000000143
1655.65000000000143
1655.97000000000143
1656.12500000000143
1656.45400000000143
1656.51200000000143
1679.50100000000145
1680.08800000000145
1680.25300000000145
1680.39300000000145
1680.54600000000145
1680.67500000000145
1680.82400000000145
1680.97200000000145
1681.27200000000145
1681.40700000000145
1681.59200000000145
1681.72000000000145
1681.88200000000145
1682.02900000000145
1682.17600000000145
1682.32700000000145
1682.47100000000145
1682.61400000000145
1683.06500000000145
1683.20400000000145
1683.36500000000145
1683.51100000000145
1683.68200000000145
1683.82900000000145
1683.98300000000145
1684.13700000000145
1684.28100000000145
1684.43900000000145
1684.59900000000145
1684.75800000000145
1684.91600000000145
1685.08700000000145
1685.25400000000146
1685.42400000000146
1685.61100000000146
1686.87900000000146
1687.01600000000146
1687.18200000000146
1687.35500000000146
1687.52100000000146
1687.67700000000146
1687.89400000000146
1688.90200000000146
1689.12400000000146
1689.28700000000146
1689.43200000000146
1689.59500000000146
1690.43400000000146
1690.51200000000146
1690.62500000000146
1690.85800000000146
1690.97000000000146
1691.11700000000146
1691.25000000000146
1691.40100000000146
1691.56600000000146
1691.75800000000146
1692.29000000000146
1692.46500000000146
1700.94600000000147
1701.07800000000147
1701.19900000000147
1701.34000000000147
1701.43900000000147
1701.54800000000147
1701.73700000000147
1701.86800000000147
1702.01100000000147
1702.17000000000147
1702.49900000000147
1702.62600000000147
1702.96800000000147
1703.10800000000147
1703.56700000000147
1703.73700000000147
1703.88900000000147
1704.05200000000147
1704.23700000000147
1704.39500000000147
1704.57400000000147
1704.74900000000147
1704.98800000000147
1705.18000000000147
1705.36900000000147
1706.08000000000147
1706.42100000000147
1706.52500000000147
1706.73500000000147
1715.23600000000148
1722.46400000000149
1722.55100000000149
1722.75100000000149
1723.29300000000149
1723.44600000000149
1723.60400000000149
1723.77200000000149
1723.95100000000149
1724.37900000000149
1724.59300000000149
1724.70400000000149
1724.83500000000149
1724.98600000000149
1725.15200000000149
1725.26400000000149
1725.40600000000149
1725.56100000000149
1725.69900000000149
1725.85800000000149
1726.00100000000149
1726.17500000000149
1726.48200000000149
1726.60300000000149
1726.78100000000149
1726.93300000000149
1727.09600000000149
1727.19900000000149
1727.35500000000149
1727.45600000000149
1727.76300000000149
1727.90600000000149
1728.05200000000149
1807.99400000000156
1808.51100000000156
1808.69300000000156
1808.83500000000156
1809.05500000000156
1809.17300000000157
1809.61900000000157
1809.90000000000157
1810.04900000000157
1810.17900000000157
1810.32800000000157
1810.48500000000157
1810.63900000000157
1810.94300000000157
1811.06600000000157
1811.19300000000157
1811.34200000000157
1811.51500000000157
1811.64800000000157
1811.78400000000157
1811.94400000000157
1812.08600000000157
1812.22700000000157
1812.36100000000157
1812.50900000000157
1812.80300000000157
1812.94300000000157
1813.06000000000157
1813.19600000000157
1813.36500000000157
1813.52000000000157
1813.64800000000157
1813.80000000000157
1813.93500000000157
1814.08900000000157
1814.25700000000157
1814.55600000000157
1814.86100000000157
1815.28800000000157
1815.43100000000157
1815.86400000000157
1815.99200000000157
1816.13700000000157
1816.26900000000157
1816.41500000000157
1816.54800000000157
1816.68500000000157
1816.83400000000157
1816.98800000000157
1817.28200000000157
1817.38600000000157
1817.81700000000157
1817.92100000000157
1818.18300000000157
1818.27700000000157
1818.45900000000157
1823.86700000000158
1839.62300000000159
1839.72900000000159
1839.97000000000159
1840.11700000000159
1840.27300000000159
1840.41900000000159
1840.76300000000159
1841.37000000000159
1841.52100000000159
1841.66800000000159
1841.80900000000159
1841.96000000000159
1842.28900000000159
1842.44800000000159
1842.56600000000159
1842.61600000000159
1842.7670000000016
1843.0960000000016
1843.2260000000016
1843.4010000000016
1843.5380000000016
1843.6700000000016
1843.8450000000016
1843.9650000000016
1844.1190000000016
1844.2710000000016
1844.4240000000016
1844.5730000000016
1844.7290000000016
1844.8560000000016
1845.0340000000016
1856.08900000000161
1856.28800000000161
1856.45900000000161
1856.59900000000161
1856.76800000000161
1858.24900000000161
1858.69800000000161
1858.75900000000161
1858.89100000000161
1859.14000000000161
1859.24000000000161
1859.51700000000161
1859.83700000000161
1860.10200000000161
1860.65200000000161
1860.95700000000161
1861.33900000000161
1861.51400000000161
1861.60700000000161
1861.72200000000161
1861.87300000000161
1862.12500000000161
1862.41000000000161
1862.76500000000161
1863.31800000000161
1863.45300000000161
1863.72100000000161
1863.83400000000161
1864.28600000000161
1864.31300000000161
1864.45800000000161
1864.63000000000161
1865.03300000000161
1865.07800000000161
1865.12800000000161
1865.43900000000162
1865.62700000000162
1865.79100000000162
1865.81800000000162
1866.09500000000162
1866.17800000000162
1866.46800000000162
1866.66900000000162
1867.20700000000162
1867.38700000000162
1867.75400000000162
1867.85100000000162
1868.00600000000162
1868.06400000000162
1868.24300000000162
1868.90500000000162
1868.95900000000162
1869.00600000000162
1869.10600000000162
1869.17700000000162
1869.72300000000162
1870.10800000000162
1870.45800000000162
1871.07500000000162
1871.18100000000162
1871.44700000000162
1871.58400000000162
1872.06100000000162
1872.21900000000162
1872.35400000000162
1872.69100000000162
1872.83800000000162
1873.16600000000162
1873.52300000000162
1874.20900000000162
1878.40600000000163
1878.48700000000163
1878.66200000000163
1879.26700000000163
1880.67900000000163
1909.07100000000165
1909.19900000000165
1909.35000000000165
1909.57100000000165
1909.82200000000165
1909.93500000000165
1910.05700000000165
1910.17000000000165
1910.25000000000165
1910.44600000000166
1910.60100000000166
1910.74400000000166
1910.87800000000166
1911.01700000000166
1911.17000000000166
1911.31800000000166
1911.38300000000166
1911.49300000000166
1911.68900000000166
1911.93100000000166
1912.07400000000166
1912.33500000000166
1912.66300000000166
1913.15700000000166
1913.46300000000166
1913.77600000000166
1914.22600000000166
1914.38200000000166
1914.55300000000166
1914.71900000000166
1914.89500000000166
1915.06000000000166
1915.53800000000166
1915.68000000000166
1915.79500000000166
1917.05500000000166
1917.17600000000166
1917.33300000000166
1917.48000000000166
1917.65200000000166
1958.5870000000017
1958.7790000000017
1959.1630000000017
1959.4290000000017
1959.7210000000017
1960.0150000000017
1960.1560000000017
1960.3140000000017
1960.4910000000017
1961.5100000000017
1962.8510000000017
1963.1120000000017
1963.2170000000017
1963.3450000000017
1963.4910000000017
1963.6270000000017
1963.7720000000017
1963.9260000000017
1964.0830000000017
1964.2280000000017
1964.3820000000017
1964.6630000000017
1964.7700000000017
1965.0400000000017
1965.3690000000017
1965.7890000000017
1966.2260000000017
1966.4880000000017
1966.79700000000171
1967.14100000000171
1968.04900000000171
1968.35600000000171
1969.36600000000171
1969.74800000000171
1970.49000000000171
1971.04800000000171
1971.20400000000171
1971.82400000000171
1971.98400000000171
1972.15100000000171
1972.51600000000171
1972.73100000000171
1973.24800000000171
1973.33700000000171
1973.49200000000171
1973.77100000000171
2269.84099999997734
2270.88599999997723
2271.21599999997719
2271.47799999997716
2271.60599999997715
2271.74599999997714
2272.0609999999771
2272.46399999997706
2280.12799999997621
2280.29999999997619
2280.44199999997618
2280.57799999997616
2280.72599999997615
2280.86599999997613
2281.00099999997612
2281.1509999999761
2281.27799999997609
2281.44899999997607
2281.58099999997605
2281.73799999997603
2281.89799999997602
2282.051999999976
2282.19099999997598
2282.31799999997597
2282.47999999997595
2282.62499999997594
2282.77999999997592
2282.9259999999759
2283.08099999997589
2283.23099999997587
2283.37799999997585
2283.52599999997584
2283.65999999997582
2283.81299999997581
2283.98299999997579
2284.19599999997576
2284.98399999997568
2285.30599999997564
2285.31499999997564
2285.46099999997562
2285.61399999997561
2285.77699999997559
2285.96499999997557
2286.14199999997555
2286.6289999999755
2287.16899999997544
2287.26899999997543
2287.38999999997541
2287.5299999999754
2287.67999999997538
2287.84599999997536
2287.99499999997535
2288.14799999997533
2288.31099999997531
2288.46699999997529
2288.62699999997528
2288.79099999997526
2288.95899999997524
2289.12999999997522
2289.2959999999752
2289.46299999997518
2289.61899999997517
2289.77499999997515
2289.94299999997513
2290.12099999997511
2290.29099999997509
2290.45699999997507
2290.55099999997506
2290.62899999997506
2290.80299999997504
2290.98399999997502
2291.159999999975
2291.33499999997498
2291.51099999997496
2291.68299999997494
2291.85599999997492
2292.35999999997486
2292.47199999997485
2292.68499999997483
2304.02399999997358
2304.27499999997355
2304.60399999997352
2304.96399999997348
2305.10599999997346
2305.26099999997344
2305.42299999997343
2465.75899999995577
2465.97599999995574
2466.10799999995573
2466.3959999999557
2466.53199999995568
2466.69999999995566
2466.92299999995564
2466.99499999995563
2467.10399999995562
2467.23299999995561
2467.36699999995559
2467.57099999995557
2467.71499999995555
2467.86699999995554
2468.03699999995552
2468.45299999995547
2468.55999999995546
2468.68199999995545
2468.81699999995543
2469.03199999995541
2469.73899999995533
2470.13699999995529
2470.23299999995528
2470.36999999995526
2470.61799999995523
2471.22099999995517
2494.4869999999526
2494.67499999995258
2494.97899999995255
2495.16199999995253
2495.52299999995249
2495.81899999995246
2496.10799999995243
2496.39299999995239
2496.71099999995236
2496.84499999995234
2497.00399999995233
2497.18299999995231
2497.32599999995229
2497.49499999995227
2497.64099999995226
2498.84499999995212
2499.76099999995202
2500.07099999995199
2502.45999999995173
2507.72499999995115
2508.35699999995108
2508.50199999995106
2508.60999999995105
2508.87999999995102
2509.035999999951
2509.16699999995099
2509.31699999995097
2510.20199999995087
2510.35399999995086
2510.52799999995084
2511.00599999995078
2511.11699999995077
2513.24599999995054
2513.5479999999505
2513.96099999995046
2514.08999999995044
2514.20999999995043
2514.4709999999504
2515.19699999995032
2515.34199999995031
2515.48799999995029
2515.64399999995027
2515.78399999995026
2516.08899999995022
2516.39799999995019
2516.67699999995016
2516.95699999995013
2517.11899999995011
2517.2659999999501
2517.53899999995006
2517.82999999995003
2517.98699999995002
2518.25699999994999
2518.97799999994991
2519.0699999999499
2519.42899999994986
2520.14899999994978
2630.7389999999376
2631.03199999993757
2631.12899999993755
2631.6499999999375
2668.32599999993346
2668.60499999993343
2669.23299999993336
2669.36799999993334
2669.48399999993333
2670.02599999993327
2670.17199999993325
2670.33199999993324
2670.50799999993322
2671.00299999993316
2671.33599999993313
2671.47399999993311
2671.63099999993309
2671.83999999993307
2672.29799999993302
2731.94899999992645
2732.25999999992642
2799.36299999991903
2799.638999999919
2800.17699999991894
2800.28299999991893
2800.42199999991891
2800.55899999991889
2800.72099999991888
3016.07899999989516
3016.24399999989514
3016.38899999989512
3016.6159999998951
3016.86999999989507
3017.04599999989505
3017.20299999989504
3017.38599999989501
3017.491999999895
3017.66199999989498
3017.92599999989496
3017.99299999989495
3018.11999999989493
3018.27999999989492
3018.4369999998949
3018.59999999989488
3030.2129999998936
3030.50099999989357
3030.85199999989353
3031.22099999989349
3031.68599999989344
3031.93699999989341
3032.49799999989335
3033.80099999989321
3229.68799999987163
3229.9819999998716
3230.09399999987159
3230.25299999987157
3230.44599999987155
3230.59799999987153
3230.79399999987151
3231.92699999987139
3301.33499999986374
3301.56099999986372
3301.7069999998637
3301.87099999986368
-2
6.91800000000000013
7.05700000000000013
7.19700000000000014
7.33500000000000014
7.47800000000000014
7.61400000000000015
7.88800000000000015
8.04100000000000015
8.19400000000000016
8.33600000000000016
8.48600000000000016
8.63200000000000017
8.78900000000000017
8.94400000000000017
9.23100000000000018
9.38700000000000018
9.53400000000000019
9.55500000000000019
9.69700000000000019
9.83400000000000019
9.9780000000000002
10.1140000000000002
10.2730000000000002
10.4150000000000002
10.56400000000000021
10.69300000000000021
10.86400000000000021
11.01700000000000022
11.16800000000000022
11.32600000000000022
11.47700000000000023
11.62700000000000023
11.79100000000000023
11.93800000000000024
12.09900000000000024
12.21900000000000024
12.77600000000000025
12.93800000000000026
13.09200000000000026
13.25100000000000026
13.41900000000000027
13.57300000000000027
13.58700000000000027
13.73100000000000027
13.88800000000000028
14.05600000000000028
14.20900000000000028
14.37100000000000029
14.40800000000000029
14.53000000000000029
14.68300000000000029
15.2460000000000003
15.39700000000000031
15.56100000000000031
15.72200000000000031
15.89200000000000032
16.0600000000000003
16.2240000000000001
16.39
16.5579999999999998
16.7319999999999997
16.9119999999999995
17.0989999999999994
17.2699999999999992
17.4399999999999991
17.617999999999999
17.7879999999999988
17.9489999999999987
18.3899999999999983
18.5519999999999982
18.726999999999998
18.8859999999999979
20.0729999999999969
20.2289999999999967
20.2389999999999967
20.3889999999999966
20.5549999999999965
20.7189999999999963
20.8909999999999962
21.0409999999999961
21.2349999999999959
21.3789999999999958
21.3939999999999958
21.5529999999999956
21.7229999999999955
21.9059999999999953
22.0799999999999952
22.235999999999995
22.4129999999999949
22.5889999999999947
22.7739999999999946
22.9749999999999944
23.1699999999999942
23.3059999999999941
23.495999999999994
23.6419999999999938
23.9959999999999936
24.1869999999999934
24.3409999999999933
24.5609999999999931
24.7259999999999929
25.4119999999999924
25.6029999999999922
25.779999999999992
25.9409999999999919
26.4869999999999914
26.8469999999999911
27.020999999999991
27.051999999999991
27.1979999999999908
27.3699999999999907
27.5609999999999905
27.7549999999999904
27.9369999999999902
28.0039999999999902
28.1179999999999901
28.4819999999999898
28.7099999999999896
28.8229999999999895
28.9769999999999893
29.1469999999999892
29.1789999999999892
29.322999999999989
29.5709999999999888
29.8459999999999886
30.2319999999999883
68.6120000000000193
68.7710000000000194
68.9180000000000196
70.8750000000000213
86.1100000000000348
86.2260000000000349
230.954000000000163
231.234000000000164
231.511000000000164
233.226000000000166
234.024000000000166
234.188000000000166
234.381000000000167
234.541000000000167
234.699000000000167
235.029000000000167
235.228000000000167
235.411000000000167
235.587000000000168
235.740000000000168
235.932000000000168
236.116000000000168
236.300000000000168
236.441000000000168
236.625000000000169
236.808000000000169
236.997000000000169
237.166000000000169
237.631000000000169
238.32200000000017
238.49100000000017
238.67400000000017
238.85500000000017
239.041000000000171
239.223000000000171
239.711000000000171
240.091000000000172
240.279000000000172
240.463000000000172
240.658000000000172
240.839000000000172
241.210000000000173
241.392000000000173
242.069000000000173
242.249000000000174
242.428000000000174
242.595000000000174
242.754000000000174
242.954000000000174
243.123000000000174
243.299000000000174
331.076000000000252
331.206000000000252
331.349000000000253
331.774000000000253
331.928000000000253
332.073000000000253
332.201000000000253
332.337000000000254
332.484000000000254
332.514000000000254
332.639000000000254
332.810000000000254
332.972000000000254
334.889000000000256
335.093000000000256
335.258000000000256
335.426000000000256
335.481000000000256
335.608000000000256
335.647000000000256
335.778000000000257
335.934000000000257
336.116000000000257
336.285000000000257
336.912000000000258
337.135000000000258
337.258000000000258
337.343000000000258
337.604000000000258
337.941000000000258
338.632000000000259
338.803000000000259
338.972000000000259
339.63700000000026
341.206000000000261
341.398000000000262
341.860000000000262
342.050000000000262
342.141000000000262
342.273000000000262
342.439000000000262
342.541000000000263
342.566000000000263
342.721000000000263
342.903000000000263
343.076000000000263
343.258000000000263
343.442000000000263
343.615000000000264
344.156000000000264
363.725000000000281
364.001000000000282
364.493000000000282
364.621000000000282
364.815000000000282
364.953000000000282
365.097000000000283
408.979000000000322
506.471000000000408
506.555000000000408
507.020000000000409
507.152000000000409
507.297000000000409
507.931000000000409
508.19000000000041
508.34300000000041
508.49900000000041
508.66200000000041
869.928000000000731
870.072000000000731
1004.889000000000851
1004.977000000000851
1005.089000000000851
1005.202000000000851
1005.426000000000851
1005.661000000000852
1005.755000000000852
1006.110000000000852
1006.263000000000852
1006.417000000000852
1006.706000000000852
1008.111000000000854
1008.348000000000854
1008.445000000000854
1008.566000000000854
1008.877000000000854
1009.400000000000855
1009.462000000000855
1009.573000000000855
1010.090000000000856
1010.126000000000856
1010.211000000000856
1010.766000000000856
1010.882000000000856
1010.993000000000856
1011.176000000000856
1011.425000000000857
1011.673000000000857
1012.015000000000857
1012.466000000000858
1012.577000000000858
1012.817000000000858
1012.921000000000858
1013.059000000000858
1013.207000000000858
1013.374000000000858
1013.524000000000858
1013.681000000000859
1013.837000000000859
1014.020000000000859
1014.192000000000859
1014.361000000000859
1014.84700000000086
1015.07500000000086
1015.20400000000086
1015.48500000000086
1015.62900000000086
1015.76900000000086
1015.895000000000861
1016.096000000000861
1016.208000000000861
1016.503000000000861
1016.810000000000861
1017.030000000000862
1017.351000000000862
1017.609000000000862
1018.282000000000863
1018.440000000000863
1018.826000000000863
1019.208000000000864
1019.335000000000864
1019.582000000000864
1019.715000000000864
1019.873000000000864
1020.058000000000864
1020.181000000000864
1020.332000000000865
1020.484000000000865
1020.662000000000865
1020.887000000000865
1021.039000000000865
1021.205000000000865
1021.336000000000866
1021.542000000000866
1021.698000000000866
1021.822000000000866
1021.836000000000866
1021.993000000000866
1022.008000000000866
1022.169000000000866
1022.406000000000866
1022.524000000000866
1022.615000000000867
1022.770000000000867
1022.943000000000867
1023.161000000000867
1023.367000000000867
1023.543000000000867
1023.752000000000868
1023.915000000000868
1024.07200000000087
1024.26200000000087
1024.46200000000087
1024.66600000000087
1024.80200000000087
1025.02300000000087
1025.28200000000087
1025.47000000000087
1025.65500000000087
1025.84400000000087
1026.04300000000087
1026.21700000000087
1026.42100000000087
1026.53400000000087
1027.24000000000087
1027.44800000000087
1027.65700000000087
1027.84300000000087
1028.08000000000087
1028.28000000000087
1028.47900000000087
1028.76200000000087
1028.95000000000087
1029.15400000000087
1029.34900000000087
1029.36500000000087
1029.55700000000087
1029.73600000000087
1029.94300000000087
1030.11800000000087
1030.33100000000087
1030.53000000000087
1030.64400000000087
1030.79300000000087
1030.98500000000087
1031.24300000000087
1031.43900000000087
1031.64200000000087
1031.82000000000087
1032.01400000000087
1032.22800000000088
1032.42500000000088
1032.59000000000088
1032.78800000000088
1032.95900000000088
1033.11800000000088
1034.21400000000088
1034.38500000000088
1034.55400000000088
1034.70900000000088
1034.90000000000088
1035.54000000000088
1035.72100000000088
1035.93200000000088
1036.15600000000088
1036.34700000000088
1036.52000000000088
1036.73300000000088
1036.95400000000088
1037.16500000000088
1037.36700000000088
1037.58400000000088
1037.74900000000088
1037.95500000000088
1038.14100000000088
1038.38900000000088
1038.63200000000088
1038.80500000000088
1038.99700000000088
1039.22300000000088
1039.40900000000088
1039.52200000000088
1039.69000000000088
1039.87500000000088
1040.08900000000088
1040.29100000000088
1040.51200000000088
1040.76100000000088
1040.93200000000088
1041.12800000000088
1041.37000000000088
1041.76300000000088
1041.96100000000088
1042.16800000000088
1042.38500000000088
1042.56700000000088
1042.73300000000088
1042.92200000000088
1043.11600000000088
1043.37300000000088
1043.62200000000089
1043.80200000000089
1044.02100000000089
1044.21900000000089
1044.41100000000089
1044.60000000000089
1044.77500000000089
1044.95600000000089
1045.15800000000089
1045.34300000000089
1045.53200000000089
1045.72600000000089
1045.93400000000089
1046.17200000000089
1046.30900000000089
1046.49200000000089
1047.85000000000089
1048.02400000000089
1048.24100000000089
1048.45800000000089
1048.67800000000089
1048.93900000000089
1049.12700000000089
1049.35100000000089
1049.55700000000089
1049.73000000000089
1049.94900000000089
1050.22600000000089
1050.44200000000089
1050.63500000000089
1050.85400000000089
1051.08100000000089
1051.28300000000089
1051.50600000000089
1051.71400000000089
1052.19400000000089
1053.16900000000089
1053.35700000000089
1053.56700000000089
1054.29500000000089
1057.3040000000009
1058.1680000000009
1058.3550000000009
1059.0920000000009
1059.4520000000009
1059.5360000000009
1059.8130000000009
1059.9320000000009
1060.1460000000009
1060.3730000000009
1060.5230000000009
1060.8100000000009
1060.9750000000009
1061.1570000000009
1061.3370000000009
1061.5110000000009
1061.7000000000009
1062.5610000000009
1062.7120000000009
1062.8500000000009
1062.9890000000009
1063.1490000000009
1063.3000000000009
1063.4360000000009
1063.5790000000009
1063.7100000000009
1063.8920000000009
1064.0440000000009
1064.1900000000009
1064.4560000000009
1065.0670000000009
1069.59100000000091
1069.70300000000091
1069.82600000000091
1070.16300000000091
1070.34900000000091
1070.59700000000091
1070.99400000000091
1071.16900000000091
1071.33300000000091
1071.96900000000091
1072.13100000000091
1072.30700000000091
1073.71400000000091
1073.91300000000091
1074.09500000000091
1074.26800000000091
1075.30500000000091
1075.50700000000091
1075.68300000000091
1075.85200000000091
1076.68500000000091
1077.08600000000091
1077.27500000000092
1077.45900000000092
1077.63600000000092
1079.47000000000092
1079.64500000000092
1079.85000000000092
1080.01100000000092
1080.17400000000092
1080.36500000000092
1080.53500000000092
1080.79400000000092
1080.99000000000092
1081.19100000000092
1081.33300000000092
1081.50900000000092
1082.03600000000092
1082.19700000000092
1082.34900000000092
1082.57100000000092
1082.78000000000092
1082.95900000000092
1083.13500000000092
1083.35400000000092
1083.42700000000092
1083.58900000000092
1083.83400000000092
1084.01100000000092
1084.18900000000092
1084.37100000000092
1084.64200000000092
1084.85700000000092
1085.06600000000092
1085.25800000000092
1085.45800000000092
1085.63800000000092
1085.86100000000092
1086.01500000000092
1086.22700000000092
1086.40700000000092
1086.61000000000092
1086.86000000000092
1087.05000000000092
1087.38700000000092
1088.41800000000092
1088.81600000000093
1089.04100000000093
1089.17800000000093
1089.28300000000093
1089.38500000000093
1089.48000000000093
1089.57400000000093
1089.77200000000093
1089.91900000000093
1090.06400000000093
1090.61400000000093
1091.13600000000093
1121.72400000000095
1121.78800000000095
1121.85300000000095
1122.55900000000096
1122.67500000000096
1122.78000000000096
1122.89000000000096
1123.25400000000096
1123.46500000000096
1123.97600000000096
1124.22900000000096
1124.41300000000096
1124.57200000000096
1124.77000000000096
1124.96200000000096
1125.08500000000096
1125.45900000000096
1125.62000000000096
1126.06900000000096
1126.44300000000096
1126.55500000000096
1126.64200000000096
1126.86100000000096
1126.99100000000096
1127.36100000000096
1127.67000000000096
1127.84800000000096
1128.04100000000096
1128.24300000000096
1128.40800000000096
1128.60100000000096
1128.77200000000096
1129.48600000000096
1129.90100000000096
1130.06900000000096
1130.23200000000096
1130.41500000000096
1130.59900000000096
1130.78800000000096
1130.99600000000096
1131.23000000000096
1131.32500000000096
1131.69200000000096
1131.84700000000096
1132.04100000000096
1295.24600000000111
1296.08900000000111
1296.12100000000111
1296.20600000000111
1296.28800000000111
1296.38200000000111
1296.58200000000111
1296.78400000000111
1296.92100000000111
1297.07200000000111
1297.36600000000111
1297.47000000000111
1297.71000000000111
1297.85000000000111
1297.98900000000111
1298.12800000000111
1298.14800000000111
1299.15900000000111
1299.43800000000111
1299.54000000000111
1299.67600000000111
1300.19000000000111
1300.72300000000111
1301.11200000000111
1301.23400000000111
1301.65200000000111
1302.18600000000111
1302.36700000000112
1302.76100000000112
1302.91700000000112
1303.06400000000112
1303.19000000000112
1304.07300000000112
1304.34000000000112
1304.52800000000112
1304.78300000000112
1305.01800000000112
1305.17200000000112
1305.35300000000112
1386.47900000000119
1386.75200000000119
1386.91100000000119
1387.05800000000119
1387.20700000000119
1387.34700000000119
1387.50400000000119
1387.64200000000119
1388.17000000000119
1388.24700000000119
1388.55700000000119
1389.18000000000119
1389.31800000000119
1389.49700000000119
1389.68000000000119
1390.54700000000119
1391.09000000000119
1391.54600000000119
1391.66800000000119
1391.90500000000119
1392.19100000000119
1392.34000000000119
1392.8200000000012
1393.3550000000012
1393.8720000000012
1394.0190000000012
1655.42000000000143
1655.81200000000143
1656.10900000000143
1656.36000000000143
1656.49400000000143
1660.44700000000143
1679.53100000000145
1680.13300000000145
1680.28200000000145
1680.44000000000145
1680.58400000000145
1680.73000000000145
1680.86800000000145
1681.04000000000145
1681.30600000000145
1681.46900000000145
1681.62200000000145
1681.78300000000145
1681.94300000000145
1682.08800000000145
1682.23800000000145
1682.38100000000145
1682.51600000000145
1682.64800000000145
1683.12100000000145
1683.24700000000145
1683.43000000000145
1683.57900000000145
1683.74400000000145
1683.89400000000145
1684.04700000000145
1684.19100000000145
1684.35200000000145
1684.51000000000145
1684.66800000000145
1684.82500000000145
1684.99900000000145
1685.16500000000146
1685.33200000000146
1685.50100000000146
1685.67900000000146
1686.91700000000146
1687.08700000000146
1687.25900000000146
1687.43200000000146
1687.58600000000146
1687.76200000000146
1687.90400000000146
1688.94200000000146
1689.17200000000146
1689.32600000000146
1689.49200000000146
1689.66300000000146
1690.49700000000146
1690.55600000000146
1690.81400000000146
1690.92500000000146
1691.00600000000146
1691.17800000000146
1691.31800000000146
1691.47600000000146
1691.63600000000146
1691.80300000000146
1692.36000000000146
1692.54300000000146
1701.02400000000147
1701.14100000000147
1701.27000000000147
1701.39700000000147
1701.48800000000147
1701.59300000000147
1701.77800000000147
1701.92300000000147
1702.07700000000147
1702.23800000000147
1702.53000000000147
1702.92800000000147
1703.00500000000147
1703.13700000000147
1703.60900000000147
1703.78400000000147
1703.95000000000147
1704.11900000000147
1704.31700000000147
1704.48100000000147
1704.63600000000147
1704.84100000000147
1705.02900000000147
1705.23300000000147
1705.43900000000147
1706.12800000000147
1706.47600000000147
1706.61700000000147
1715.06100000000148
1717.30300000000148
1722.48000000000149
1722.62800000000149
1722.81500000000149
1723.40800000000149
1723.53800000000149
1723.66700000000149
1723.84900000000149
1724.05600000000149
1724.42300000000149
1724.67700000000149
1724.80100000000149
1724.95000000000149
1725.09000000000149
1725.20500000000149
1725.36800000000149
1725.50300000000149
1725.67100000000149
1725.81700000000149
1725.98800000000149
1726.13800000000149
1726.44000000000149
1726.60200000000149
1726.74500000000149
1726.89100000000149
1727.03200000000149
1727.18300000000149
1727.31700000000149
1727.40200000000149
1727.51300000000149
1727.81100000000149
1727.94900000000149
1728.10600000000149
1808.04500000000156
1808.61900000000156
1808.75900000000156
1808.88500000000156
1809.15900000000157
1809.43300000000157
1809.69800000000157
1809.98000000000157
1810.13500000000157
1810.27800000000157
1810.42900000000157
1810.57100000000157
1810.72300000000157
1811.02000000000157
1811.14700000000157
1811.29900000000157
1811.42900000000157
1811.58900000000157
1811.72200000000157
1811.87600000000157
1812.00900000000157
1812.16000000000157
1812.30400000000157
1812.44300000000157
1812.58800000000157
1812.87500000000157
1812.99600000000157
1813.15000000000157
1813.27200000000157
1813.43800000000157
1813.57700000000157
1813.73700000000157
1813.88700000000157
1814.03700000000157
1814.17400000000157
1814.32800000000157
1814.61500000000157
1814.89600000000157
1815.32000000000157
1815.50100000000157
1815.93000000000157
1816.06700000000157
1816.18000000000157
1816.34500000000157
1816.48800000000157
1816.62200000000157
1816.77400000000157
1816.91000000000157
1817.06000000000157
1817.34800000000157
1817.48100000000157
1817.88700000000157
1818.15300000000157
1818.26200000000157
1818.40900000000157
1818.47700000000157
1823.93600000000158
1839.67000000000159
1839.81900000000159
1840.04200000000159
1840.19600000000159
1840.34800000000159
1840.50500000000159
1840.78900000000159
1841.43800000000159
1841.56100000000159
1841.70700000000159
1841.88400000000159
1842.06300000000159
1842.33600000000159
1842.50400000000159
1842.61200000000159
1842.63500000000159
1842.9090000000016
1843.1780000000016
1843.3170000000016
1843.4730000000016
1843.6400000000016
1843.7850000000016
1843.9030000000016
1844.0790000000016
1844.2310000000016
1844.3700000000016
1844.5180000000016
1844.6750000000016
1844.8230000000016
1844.8860000000016
1845.1150000000016
1856.15400000000161
1856.33300000000161
1856.50100000000161
1856.66100000000161
1856.84500000000161
1858.33500000000161
1858.73000000000161
1858.86800000000161
1858.98200000000161
1859.23800000000161
1859.46700000000161
1859.58400000000161
1859.92200000000161
1860.17000000000161
1860.68200000000161
1861.17100000000161
1861.37100000000161
1861.57100000000161
1861.68800000000161
1861.82200000000161
1862.10400000000161
1862.31500000000161
1862.64200000000161
1862.92200000000161
1863.37100000000161
1863.47300000000161
1863.79600000000161
1863.88900000000161
1864.29400000000161
1864.39500000000161
1864.47600000000161
1864.96700000000161
1865.07500000000161
1865.08900000000161
1865.18700000000161
1865.47500000000162
1865.78300000000162
1865.80300000000162
1866.05400000000162
1866.10200000000162
1866.32800000000162
1866.51700000000162
1866.69200000000162
1867.27000000000162
1867.44800000000162
1867.84100000000162
1867.94200000000162
1868.03000000000162
1868.19100000000162
1868.77500000000162
1868.91600000000162
1868.98000000000162
1869.08700000000162
1869.12400000000162
1869.21300000000162
1870.09700000000162
1870.33100000000162
1871.04900000000162
1871.13000000000162
1871.39200000000162
1871.52000000000162
1871.86300000000162
1872.13400000000162
1872.29500000000162
1872.42800000000162
1872.81100000000162
1873.13800000000162
1873.50800000000162
1874.19800000000162
1878.33000000000163
1878.47200000000163
1878.62900000000163
1879.25200000000163
1880.62700000000163
1881.23600000000163
1909.15600000000165
1909.27400000000165
1909.38600000000165
1909.60200000000165
1909.85200000000165
1909.99600000000165
1910.10200000000165
1910.23100000000165
1910.33300000000166
1910.49800000000166
1910.64800000000166
1910.78600000000166
1910.92400000000166
1911.07600000000166
1911.22500000000166
1911.38000000000166
1911.38900000000166
1911.56200000000166
1911.73100000000166
1911.95300000000166
1912.14300000000166
1912.36400000000166
1912.69500000000166
1913.24000000000166
1913.55200000000166
1913.85600000000166
1914.28800000000166
1914.48600000000166
1914.60800000000166
1914.80600000000166
1914.91500000000166
1915.13600000000166
1915.59400000000166
1915.72000000000166
1915.92300000000166
1917.13800000000166
1917.29000000000166
1917.45000000000166
1917.60400000000166
1917.90800000000166
1958.6910000000017
1958.8130000000017
1959.2180000000017
1959.5160000000017
1959.8170000000017
1960.1100000000017
1960.2590000000017
1960.4230000000017
1960.5750000000017
1961.6010000000017
1962.9170000000017
1963.1690000000017
1963.2740000000017
1963.3760000000017
1963.5460000000017
1963.6840000000017
1963.8310000000017
1963.9890000000017
1964.1330000000017
1964.2790000000017
1964.4380000000017
1964.7480000000017
1964.8480000000017
1965.2570000000017
1965.4880000000017
1966.0600000000017
1966.3110000000017
1966.6610000000017
1967.04500000000171
1967.92400000000171
1968.27600000000171
1969.30500000000171
1969.64000000000171
1969.92500000000171
1970.96100000000171
1971.13700000000171
1971.40500000000171
1971.92400000000171
1972.07200000000171
1972.19900000000171
1972.70400000000171
1973.08200000000171
1973.29000000000171
1973.43300000000171
1973.57300000000171
1974.14600000000171
2269.88499999997734
2271.05099999997721
2271.28899999997719
2271.52799999997716
2271.62299999997715
2271.83599999997713
2272.12099999997709
2273.33999999997696
2280.16099999997621
2280.34299999997619
2280.48299999997617
2280.62599999997616
2280.76399999997614
2280.90099999997613
2281.05299999997611
2281.1859999999761
2281.34299999997608
2281.49199999997606
2281.64099999997605
2281.78699999997603
2281.93199999997601
2282.067999999976
2282.20699999997598
2282.38499999997596
2282.53899999997595
2282.68499999997593
2282.83499999997591
2282.9899999999759
2283.14399999997588
2283.29499999997586
2283.43799999997585
2283.56899999997583
2283.71599999997582
2283.8889999999758
2284.05799999997578
2284.22199999997576
2285.04099999997567
2285.31399999997564
2285.34499999997564
2285.50399999997562
2285.6749999999756
2285.84899999997558
2286.03199999997556
2286.20599999997554
2286.68099999997549
2287.23099999997543
2287.36099999997542
2287.43499999997541
2287.57499999997539
2287.73099999997537
2287.90699999997536
2288.06599999997534
2288.21999999997532
2288.3789999999753
2288.54399999997529
2288.70799999997527
2288.87199999997525
2289.04699999997523
2289.21299999997521
2289.37999999997519
2289.53999999997518
2289.69499999997516
2289.85599999997514
2290.02299999997512
2290.2039999999751
2290.38099999997508
2290.53899999997507
2290.55699999997506
2290.72399999997505
2290.91499999997502
2291.07799999997501
2291.25099999997499
2291.42699999997497
2291.59599999997495
2291.77199999997493
2291.94199999997491
2292.43099999997486
2292.55199999997484
2296.28999999997443
2304.07299999997358
2304.44999999997353
2304.67299999997351
2305.01099999997347
2305.16099999997346
2305.32699999997344
2305.48499999997342
2465.80599999995576
2466.01999999995574
2466.13399999995573
2466.44699999995569
2466.58699999995568
2466.76099999995566
2466.96299999995564
2467.07999999995562
2467.19099999995561
2467.3059999999556
2467.41299999995559
2467.61899999995556
2467.76999999995555
2467.91899999995553
2468.08699999995551
2468.49799999995547
2468.64899999995545
2468.76299999995544
2468.90699999995542
2469.0619999999554
2469.79099999995532
2470.18399999995528
2470.30499999995527
2470.60699999995523
2471.14399999995517
2471.24599999995516
2494.5499999999526
2494.80399999995257
2495.07099999995254
2495.21999999995252
2495.57299999995248
2495.86399999995245
2496.15199999995242
2496.46899999995239
2496.75799999995235
2496.94099999995233
2497.09999999995232
2497.2469999999523
2497.41699999995228
2497.56099999995227
2497.72199999995225
2498.87399999995212
2499.82999999995202
2500.12899999995198
2502.47699999995172
2507.82199999995114
2508.42699999995107
2508.54899999995106
2508.69599999995104
2508.98199999995101
2509.057999999951
2509.25699999995098
2509.37399999995096
2510.29699999995086
2510.41099999995085
2510.59099999995083
2511.09499999995077
2513.22599999995054
2513.50499999995051
2513.6209999999505
2514.03099999995045
2514.16199999995044
2514.31699999995042
2514.57999999995039
2515.31099999995031
2515.4309999999503
2515.60599999995028
2515.69799999995027
2515.89499999995025
2516.2719999999502
2516.46099999995018
2516.76199999995015
2517.07199999995012
2517.1879999999501
2517.36599999995008
2517.65499999995005
2517.92699999995002
2518.02499999995001
2518.33899999994998
2519.0519999999499
2519.32599999994987
2519.51199999994985
2520.22199999994977
2630.81799999993759
2631.06499999993756
2631.19599999993755
2631.6579999999375
2668.41399999993345
2668.65699999993342
2669.30499999993335
2669.41399999993334
2669.52699999993333
2670.06999999993327
2670.21699999993325
2670.37999999993323
2670.56299999993321
2671.04499999993316
2671.38399999993312
2671.53099999993311
2671.69899999993309
2671.86199999993307
2672.34099999993302
2732.03499999992644
2732.30099999992641
2799.44299999991902
2799.70299999991899
2800.20999999991893
2800.34799999991892
2800.5069999999189
2800.66099999991888
2800.79399999991887
3016.18599999989515
3016.34099999989513
3016.51799999989511
3016.66899999989509
3016.99599999989506
3017.09699999989505
3017.30299999989502
3017.475999999895
3017.63499999989499
3017.78999999989497
3017.94199999989495
3018.10399999989494
3018.26199999989492
3018.36699999989491
3018.56399999989488
3018.63099999989488
3030.2699999998936
3030.62199999989356
3030.92899999989352
3031.36699999989348
3031.81699999989343
3032.40899999989336
3032.69799999989333
3033.91299999989319
3229.71399999987163
3230.0069999998716
3230.13899999987158
3230.26999999987157
3230.48399999987155
3230.65099999987153
3230.82599999987151
3232.02199999987138
3301.35899999986374
3301.60099999986371
3301.7549999998637
3301.92899999986368
592
-3
40.7049999999999945
40.8359999999999946
40.9789999999999948
41.1419999999999949
41.300999999999995
41.4669999999999952
41.6349999999999953
41.8009999999999955
41.9609999999999956
42.1339999999999958
42.3149999999999959
42.4859999999999961
42.6529999999999962
42.8359999999999964
43.0139999999999966
43.8639999999999973
89.0780000000000375
89.1970000000000376
89.3350000000000377
89.4720000000000378
89.630000000000038
89.7750000000000381
89.9310000000000382
90.0800000000000384
90.2340000000000385
90.3970000000000386
90.5760000000000388
90.7400000000000389
90.9080000000000391
91.0810000000000392
91.2530000000000394
91.4220000000000396
91.5930000000000397
91.7650000000000398
91.93600000000004
92.1110000000000402
92.3010000000000403
92.4810000000000405
92.6510000000000406
92.8330000000000408
93.019000000000041
93.2030000000000411
93.3890000000000413
94.0270000000000419
94.178000000000042
141.277000000000084
141.390000000000084
141.512000000000084
141.648000000000084
141.798000000000084
141.951000000000084
142.106000000000085
142.257000000000085
208.645000000000144
208.746000000000144
208.884000000000144
209.027000000000144
209.183000000000144
209.342000000000144
209.492000000000144
209.775000000000145
209.928000000000145
210.082000000000145
210.250000000000145
226.066000000000159
226.203000000000159
294.88300000000022
295.03400000000022
295.205000000000221
295.364000000000221
295.528000000000221
295.691000000000221
295.874000000000221
296.089000000000221
296.614000000000222
296.750000000000222
296.918000000000222
297.100000000000222
302.028000000000227
302.129000000000227
302.677000000000227
302.781000000000227
302.887000000000227
302.993000000000227
303.137000000000228
303.272000000000228
303.494000000000228
303.756000000000228
303.781000000000228
303.901000000000228
304.291000000000229
304.436000000000229
304.595000000000229
304.748000000000229
304.884000000000229
305.019000000000229
305.36000000000023
306.573000000000231
306.730000000000231
306.864000000000231
307.034000000000231
307.209000000000231
307.381000000000231
307.580000000000232
307.793000000000232
307.964000000000232
308.124000000000232
308.288000000000232
308.518000000000232
308.700000000000233
308.864000000000233
309.029000000000233
309.249000000000233
309.488000000000233
310.261000000000234
311.056000000000235
311.254000000000235
311.484000000000235
312.109000000000236
312.325000000000236
312.511000000000236
312.651000000000236
312.703000000000236
313.716000000000237
313.969000000000237
314.653000000000238
315.016000000000238
315.195000000000238
315.386000000000238
315.966000000000239
317.40400000000024
317.743000000000241
317.909000000000241
318.096000000000241
318.415000000000241
318.583000000000241
318.777000000000241
319.222000000000242
319.384000000000242
319.546000000000242
319.584000000000242
320.041000000000243
320.220000000000243
320.387000000000243
320.492000000000243
320.690000000000243
320.852000000000243
321.399000000000244
322.194000000000244
322.382000000000245
322.644000000000245
322.885000000000245
322.994000000000245
323.130000000000245
323.285000000000245
323.643000000000246
323.748000000000246
323.932000000000246
323.966000000000246
324.007000000000246
324.075000000000246
324.957000000000247
325.108000000000247
325.277000000000247
325.432000000000247
325.875000000000248
325.902000000000248
443.349000000000352
443.484000000000352
443.640000000000352
443.778000000000352
443.934000000000353
444.104000000000353
444.273000000000353
446.361000000000355
446.508000000000355
446.655000000000355
446.802000000000355
446.933000000000355
447.086000000000355
447.253000000000356
447.409000000000356
447.571000000000356
447.743000000000356
447.916000000000356
448.095000000000356
448.705000000000357
448.860000000000357
449.000000000000357
449.179000000000357
449.354000000000357
449.519000000000358
449.698000000000358
449.924000000000358
450.073000000000358
450.257000000000358
450.480000000000358
450.490000000000358
450.678000000000359
450.903000000000359
451.078000000000359
451.281000000000359
451.464000000000359
451.65800000000036
451.86400000000036
452.10900000000036
452.30300000000036
452.48800000000036
452.873000000000361
453.103000000000361
453.359000000000361
453.554000000000361
454.091000000000362
454.270000000000362
454.463000000000362
454.637000000000362
454.811000000000362
455.008000000000362
455.276000000000363
455.460000000000363
455.640000000000363
455.807000000000363
456.301000000000364
456.670000000000364
456.840000000000364
457.020000000000364
457.209000000000364
457.723000000000365
732.859000000000609
733.018000000000609
733.18100000000061
733.32800000000061
733.50700000000061
733.69100000000061
733.86700000000061
734.05400000000061
734.24000000000061
734.433000000000611
734.631000000000611
734.833000000000611
735.020000000000611
735.196000000000611
735.430000000000612
735.611000000000612
735.793000000000612
735.996000000000612
736.330000000000612
744.303000000000619
744.44300000000062
781.677000000000653
781.707000000000653
784.620000000000655
784.672000000000655
785.367000000000656
785.456000000000656
785.942000000000656
786.099000000000656
786.270000000000657
786.430000000000657
786.593000000000657
786.791000000000657
787.003000000000657
787.239000000000658
787.453000000000658
787.628000000000658
787.805000000000658
787.977000000000658
788.197000000000658
788.385000000000658
788.574000000000659
788.787000000000659
789.037000000000659
789.271000000000659
789.48200000000066
789.58000000000066
789.67100000000066
789.85000000000066
790.03400000000066
790.29000000000066
790.42200000000066
790.48100000000066
790.677000000000661
790.863000000000661
791.035000000000661
791.230000000000661
791.418000000000661
791.657000000000661
791.869000000000662
792.152000000000662
792.376000000000662
792.563000000000662
792.739000000000662
792.986000000000663
793.186000000000663
793.392000000000663
793.567000000000663
793.747000000000663
793.935000000000663
794.160000000000664
794.387000000000664
794.904000000000664
795.006000000000664
795.087000000000664
795.330000000000665
795.509000000000665
795.707000000000665
795.947000000000665
796.187000000000665
796.396000000000666
796.555000000000666
796.731000000000666
798.816000000000668
798.982000000000668
799.163000000000668
799.331000000000668
799.494000000000668
799.668000000000669
799.867000000000669
800.339000000000669
800.459000000000669
800.91400000000067
800.92800000000067
801.13400000000067
801.29500000000067
801.46900000000067
801.66200000000067
801.82600000000067
802.007000000000671
802.193000000000671
802.370000000000671
802.596000000000671
802.816000000000671
802.992000000000672
803.161000000000672
803.364000000000672
803.498000000000672
803.600000000000672
803.817000000000672
804.016000000000672
804.208000000000673
804.407000000000673
804.641000000000673
804.826000000000673
805.012000000000673
805.201000000000674
805.434000000000674
805.665000000000674
805.787000000000674
805.906000000000674
806.089000000000674
806.260000000000674
806.450000000000675
806.686000000000675
806.912000000000675
807.096000000000675
807.295000000000675
807.521000000000676
807.784000000000676
807.971000000000676
808.152000000000676
808.338000000000676
808.524000000000676
808.724000000000677
808.904000000000677
809.111000000000677
810.067000000000678
810.410000000000678
816.169000000000683
817.429000000000684
817.594000000000684
817.791000000000685
824.827000000000691
825.435000000000691
825.599000000000692
825.775000000000692
825.981000000000692
826.168000000000692
826.345000000000692
826.529000000000692
826.800000000000693
827.014000000000693
827.193000000000693
827.370000000000693
827.540000000000693
827.742000000000694
827.978000000000694
828.171000000000694
828.343000000000694
828.551000000000694
828.669000000000694
828.801000000000694
829.050000000000695
829.248000000000695
829.427000000000695
829.646000000000695
830.525000000000696
830.701000000000696
830.882000000000696
831.132000000000696
831.333000000000697
831.530000000000697
831.793000000000697
832.138000000000697
832.340000000000698
832.558000000000698
832.700000000000698
832.804000000000698
835.2080000000007
835.3800000000007
835.5720000000007
835.773000000000701
835.981000000000701
836.259000000000701
836.411000000000701
836.591000000000701
836.789000000000702
837.107000000000702
837.286000000000702
838.279000000000703
985.800000000000834
986.288000000000834
986.558000000000835
986.641000000000835
986.779000000000835
986.913000000000835
987.473000000000835
987.617000000000836
987.777000000000836
987.945000000000836
988.302000000000836
988.390000000000836
1153.44600000000098
1153.52900000000098
1153.65400000000098
1153.98300000000098
1154.27000000000098
1154.57700000000098
1154.89800000000098
1155.07800000000098
1155.21000000000098
1155.51600000000098
1155.65400000000098
1155.81700000000098
1155.99400000000098
1156.16700000000099
1156.32800000000099
1156.50400000000099
1156.68800000000099
1156.88300000000099
1157.07200000000099
1157.22300000000099
1157.38500000000099
1157.62600000000099
1157.82500000000099
1157.99900000000099
1158.16700000000099
1158.34600000000099
1158.57800000000099
1158.79100000000099
1158.95800000000099
1159.09700000000099
1159.26000000000099
1159.44300000000099
1159.62600000000099
1159.79500000000099
1159.97600000000099
1160.20800000000099
1160.41000000000099
1160.59900000000099
1160.78100000000099
1160.99200000000099
1161.17500000000099
1161.89700000000099
1162.46700000000099
1162.97800000000099
1163.16400000000099
1163.37400000000099
1163.55000000000099
1163.73500000000099
1244.92900000000106
1245.26300000000106
1245.42200000000106
1245.57000000000106
1245.71200000000106
1246.02000000000106
1246.06200000000106
1246.29500000000107
1247.39500000000107
1247.50800000000107
1401.9780000000012
1402.4850000000012
1402.7200000000012
1402.8560000000012
1403.2350000000012
1403.3760000000012
1403.5200000000012
1404.37500000000121
1404.46100000000121
1404.53500000000121
1404.69800000000121
1404.86500000000121
1405.04000000000121
1405.59100000000121
1406.05700000000121
1406.16300000000121
1406.19000000000121
1406.29600000000121
1406.47200000000121
1406.67500000000121
1406.78600000000121
1406.93500000000121
1407.17000000000121
1407.89000000000121
1408.07900000000121
1408.27800000000121
1408.46500000000121
1408.65500000000121
1408.84400000000121
1412.86100000000121
1413.00200000000121
1413.13400000000121
1413.24700000000121
1413.42900000000121
1413.74200000000121
1413.95800000000121
1414.03000000000121
1414.62400000000121
1414.74400000000121
1414.83700000000121
1414.98800000000122
1415.24100000000122
1415.51200000000122
1415.74200000000122
1416.08500000000122
1416.68500000000122
1417.02800000000122
1417.17600000000122
1417.33600000000122
1417.49700000000122
1417.69000000000122
1417.90200000000122
1418.08500000000122
1418.54400000000122
1419.37400000000122
1419.57400000000122
1421.16100000000122
1421.33500000000122
1421.51000000000122
1421.68300000000122
1421.89100000000122
1422.07700000000122
1422.24800000000122
1422.41400000000122
1422.59000000000122
1422.78300000000122
1422.97700000000122
1423.80000000000122
1423.91400000000122
1424.03500000000122
1424.16700000000122
1424.31500000000122
1424.51100000000122
1424.61500000000122
1424.80900000000122
1424.94400000000122
1425.30900000000122
1425.46400000000122
1425.65700000000122
1425.85500000000122
1426.05400000000122
1426.21100000000122
1426.38200000000123
1985.15400000000172
1985.27500000000172
1985.57400000000172
1985.85700000000172
1986.01500000000172
1986.35900000000172
1986.59600000000172
1986.73900000000172
1986.99000000000172
1987.11200000000172
1988.17100000000172
1988.30900000000172
1988.46400000000172
1988.60500000000172
1988.78500000000172
1989.23400000000172
1990.18600000000173
1990.78700000000173
1990.87800000000173
1991.17600000000173
-4
40.7699999999999946
40.8989999999999947
41.0579999999999948
41.216999999999995
41.3809999999999951
41.5469999999999953
41.7129999999999954
41.8719999999999955
42.0409999999999957
42.2129999999999958
42.395999999999996
42.5609999999999962
42.7479999999999963
42.9219999999999965
43.0919999999999966
43.8939999999999973
89.1260000000000375
89.2660000000000376
89.4040000000000378
89.5480000000000379
89.693000000000038
89.8440000000000382
89.9950000000000383
90.1480000000000384
90.3090000000000386
90.4830000000000387
90.6510000000000389
90.823000000000039
90.9910000000000392
91.1610000000000393
91.3310000000000395
91.5020000000000396
91.6740000000000398
91.8440000000000399
92.0200000000000401
92.1960000000000402
92.3890000000000404
92.5640000000000406
92.7450000000000407
92.9250000000000409
93.106000000000041
93.2820000000000412
93.4740000000000414
94.0860000000000419
94.210000000000042
141.334000000000084
141.440000000000084
141.574000000000084
141.721000000000084
141.869000000000084
142.022000000000084
142.175000000000085
142.319000000000085
208.667000000000144
208.794000000000144
208.942000000000144
209.103000000000144
209.258000000000144
209.411000000000144
209.567000000000144
209.838000000000145
209.998000000000145
210.158000000000145
210.327000000000145
226.120000000000159
226.253000000000159
294.94600000000022
295.09100000000022
295.277000000000221
295.444000000000221
295.598000000000221
295.768000000000221
295.953000000000221
296.152000000000221
296.650000000000222
296.831000000000222
297.004000000000222
297.181000000000222
302.085000000000227
302.164000000000227
302.730000000000227
302.844000000000227
302.958000000000227
303.082000000000228
303.203000000000228
303.321000000000228
303.607000000000228
303.765000000000228
303.890000000000228
303.903000000000228
304.347000000000229
304.479000000000229
304.646000000000229
304.819000000000229
305.006000000000229
305.130000000000229
306.555000000000231
306.693000000000231
306.795000000000231
306.956000000000231
307.124000000000231
307.290000000000231
307.487000000000231
307.714000000000232
307.922000000000232
308.079000000000232
308.257000000000232
308.493000000000232
308.675000000000232
308.850000000000233
308.988000000000233
309.167000000000233
309.411000000000233
310.255000000000234
311.053000000000235
311.212000000000235
311.424000000000235
312.097000000000236
312.268000000000236
312.506000000000236
312.635000000000236
312.664000000000236
313.697000000000237
313.928000000000237
314.605000000000238
314.956000000000238
315.160000000000238
315.343000000000238
315.908000000000239
317.38400000000024
317.60500000000024
317.828000000000241
317.996000000000241
318.148000000000241
318.514000000000241
318.739000000000241
319.219000000000242
319.378000000000242
319.536000000000242
319.582000000000242
320.006000000000243
320.218000000000243
320.386000000000243
320.406000000000243
320.679000000000243
320.751000000000243
320.906000000000243
321.452000000000244
322.348000000000245
322.447000000000245
322.841000000000245
322.941000000000245
323.050000000000245
323.168000000000245
323.406000000000246
323.691000000000246
323.864000000000246
323.952000000000246
323.997000000000246
324.036000000000246
324.184000000000246
325.018000000000247
325.191000000000247
325.323000000000247
325.517000000000247
325.891000000000248
325.926000000000248
443.402000000000352
443.550000000000352
443.697000000000352
443.880000000000353
444.015000000000353
444.184000000000353
444.354000000000353
446.422000000000355
446.562000000000355
446.704000000000355
446.843000000000355
447.010000000000355
447.200000000000356
447.350000000000356
447.486000000000356
447.655000000000356
447.830000000000356
447.994000000000356
448.175000000000356
448.768000000000357
448.932000000000357
449.077000000000357
449.271000000000357
449.452000000000358
449.592000000000358
449.783000000000358
449.999000000000358
450.205000000000358
450.403000000000358
450.485000000000358
450.603000000000359
450.821000000000359
451.001000000000359
451.197000000000359
451.391000000000359
451.565000000000359
451.79100000000036
452.01000000000036
452.25400000000036
452.41600000000036
452.811000000000361
453.029000000000361
453.277000000000361
453.525000000000361
454.050000000000362
454.267000000000362
454.440000000000362
454.614000000000362
454.799000000000362
454.957000000000362
455.186000000000363
455.415000000000363
455.562000000000363
455.751000000000363
455.913000000000363
456.631000000000364
456.788000000000364
456.955000000000364
457.142000000000364
457.316000000000365
457.796000000000365
732.917000000000609
733.080000000000609
733.22900000000061
733.40600000000061
733.57800000000061
733.76900000000061
733.96500000000061
734.14100000000061
734.33200000000061
734.551000000000611
734.734000000000611
734.935000000000611
735.101000000000611
735.301000000000611
735.522000000000612
735.711000000000612
735.886000000000612
736.073000000000612
736.398000000000612
744.346000000000619
744.50900000000062
781.705000000000653
781.722000000000653
784.664000000000655
785.042000000000656
785.398000000000656
785.493000000000656
786.004000000000656
786.136000000000656
786.339000000000657
786.503000000000657
786.709000000000657
786.924000000000657
787.207000000000658
787.339000000000658
787.565000000000658
787.758000000000658
787.911000000000658
788.123000000000658
788.324000000000658
788.496000000000659
788.669000000000659
788.920000000000659
789.159000000000659
789.391000000000659
789.57700000000066
789.58900000000066
789.77200000000066
789.95300000000066
790.16100000000066
790.40900000000066
790.43300000000066
790.61700000000066
790.766000000000661
790.965000000000661
791.158000000000661
791.344000000000661
791.538000000000661
791.762000000000662
792.040000000000662
792.301000000000662
792.494000000000662
792.652000000000662
792.869000000000662
793.099000000000663
793.311000000000663
793.522000000000663
793.660000000000663
793.843000000000663
794.045000000000664
794.285000000000664
794.496000000000664
795.005000000000664
795.018000000000664
795.159000000000665
795.407000000000665
795.604000000000665
795.810000000000665
796.057000000000665
796.304000000000666
796.439000000000666
796.608000000000666
796.805000000000666
798.877000000000668
799.036000000000668
799.244000000000668
799.401000000000668
799.583000000000668
799.802000000000669
799.976000000000669
800.418000000000669
800.548000000000669
800.92200000000067
800.93300000000067
801.17500000000067
801.37200000000067
801.54700000000067
801.73700000000067
801.911000000000671
802.096000000000671
802.283000000000671
802.483000000000671
802.732000000000671
802.950000000000671
803.067000000000672
803.278000000000672
803.497000000000672
803.510000000000672
803.742000000000672
803.939000000000672
804.130000000000673
804.294000000000673
804.505000000000673
804.723000000000673
804.937000000000673
805.103000000000673
805.295000000000674
805.547000000000674
805.785000000000674
805.803000000000674
806.025000000000674
806.181000000000674
806.342000000000674
806.561000000000675
806.804000000000675
806.995000000000675
807.184000000000675
807.416000000000675
807.659000000000676
807.890000000000676
808.058000000000676
808.236000000000676
808.419000000000676
808.613000000000677
808.849000000000677
809.004000000000677
809.220000000000677
810.133000000000678
810.479000000000678
816.228000000000683
817.488000000000684
817.669000000000684
817.824000000000685
824.870000000000691
825.509000000000692
825.677000000000692
825.872000000000692
826.099000000000692
826.283000000000692
826.436000000000692
826.740000000000693
826.979000000000693
827.061000000000693
827.323000000000693
827.479000000000693
827.651000000000693
827.872000000000694
828.113000000000694
828.243000000000694
828.421000000000694
828.645000000000694
828.701000000000694
828.901000000000695
829.147000000000695
829.323000000000695
829.516000000000695
829.757000000000695
830.626000000000696
830.794000000000696
831.084000000000696
831.226000000000697
831.432000000000697
831.769000000000697
831.977000000000697
832.287000000000698
832.465000000000698
832.695000000000698
832.709000000000698
832.964000000000698
835.2900000000007
835.4780000000007
835.705000000000701
835.909000000000701
836.119000000000701
836.321000000000701
836.549000000000701
836.735000000000701
837.062000000000702
837.278000000000702
837.719000000000702
838.333000000000703
985.856000000000834
986.335000000000834
986.631000000000835
986.753000000000835
986.879000000000835
986.993000000000835
987.521000000000835
987.682000000000836
987.842000000000836
988.009000000000836
988.377000000000836
988.477000000000836
1153.46600000000098
1153.58600000000098
1153.70600000000098
1154.05200000000098
1154.34400000000098
1154.64100000000098
1154.97300000000098
1155.11900000000098
1155.24800000000098
1155.56900000000098
1155.73000000000098
1155.90800000000098
1156.07300000000098
1156.28800000000099
1156.46500000000099
1156.64600000000099
1156.87200000000099
1157.04400000000099
1157.20300000000099
1157.35800000000099
1157.51500000000099
1157.72000000000099
1157.94000000000099
1158.10100000000099
1158.24000000000099
1158.50200000000099
1158.68300000000099
1158.88400000000099
1159.03800000000099
1159.18700000000099
1159.37000000000099
1159.57900000000099
1159.74000000000099
1159.90400000000099
1160.16300000000099
1160.32800000000099
1160.53100000000099
1160.69200000000099
1160.87900000000099
1161.07100000000099
1161.28400000000099
1161.97100000000099
1162.58200000000099
1163.07100000000099
1163.25500000000099
1163.46700000000099
1163.67400000000099
1163.87600000000099
1244.96600000000106
1245.31900000000106
1245.46100000000106
1245.60400000000106
1245.78800000000106
1246.02800000000106
1246.13000000000107
1246.36100000000107
1247.45400000000107
1247.59900000000107
1402.0210000000012
1402.6930000000012
1402.7990000000012
1402.9010000000012
1403.2930000000012
1403.4210000000012
1403.5880000000012
1404.45600000000121
1404.47200000000121
1404.60700000000121
1404.78900000000121
1404.97100000000121
1405.13300000000121
1405.90500000000121
1406.13900000000121
1406.18600000000121
1406.26000000000121
1406.36900000000121
1406.57900000000121
1406.76300000000121
1406.90700000000121
1407.03700000000121
1407.22500000000121
1407.97800000000121
1408.15200000000121
1408.35700000000121
1408.54900000000121
1408.76500000000121
1408.96900000000121
1412.95500000000121
1413.06800000000121
1413.18700000000121
1413.30800000000121
1413.50300000000121
1413.83900000000121
1414.01400000000121
1414.47900000000121
1414.69300000000121
1414.79200000000121
1414.90000000000122
1415.14900000000122
1415.26800000000122
1415.58000000000122
1415.80100000000122
1416.40600000000122
1416.72900000000122
1417.08800000000122
1417.21900000000122
1417.40000000000122
1417.57200000000122
1417.78600000000122
1417.98200000000122
1418.19000000000122
1419.29900000000122
1419.53000000000122
1420.26700000000122
1421.24200000000122
1421.41400000000122
1421.58400000000122
1421.76400000000122
1421.97400000000122
1422.16200000000122
1422.31400000000122
1422.49000000000122
1422.70400000000122
1422.88500000000122
1423.05300000000122
1423.87000000000122
1423.98800000000122
1424.11300000000122
1424.19500000000122
1424.42600000000122
1424.57300000000122
1424.80300000000122
1424.89900000000122
1424.99500000000122
1425.38900000000122
1425.54900000000122
1425.73600000000122
1425.93100000000122
1426.10400000000122
1426.28400000000123
1426.47300000000123
1985.21400000000172
1985.32500000000172
1985.62700000000172
1985.94000000000172
1986.10300000000172
1986.58300000000172
1986.70800000000172
1986.82100000000172
1987.08700000000172
1987.90200000000172
1988.22900000000172
1988.35500000000172
1988.52700000000172
1988.68800000000172
1988.83300000000172
1990.17100000000173
1990.22800000000173
1990.85100000000173
1991.14100000000173
1991.25100000000173
0
0
0
0
0
0
0
0
0
0
0
0
0
3600.00099999983085
0
0
0
0
0
0
