8
13
19
8
13
19
IPPneo1.15
sacch3
0
3
12
02
25
13
03
49
22
4
.3
1
1064
1064
1
619
619
1
1
1
1
1
1
1
1
1
1
1
1
1
1
1
1
1
1
1
1
1063
-1
71.7610000000000221
72.1810000000000225
72.3270000000000226
72.4740000000000227
72.6250000000000229
72.778000000000023
72.9200000000000231
73.0760000000000233
73.2160000000000234
73.3760000000000235
73.5170000000000236
73.6710000000000238
73.8180000000000239
73.953000000000024
74.0960000000000242
74.2430000000000243
74.3960000000000244
74.5350000000000246
74.6710000000000247
74.8250000000000248
74.985000000000025
75.1300000000000251
75.2770000000000252
75.4250000000000253
75.5730000000000255
75.7320000000000256
75.8850000000000258
75.9550000000000258
76.0430000000000259
76.189000000000026
76.3360000000000262
76.4870000000000263
76.9110000000000267
77.0570000000000268
77.1860000000000269
77.334000000000027
139.450000000000082
139.575000000000082
139.660000000000082
139.764000000000082
139.889000000000083
140.028000000000083
140.183000000000083
140.331000000000083
140.480000000000083
140.647000000000083
140.817000000000083
140.957000000000084
141.336000000000084
141.473000000000084
141.620000000000084
141.776000000000084
141.965000000000084
142.122000000000085
142.263000000000085
142.437000000000085
142.591000000000085
142.749000000000085
142.926000000000085
143.097000000000085
143.381000000000086
143.538000000000086
143.793000000000086
143.982000000000086
144.118000000000086
144.274000000000086
144.386000000000087
144.438000000000087
144.523000000000087
144.597000000000087
144.750000000000087
144.908000000000087
144.981000000000087
145.050000000000087
145.559000000000088
145.697000000000088
145.863000000000088
146.022000000000088
146.080000000000088
146.159000000000088
146.308000000000088
146.500000000000088
146.724000000000089
146.907000000000089
147.059000000000089
147.367000000000089
147.501000000000089
147.65700000000009
147.82300000000009
147.98700000000009
148.34000000000009
148.43400000000009
148.56300000000009
148.71100000000009
148.868000000000091
149.039000000000091
149.212000000000091
149.383000000000091
149.542000000000091
149.707000000000091
149.867000000000091
149.905000000000092
150.027000000000092
150.204000000000092
150.377000000000092
150.557000000000092
150.664000000000092
150.744000000000092
151.309000000000093
151.520000000000093
151.570000000000093
151.661000000000093
151.830000000000093
152.001000000000093
152.159000000000094
152.313000000000094
152.460000000000094
152.512000000000094
153.012000000000094
186.024000000000124
186.156000000000124
186.294000000000124
186.481000000000124
186.662000000000124
186.802000000000124
226.62600000000016
226.80600000000016
226.92600000000016
227.05100000000016
227.18500000000016
227.32000000000016
228.065000000000161
229.958000000000163
230.085000000000163
230.222000000000163
230.432000000000163
230.579000000000163
230.722000000000163
230.789000000000163
231.504000000000164
232.036000000000164
232.196000000000165
232.610000000000165
277.564000000000205
492.799000000000396
492.924000000000396
493.049000000000396
493.803000000000397
493.976000000000397
494.116000000000397
494.262000000000397
494.414000000000397
494.623000000000398
494.714000000000398
494.866000000000398
495.003000000000398
495.222000000000398
542.59700000000044
846.04600000000071
846.45800000000071
846.60600000000071
846.75900000000071
846.92000000000071
847.074000000000711
847.203000000000711
847.464000000000711
847.602000000000711
847.741000000000711
890.381000000000749
890.510000000000749
890.649000000000749
890.80000000000075
891.01300000000075
891.16000000000075
891.31900000000075
891.47800000000075
891.62900000000075
892.766000000000751
892.888000000000751
893.573000000000752
893.715000000000752
894.003000000000752
894.138000000000752
894.287000000000753
894.446000000000753
894.963000000000753
895.107000000000753
895.243000000000753
895.391000000000754
895.553000000000754
895.722000000000754
895.881000000000754
896.078000000000754
896.247000000000754
896.386000000000754
896.519000000000755
896.693000000000755
896.864000000000755
897.326000000000755
897.483000000000755
897.641000000000756
897.826000000000756
898.018000000000756
898.209000000000756
898.426000000000756
898.625000000000756
899.455000000000757
899.773000000000757
899.924000000000758
900.249000000000758
900.412000000000758
900.561000000000758
900.724000000000758
901.045000000000759
901.201000000000759
901.362000000000759
901.850000000000759
902.016000000000759
902.22700000000076
902.37600000000076
902.56200000000076
902.90700000000076
903.07200000000076
903.238000000000761
903.417000000000761
903.631000000000761
903.780000000000761
903.960000000000761
904.159000000000761
904.510000000000762
904.674000000000762
904.862000000000762
905.030000000000762
905.196000000000762
905.369000000000762
905.464000000000762
905.586000000000763
905.765000000000763
905.952000000000763
906.132000000000763
906.309000000000763
906.938000000000764
908.051000000000765
908.194000000000765
908.357000000000765
908.656000000000765
908.794000000000765
908.991000000000766
909.157000000000766
909.605000000000766
910.325000000000767
910.647000000000767
910.792000000000767
910.936000000000767
911.082000000000768
911.243000000000768
911.398000000000768
912.262000000000769
912.402000000000769
912.570000000000769
912.658000000000769
912.769000000000769
912.935000000000769
913.053000000000769
913.134000000000769
913.224000000000769
913.36100000000077
913.49700000000077
913.66100000000077
913.82700000000077
914.28900000000077
914.457000000000771
914.797000000000771
914.934000000000771
915.082000000000771
915.239000000000771
915.412000000000771
915.597000000000772
915.682000000000772
915.792000000000772
915.800000000000772
915.961000000000772
916.193000000000772
916.347000000000772
916.547000000000772
916.712000000000772
916.875000000000773
917.068000000000773
917.404000000000773
917.577000000000773
917.748000000000773
917.947000000000774
918.133000000000774
918.321000000000774
919.001000000000775
919.155000000000775
919.356000000000775
919.921000000000775
920.072000000000776
920.235000000000776
920.407000000000776
920.588000000000776
920.756000000000776
920.927000000000776
921.530000000000777
921.691000000000777
921.904000000000777
922.446000000000778
922.515000000000778
922.847000000000778
923.156000000000778
923.288000000000778
923.382000000000778
923.479000000000778
923.684000000000779
923.866000000000779
924.036000000000779
924.218000000000779
924.426000000000779
924.60900000000078
924.80900000000078
924.97800000000078
925.50400000000078
925.61000000000078
925.64400000000078
925.938000000000781
926.072000000000781
926.249000000000781
926.419000000000781
926.619000000000781
926.748000000000781
926.899000000000782
927.054000000000782
927.235000000000782
927.382000000000782
927.482000000000782
927.591000000000782
927.784000000000782
927.921000000000782
928.095000000000783
928.265000000000783
928.461000000000783
928.639000000000783
928.795000000000783
928.970000000000783
929.160000000000784
929.395000000000784
929.905000000000784
930.093000000000784
930.602000000000785
930.755000000000785
930.933000000000785
931.105000000000785
931.260000000000785
931.444000000000786
932.411000000000786
932.559000000000787
932.728000000000787
932.902000000000787
933.249000000000787
933.405000000000787
933.578000000000788
933.697000000000788
933.781000000000788
933.903000000000788
933.936000000000788
934.046000000000788
934.166000000000788
934.260000000000788
934.437000000000788
934.625000000000788
934.810000000000789
934.989000000000789
935.150000000000789
935.266000000000789
935.327000000000789
935.525000000000789
935.726000000000789
935.91600000000079
936.59500000000079
936.75600000000079
936.963000000000791
937.111000000000791
937.734000000000791
937.968000000000791
938.110000000000792
938.279000000000792
938.465000000000792
939.171000000000792
939.880000000000793
939.943000000000793
940.342000000000794
940.519000000000794
940.717000000000794
940.959000000000794
941.119000000000794
941.272000000000794
941.440000000000794
941.826000000000795
942.821000000000796
942.973000000000796
947.4980000000008
947.6480000000008
947.8750000000008
948.368000000000801
948.539000000000801
948.712000000000801
948.867000000000801
949.269000000000801
949.319000000000801
949.718000000000802
949.879000000000802
950.070000000000802
950.222000000000802
950.384000000000802
950.743000000000803
951.126000000000803
951.766000000000804
951.898000000000804
952.076000000000804
952.252000000000804
952.417000000000804
952.512000000000804
952.617000000000804
952.847000000000805
953.702000000000805
953.866000000000806
954.057000000000806
954.237000000000806
954.444000000000806
954.666000000000806
954.944000000000806
955.134000000000807
955.212000000000807
955.336000000000807
955.510000000000807
955.719000000000807
955.892000000000807
956.046000000000807
956.231000000000808
956.415000000000808
956.588000000000808
956.761000000000808
956.974000000000808
957.541000000000809
957.704000000000809
957.799000000000809
957.922000000000809
958.127000000000809
958.51100000000081
958.68100000000081
958.85300000000081
959.12900000000081
959.33300000000081
959.575000000000811
959.984000000000811
960.124000000000811
960.328000000000811
961.694000000000812
961.842000000000813
961.967000000000813
962.062000000000813
962.498000000000813
962.666000000000813
962.767000000000813
962.866000000000814
963.124000000000814
963.613000000000814
963.716000000000814
963.829000000000814
964.032000000000815
964.204000000000815
964.875000000000815
965.051000000000815
965.143000000000816
965.245000000000816
965.401000000000816
966.011000000000816
966.169000000000816
966.400000000000817
966.484000000000817
966.679000000000817
967.274000000000817
967.690000000000818
967.841000000000818
968.014000000000818
968.200000000000818
968.372000000000818
968.536000000000819
968.728000000000819
969.093000000000819
969.268000000000819
969.460000000000819
969.83300000000082
969.94500000000082
970.21400000000082
970.72900000000082
970.891000000000821
971.008000000000821
971.100000000000821
971.548000000000821
971.909000000000822
972.055000000000822
972.227000000000822
972.409000000000822
972.577000000000822
973.140000000000823
973.235000000000823
973.308000000000823
973.798000000000823
973.973000000000823
974.083000000000823
974.746000000000824
975.425000000000825
975.992000000000825
976.195000000000825
976.396000000000826
976.576000000000826
976.762000000000826
976.976000000000826
977.146000000000826
977.324000000000826
977.504000000000826
977.665000000000827
977.889000000000827
978.070000000000827
978.256000000000827
978.438000000000827
978.635000000000828
978.828000000000828
979.019000000000828
979.214000000000828
979.417000000000828
979.662000000000828
979.729000000000828
980.003000000000829
980.049000000000829
980.399000000000829
980.539000000000829
980.720000000000829
980.90500000000083
980.99500000000083
981.02400000000083
981.30200000000083
981.44600000000083
981.63000000000083
981.82600000000083
1089.30700000000093
1089.52400000000093
1089.65600000000093
1089.79600000000093
1089.93800000000093
1090.09900000000093
1090.92700000000093
1091.38200000000093
1092.44500000000093
1092.56500000000093
1093.28700000000093
1093.42200000000093
1093.56900000000093
1093.71700000000093
1093.80600000000093
1093.88300000000093
1094.05400000000093
1122.82300000000096
1122.95400000000096
1123.26100000000096
1123.54500000000096
1123.68600000000096
1123.84400000000096
1124.29300000000096
1124.54200000000096
1124.80500000000096
1125.17500000000096
1125.31000000000096
1125.47300000000096
1125.63500000000096
1125.84500000000096
1125.94300000000096
1127.32200000000096
1127.43900000000096
1127.65900000000096
1127.80300000000096
1127.96600000000096
1128.15400000000096
1128.52000000000096
1128.67600000000096
1128.83700000000096
1129.61000000000096
1129.76900000000096
1129.97700000000096
1130.19600000000096
1130.37300000000096
1130.61800000000096
1131.04900000000096
1131.19800000000096
1131.38400000000096
1131.76300000000096
1132.08000000000096
1132.24200000000096
1132.43200000000096
1132.85600000000096
1133.05700000000096
1133.43100000000096
1133.69400000000097
1133.80000000000097
1134.29800000000097
1134.44700000000097
1134.63300000000097
1134.83900000000097
1135.05000000000097
1135.63900000000097
1135.97200000000097
1136.13300000000097
1136.30700000000097
1136.50600000000097
1136.68300000000097
1136.83400000000097
1600.97400000000138
1601.09200000000138
1601.46400000000138
1601.59800000000138
1601.76900000000138
1602.28700000000138
1602.52900000000138
1768.31900000000153
1768.73500000000153
1768.88600000000153
1773.37600000000153
1773.52900000000153
1852.3230000000016
1852.9580000000016
1853.1200000000016
1853.4560000000016
1853.9080000000016
1854.0450000000016
1854.22400000000161
1854.78800000000161
1855.24400000000161
1855.29700000000161
1855.53000000000161
1855.66300000000161
1855.80600000000161
1855.94900000000161
1856.14000000000161
1856.37800000000161
1856.50300000000161
1856.58400000000161
1856.84000000000161
1857.01200000000161
1857.28400000000161
1857.57400000000161
1857.72900000000161
1858.09100000000161
1858.27000000000161
1858.40100000000161
1858.81500000000161
1859.45600000000161
1859.72800000000161
1860.50200000000161
1860.74200000000161
1861.24700000000161
1861.38200000000161
1861.51700000000161
1861.67400000000161
1862.39800000000161
1862.55700000000161
1862.72300000000161
1862.91000000000161
1863.09500000000161
1863.72800000000161
1863.88300000000161
1864.29100000000161
1864.44200000000161
1864.61900000000161
1865.15100000000161
1865.31600000000162
1865.56300000000162
1865.74300000000162
1866.22200000000162
1866.77400000000162
1866.93800000000162
1867.11300000000162
1867.41500000000162
1868.02000000000162
1868.19700000000162
1868.52600000000162
1868.67500000000162
1868.85200000000162
1869.04000000000162
1869.96900000000162
1870.32500000000162
1870.48400000000162
1870.64800000000162
1870.82000000000162
1871.00200000000162
1871.17500000000162
1871.32100000000162
1871.48500000000162
1871.67400000000162
1871.86700000000162
1872.01100000000162
1872.20800000000162
1873.38600000000162
1873.56000000000162
1874.71600000000162
1874.88300000000162
1875.51200000000162
1875.68700000000162
1875.86900000000162
1876.15900000000162
1876.33300000000162
1876.48700000000162
1876.65000000000163
1877.21500000000163
1877.39700000000163
1878.49600000000163
1879.70100000000163
1879.86600000000163
1880.04200000000163
1880.42600000000163
1880.97500000000163
1881.13300000000163
1881.29700000000163
1881.47000000000163
1881.65200000000163
1881.83200000000163
1882.01100000000163
1882.19700000000163
1882.39200000000163
1882.57100000000163
1882.74100000000163
1882.90900000000163
1883.10000000000163
1883.29800000000163
1883.48800000000163
1883.68400000000163
1883.88300000000163
1884.08100000000163
1884.27600000000163
1884.46600000000163
1884.69000000000163
1885.15600000000163
1885.33900000000163
1885.56800000000163
1885.75700000000163
1885.98100000000163
1886.20800000000163
1886.40200000000163
1886.65500000000163
1886.90000000000163
1887.08300000000163
1888.70200000000164
1888.86200000000164
1889.04300000000164
1889.25400000000164
1889.84400000000164
1890.03500000000164
1898.52400000000164
1900.22600000000165
1900.25300000000165
1900.36300000000165
2028.56800000000176
2189.26899999998622
2192.01399999998592
2192.51999999998586
2193.13999999998579
2193.80799999998572
2193.9399999999857
2194.10899999998569
2194.22699999998567
2195.18099999998557
2351.34099999996837
2351.46799999996836
2351.61099999996834
2351.84799999996831
2351.9829999999683
2417.05099999996113
2462.57099999995612
2463.07299999995606
2463.23699999995605
2463.57199999995601
2464.14699999995595
2464.5189999999559
2464.6039999999559
2464.95399999995586
2465.22599999995583
2465.54499999995579
2465.63599999995578
2465.82999999995576
2465.92999999995575
2466.02699999995574
2466.43799999995569
2466.58999999995568
2466.71799999995566
2467.05099999995563
2469.86199999995532
2469.94699999995531
2472.38499999995504
2482.78099999995389
2482.89399999995388
2483.05999999995386
2483.19899999995385
2483.48899999995382
2494.4999999999526
2495.13099999995253
2495.21199999995252
2495.56799999995248
2496.10199999995243
2496.66099999995236
2496.96899999995233
2497.42799999995228
2650.92899999993537
2651.07199999993536
2651.46799999993531
2651.5799999999353
2736.72299999992593
2810.83899999991776
2814.04399999991741
3000.91399999989683
3001.24099999989679
3001.37199999989678
3001.49799999989676
3001.74099999989674
3001.86099999989672
3001.98099999989671
3002.0909999998967
3002.21499999989669
3002.33599999989667
3002.46199999989666
3002.58699999989664
3002.71099999989663
3002.83999999989662
3002.9669999998966
3003.10599999989659
3003.22699999989657
3003.35199999989656
3003.47699999989655
3003.60699999989653
3003.74299999989652
3003.8819999998965
3004.01399999989649
3004.16599999989647
3004.28199999989646
3004.41299999989644
3004.58399999989642
3004.71099999989641
3004.8359999998964
3004.96799999989638
3005.12099999989637
3005.24399999989635
3005.37899999989634
3005.51699999989632
3005.66699999989631
3005.79699999989629
3005.93099999989628
3006.08899999989626
3006.22699999989624
3006.37599999989623
3006.49799999989621
3006.6259999998962
3006.75799999989619
3006.90499999989617
3007.02799999989616
3007.15599999989614
3007.28999999989613
3007.42099999989611
3007.5689999998961
3007.70299999989608
3007.84599999989607
3007.98599999989605
3008.13799999989603
3008.28899999989602
3008.433999999896
3008.56299999989599
3008.69899999989597
3008.83199999989596
3008.97199999989594
3009.10599999989593
3009.24499999989591
3009.3689999998959
3009.50199999989588
3009.63999999989587
3009.76699999989585
3009.90299999989584
3010.06299999989582
3010.19499999989581
3010.31899999989579
3010.44899999989578
3010.59699999989576
3010.72999999989575
3010.88799999989573
3011.04399999989571
3011.1879999998957
3011.35299999989568
3011.47899999989567
3011.60599999989565
3011.77999999989563
3011.92599999989562
3012.0589999998956
3012.20399999989559
3012.34499999989557
3012.48999999989555
3012.63899999989554
3012.77999999989552
3012.93199999989551
3013.09699999989549
3013.23699999989547
3013.37599999989546
3013.53699999989544
3013.68799999989542
3013.8489999998954
3014.52299999989533
3014.66699999989531
3014.8159999998953
3014.97899999989528
3015.11899999989526
3015.25999999989525
3015.40599999989523
3015.54999999989522
3015.7009999998952
3015.85399999989518
3015.91999999989518
3016.00799999989517
3016.39899999989512
3016.53099999989511
3016.6399999998951
3016.77399999989508
3016.91199999989507
3016.96799999989506
3017.07699999989505
3017.21899999989503
3017.38199999989502
3017.543999999895
3017.70999999989498
3017.87199999989496
3017.96999999989495
3018.04999999989494
3018.19799999989493
3018.32899999989491
3018.47899999989489
3018.65099999989488
3018.82099999989486
3018.99399999989484
3019.18099999989482
3019.3639999998948
3019.54199999989478
3019.71599999989476
3019.90599999989474
3020.30199999989469
3020.34799999989469
3020.49999999989467
3020.71799999989465
3020.87299999989463
3021.01799999989461
3021.1879999998946
3021.40199999989457
3021.77399999989453
3021.87499999989452
3022.0339999998945
3022.17199999989449
3022.32599999989447
3022.48199999989445
3022.61699999989444
3022.75899999989442
3022.91399999989441
3023.07299999989439
3023.24699999989437
3023.42899999989435
3023.61399999989433
3023.76899999989431
3023.92399999989429
3024.83199999989419
3024.99299999989418
3025.24899999989415
3025.93399999989407
3026.07899999989406
3026.24099999989404
3026.41199999989402
3026.553999999894
3026.71999999989399
3027.18699999989394
3027.93099999989385
3028.08599999989384
3028.26899999989382
3028.95899999989374
3029.55999999989367
3029.68999999989366
3029.97099999989363
3030.12199999989361
3030.28399999989359
3032.44299999989336
3063.91799999988989
3064.13799999988987
3064.33399999988984
3065.04099999988977
3065.45499999988972
3113.25499999988446
3113.38699999988444
3113.53099999988443
3113.7819999998844
3114.11899999988436
3114.19499999988435
3114.34999999988434
3114.46699999988432
3114.59799999988431
3114.72299999988429
3114.86199999988428
3132.66699999988232
3132.7919999998823
3132.98599999988228
3133.11699999988227
3133.25599999988225
3133.68499999988221
3133.80399999988219
3133.93499999988218
3134.08299999988216
3134.28399999988214
3134.6439999998821
3257.08299999986862
3258.71599999986844
3258.86399999986842
3333.09599999986024
3333.38599999986021
3333.5259999998602
3333.68499999986018
3334.27999999986011
3334.4159999998601
3334.57099999986008
3334.69799999986007
3334.80499999986006
3342.10799999985925
3342.40299999985922
3344.48999999985899
3344.62899999985897
3344.71299999985896
3344.89999999985894
3345.05499999985893
3345.2949999998589
3345.47399999985888
3492.3499999998427
3493.96999999984253
3494.46199999984247
3494.59699999984246
3494.75399999984244
3518.6869999998398
3566.99899999983448
3567.46499999983443
3567.59699999983442
3567.7139999998344
3567.94699999983438
3568.09399999983436
3568.23299999983435
3568.38599999983433
3568.55599999983431
3569.07799999983425
3569.40699999983422
3570.12299999983414
3570.27399999983412
3570.4509999998341
3570.60799999983409
3570.77899999983407
3580.75099999983297
-2
71.8160000000000221
72.2510000000000225
72.3970000000000227
72.5460000000000228
72.6940000000000229
72.840000000000023
72.9950000000000232
73.1340000000000233
73.2840000000000234
73.4370000000000236
73.5880000000000237
73.7310000000000238
73.867000000000024
74.0090000000000241
74.1450000000000242
74.3110000000000244
74.4530000000000245
74.5840000000000246
74.7370000000000247
74.8880000000000249
75.045000000000025
75.1900000000000251
75.3390000000000253
75.4950000000000254
75.6490000000000255
75.7880000000000257
75.9530000000000258
75.9630000000000258
76.105000000000026
76.2490000000000261
76.3960000000000262
76.5450000000000263
76.9660000000000267
77.1000000000000268
77.245000000000027
77.3820000000000271
139.487000000000082
139.602000000000082
139.704000000000082
139.816000000000083
139.956000000000083
140.100000000000083
140.260000000000083
140.405000000000083
140.555000000000083
140.702000000000083
140.837000000000083
141.003000000000084
141.393000000000084
141.537000000000084
141.686000000000084
141.847000000000084
142.023000000000084
142.186000000000085
142.330000000000085
142.487000000000085
142.652000000000085
142.823000000000085
142.988000000000085
143.132000000000085
143.413000000000086
143.567000000000086
143.812000000000086
144.033000000000086
144.189000000000086
144.354000000000087
144.418000000000087
144.519000000000087
144.571000000000087
144.717000000000087
144.857000000000087
144.972000000000087
144.997000000000087
145.121000000000087
145.604000000000088
145.766000000000088
145.935000000000088
146.067000000000088
146.097000000000088
146.222000000000088
146.379000000000088
146.558000000000089
146.736000000000089
146.935000000000089
147.090000000000089
147.415000000000089
147.572000000000089
147.73900000000009
147.90300000000009
148.05200000000009
148.38100000000009
148.50200000000009
148.61200000000009
148.76600000000009
148.937000000000091
149.112000000000091
149.276000000000091
149.440000000000091
149.602000000000091
149.765000000000091
149.903000000000091
149.929000000000092
150.105000000000092
150.297000000000092
150.508000000000092
150.655000000000092
150.685000000000092
150.822000000000092
151.372000000000093
151.569000000000093
151.580000000000093
151.746000000000093
151.914000000000093
152.095000000000093
152.227000000000094
152.367000000000094
152.508000000000094
152.525000000000094
153.027000000000094
186.082000000000124
186.207000000000124
186.360000000000124
186.536000000000124
186.755000000000124
186.869000000000124
226.66200000000016
226.87000000000016
226.97800000000016
227.11200000000016
227.23300000000016
227.38200000000016
228.103000000000161
230.006000000000163
230.135000000000163
230.286000000000163
230.478000000000163
230.645000000000163
230.732000000000163
230.850000000000163
231.524000000000164
232.066000000000164
232.254000000000165
232.741000000000165
277.610000000000205
492.833000000000396
492.963000000000396
493.106000000000396
493.822000000000397
494.032000000000397
494.169000000000397
494.318000000000397
494.483000000000398
494.658000000000398
494.780000000000398
494.927000000000398
495.045000000000398
495.297000000000398
542.67600000000044
846.07400000000071
846.51000000000071
846.65800000000071
846.81700000000071
846.989000000000711
847.120000000000711
847.260000000000711
847.503000000000711
847.642000000000711
847.778000000000711
890.442000000000749
890.567000000000749
890.711000000000749
890.87100000000075
891.06900000000075
891.22000000000075
891.38300000000075
891.52800000000075
891.68300000000075
892.787000000000751
892.944000000000751
893.619000000000752
893.759000000000752
894.038000000000752
894.185000000000752
894.339000000000753
894.465000000000753
895.002000000000753
895.137000000000753
895.285000000000754
895.446000000000754
895.603000000000754
895.781000000000754
895.950000000000754
896.131000000000754
896.290000000000754
896.427000000000754
896.592000000000755
896.739000000000755
896.901000000000755
897.364000000000755
897.533000000000755
897.710000000000756
897.900000000000756
898.100000000000756
898.295000000000756
898.517000000000756
898.720000000000757
899.497000000000757
899.819000000000758
899.978000000000758
900.303000000000758
900.468000000000758
900.613000000000758
900.753000000000758
901.089000000000759
901.240000000000759
901.406000000000759
901.922000000000759
902.10300000000076
902.27200000000076
902.44700000000076
902.61700000000076
902.96600000000076
903.12400000000076
903.308000000000761
903.490000000000761
903.687000000000761
903.851000000000761
904.030000000000761
904.222000000000761
904.576000000000762
904.756000000000762
904.938000000000762
905.110000000000762
905.270000000000762
905.461000000000763
905.495000000000763
905.663000000000763
905.845000000000763
906.046000000000763
906.218000000000763
906.359000000000763
906.992000000000764
908.101000000000765
908.244000000000765
908.415000000000765
908.708000000000765
908.874000000000766
909.088000000000766
909.222000000000766
909.680000000000766
910.377000000000767
910.690000000000767
910.837000000000767
910.979000000000767
911.138000000000768
911.298000000000768
911.433000000000768
912.316000000000769
912.473000000000769
912.657000000000769
912.681000000000769
912.851000000000769
913.029000000000769
913.073000000000769
913.221000000000769
913.270000000000769
913.39100000000077
913.57800000000077
913.76600000000077
913.92700000000077
914.35600000000077
914.512000000000771
914.832000000000771
914.980000000000771
915.135000000000771
915.303000000000771
915.497000000000771
915.675000000000772
915.699000000000772
915.798000000000772
915.903000000000772
916.042000000000772
916.264000000000772
916.534000000000772
916.644000000000772
916.797000000000773
917.033000000000773
917.162000000000773
917.506000000000773
917.661000000000773
917.841000000000774
918.039000000000774
918.223000000000774
918.415000000000774
919.074000000000775
919.269000000000775
919.436000000000775
919.969000000000775
920.097000000000776
920.279000000000776
920.441000000000776
920.643000000000776
920.843000000000776
920.993000000000776
921.610000000000777
921.779000000000777
921.975000000000777
922.453000000000778
922.834000000000778
923.027000000000778
923.206000000000778
923.364000000000778
923.403000000000778
923.563000000000779
923.757000000000779
923.971000000000779
924.132000000000779
924.297000000000779
924.478000000000779
924.66700000000078
924.86100000000078
925.03600000000078
925.60900000000078
925.62700000000078
925.847000000000781
925.973000000000781
926.137000000000781
926.310000000000781
926.451000000000781
926.652000000000781
926.803000000000782
926.948000000000782
927.119000000000782
927.312000000000782
927.476000000000782
927.512000000000782
927.655000000000782
927.856000000000782
928.011000000000783
928.193000000000783
928.359000000000783
928.569000000000783
928.739000000000783
928.904000000000783
929.065000000000784
929.277000000000784
929.483000000000784
929.979000000000784
930.122000000000784
930.653000000000785
930.821000000000785
930.982000000000785
931.160000000000785
931.356000000000786
931.529000000000786
932.454000000000786
932.611000000000787
932.778000000000787
932.933000000000787
933.317000000000787
933.493000000000787
933.668000000000788
933.717000000000788
933.900000000000788
933.917000000000788
933.977000000000788
934.144000000000788
934.208000000000788
934.371000000000788
934.562000000000788
934.737000000000788
934.915000000000789
935.127000000000789
935.250000000000789
935.279000000000789
935.435000000000789
935.642000000000789
935.806000000000789
935.97700000000079
936.65700000000079
936.81100000000079
936.997000000000791
937.182000000000791
937.851000000000791
938.003000000000791
938.174000000000792
938.368000000000792
938.539000000000792
939.204000000000792
939.914000000000793
940.113000000000793
940.409000000000794
940.555000000000794
940.764000000000794
940.983000000000794
941.167000000000794
941.334000000000794
941.508000000000794
941.863000000000795
942.861000000000796
943.011000000000796
947.5570000000008
947.7180000000008
947.9260000000008
948.433000000000801
948.594000000000801
948.778000000000801
948.950000000000801
949.307000000000802
949.516000000000802
949.771000000000802
949.928000000000802
950.128000000000802
950.282000000000802
950.455000000000802
950.774000000000803
951.663000000000804
951.807000000000804
951.972000000000804
952.162000000000804
952.322000000000804
952.493000000000804
952.542000000000804
952.691000000000804
952.881000000000805
953.768000000000805
953.954000000000806
954.130000000000806
954.322000000000806
954.508000000000806
954.717000000000806
955.025000000000806
955.207000000000807
955.272000000000807
955.418000000000807
955.599000000000807
955.793000000000807
955.957000000000807
956.126000000000808
956.353000000000808
956.534000000000808
956.680000000000808
956.852000000000808
957.045000000000808
957.611000000000809
957.778000000000809
957.819000000000809
957.995000000000809
958.187000000000809
958.57500000000081
958.74800000000081
958.95500000000081
959.21900000000081
959.40500000000081
959.883000000000811
960.026000000000811
960.205000000000811
960.415000000000811
961.766000000000812
961.936000000000813
961.975000000000813
962.132000000000813
962.582000000000813
962.756000000000813
962.819000000000813
963.061000000000814
963.220000000000814
963.712000000000814
963.754000000000814
963.911000000000814
964.112000000000815
964.263000000000815
964.940000000000815
965.133000000000816
965.183000000000816
965.324000000000816
965.437000000000816
966.085000000000816
966.245000000000816
966.453000000000817
966.535000000000817
967.055000000000817
967.587000000000818
967.749000000000818
967.922000000000818
968.086000000000818
968.254000000000818
968.440000000000818
968.587000000000819
968.762000000000819
969.158000000000819
969.355000000000819
969.544000000000819
969.94000000000082
970.20700000000082
970.56500000000082
970.807000000000821
970.997000000000821
971.070000000000821
971.307000000000821
971.587000000000821
971.954000000000822
972.130000000000822
972.301000000000822
972.505000000000822
972.638000000000822
973.156000000000823
973.277000000000823
973.354000000000823
973.879000000000823
974.066000000000823
974.106000000000824
975.238000000000824
975.897000000000825
976.071000000000825
976.255000000000825
976.496000000000826
976.682000000000826
976.853000000000826
977.050000000000826
977.211000000000826
977.414000000000826
977.566000000000827
977.752000000000827
977.926000000000827
978.160000000000827
978.364000000000827
978.516000000000827
978.710000000000828
978.904000000000828
979.106000000000828
979.308000000000828
979.500000000000828
979.704000000000828
979.957000000000829
980.023000000000829
980.297000000000829
980.451000000000829
980.625000000000829
980.812000000000829
980.98300000000083
981.01600000000083
981.03100000000083
981.35500000000083
981.52800000000083
981.72100000000083
981.90100000000083
1089.35000000000093
1089.58300000000093
1089.70300000000093
1089.84600000000093
1089.99300000000093
1090.14900000000093
1090.95700000000093
1092.12300000000093
1092.49400000000093
1093.01400000000093
1093.34800000000093
1093.49000000000093
1093.62900000000093
1093.79000000000093
1093.82600000000093
1093.96900000000093
1094.12400000000093
1122.84800000000096
1123.02300000000096
1123.29000000000096
1123.60900000000096
1123.74500000000096
1123.90000000000096
1124.33600000000096
1124.58200000000096
1124.84000000000096
1125.20900000000096
1125.37600000000096
1125.53700000000096
1125.69000000000096
1125.86800000000096
1126.01000000000096
1127.35000000000096
1127.47600000000096
1127.69400000000096
1127.84100000000096
1128.00700000000096
1128.20300000000096
1128.56500000000096
1128.74900000000096
1128.91500000000096
1129.68000000000096
1129.84000000000096
1130.04900000000096
1130.25900000000096
1130.45300000000096
1130.97700000000096
1131.11400000000096
1131.27800000000096
1131.46800000000096
1131.93900000000096
1132.15700000000096
1132.32300000000096
1132.52100000000096
1132.95100000000096
1133.14600000000096
1133.64400000000097
1133.77000000000097
1134.11500000000097
1134.35700000000097
1134.52700000000097
1134.71900000000097
1134.92700000000097
1135.12600000000097
1135.83400000000097
1136.03900000000097
1136.21100000000097
1136.38200000000097
1136.56700000000097
1136.74800000000097
1136.90200000000097
1601.00300000000138
1601.13100000000138
1601.51600000000138
1601.65100000000138
1601.80600000000138
1602.30600000000138
1602.57500000000138
1768.36300000000153
1768.78300000000153
1768.94400000000153
1773.44700000000153
1773.59400000000153
1852.3460000000016
1852.9960000000016
1853.1920000000016
1853.5110000000016
1853.9540000000016
1854.0890000000016
1854.24000000000161
1854.83500000000161
1855.26800000000161
1855.39800000000161
1855.54600000000161
1855.71000000000161
1855.85200000000161
1855.99900000000161
1856.17200000000161
1856.44000000000161
1856.51300000000161
1856.65800000000161
1856.87200000000161
1857.04200000000161
1857.51100000000161
1857.62000000000161
1857.78500000000161
1858.16200000000161
1858.31700000000161
1858.57500000000161
1858.83200000000161
1859.48300000000161
1860.28800000000161
1860.63600000000161
1860.87100000000161
1861.26500000000161
1861.41400000000161
1861.56700000000161
1861.73600000000161
1862.42000000000161
1862.60600000000161
1862.79000000000161
1862.98500000000161
1863.14500000000161
1863.78700000000161
1863.95500000000161
1864.34300000000161
1864.50700000000161
1864.68800000000161
1865.21900000000162
1865.38500000000162
1865.59100000000162
1865.79600000000162
1866.59500000000162
1866.82700000000162
1866.99400000000162
1867.14600000000162
1867.44500000000162
1868.06900000000162
1868.22900000000162
1868.55800000000162
1868.74500000000162
1868.91200000000162
1869.11600000000162
1870.02100000000162
1870.34200000000162
1870.51200000000162
1870.70200000000162
1870.88300000000162
1871.03600000000162
1871.20200000000162
1871.38300000000162
1871.56500000000162
1871.75000000000162
1871.88500000000162
1872.07900000000162
1872.26300000000162
1873.44500000000162
1873.62700000000162
1874.76500000000162
1874.95000000000162
1875.55100000000162
1875.74500000000162
1875.93100000000162
1876.22000000000162
1876.47100000000162
1876.61500000000162
1876.90300000000163
1877.28000000000163
1877.47200000000163
1878.56600000000163
1879.76800000000163
1879.93200000000163
1880.11000000000163
1880.46400000000163
1881.04500000000163
1881.20000000000163
1881.36800000000163
1881.54200000000163
1881.74300000000163
1881.90700000000163
1882.09600000000163
1882.30000000000163
1882.46700000000163
1882.64600000000163
1882.80200000000163
1882.97900000000163
1883.16900000000163
1883.37400000000163
1883.57700000000163
1883.75700000000163
1883.93900000000163
1884.14900000000163
1884.35100000000163
1884.54700000000163
1884.76700000000163
1885.22200000000163
1885.42500000000163
1885.64000000000163
1885.82900000000163
1886.04500000000163
1886.28700000000163
1886.47900000000163
1886.71600000000163
1886.94900000000163
1887.15100000000163
1888.75600000000164
1888.93600000000164
1889.12600000000164
1889.33200000000164
1889.93300000000164
1890.06800000000164
1898.60900000000164
1900.23700000000165
1900.31200000000165
1901.28400000000165
2028.61000000000176
2189.27699999998622
2192.03799999998591
2193.13499999998579
2193.24599999998578
2193.89999999998571
2194.02599999998569
2194.17899999998568
2194.60999999998563
2195.19599999998557
2351.37799999996836
2351.50899999996835
2351.63799999996834
2351.88399999996831
2352.03899999996829
2417.10599999996113
2462.59099999995612
2463.11599999995606
2463.26299999995604
2463.615999999956
2464.20299999995594
2464.5549999999559
2464.68199999995589
2465.19799999995583
2465.31699999995582
2465.57099999995579
2465.77699999995577
2465.89199999995575
2466.01799999995574
2466.4069999999557
2466.53299999995568
2466.69999999995566
2467.00799999995563
2467.14799999995561
2469.92299999995531
2472.36699999995504
2472.51699999995502
2482.86299999995388
2482.98799999995387
2483.14799999995385
2483.28699999995384
2483.5959999999538
2494.5529999999526
2495.16399999995253
2495.3989999999525
2495.90999999995245
2496.20999999995241
2496.93599999995233
2497.07099999995232
2497.66899999995225
2651.03899999993536
2651.09899999993536
2651.50499999993531
2651.65899999993529
2736.78499999992592
2810.86399999991776
2814.05899999991741
3000.93299999989683
3001.29999999989679
3001.40999999989677
3001.52199999989676
3001.78199999989673
3001.90399999989672
3002.01499999989671
3002.13399999989669
3002.26199999989668
3002.38299999989667
3002.50899999989665
3002.63699999989664
3002.76799999989662
3002.89699999989661
3003.0189999998966
3003.15199999989658
3003.27399999989657
3003.39699999989656
3003.52799999989654
3003.66299999989653
3003.79799999989651
3003.9359999998965
3004.06899999989648
3004.20499999989647
3004.33099999989645
3004.48899999989644
3004.63399999989642
3004.75599999989641
3004.88999999989639
3005.03899999989637
3005.17799999989636
3005.30399999989635
3005.44299999989633
3005.57199999989632
3005.7159999998963
3005.85399999989628
3006.00499999989627
3006.14799999989625
3006.28499999989624
3006.42299999989622
3006.54899999989621
3006.68199999989619
3006.81499999989618
3006.95299999989616
3007.08199999989615
3007.23599999989613
3007.34499999989612
3007.47499999989611
3007.61599999989609
3007.75499999989608
3007.90499999989606
3008.05399999989604
3008.19799999989603
3008.35199999989601
3008.48999999989599
3008.61999999989598
3008.75199999989597
3008.88699999989595
3009.02499999989594
3009.15999999989592
3009.29799999989591
3009.41999999989589
3009.55999999989588
3009.68699999989586
3009.81899999989585
3009.95699999989583
3010.11299999989582
3010.2449999998958
3010.36799999989579
3010.50199999989577
3010.65699999989576
3010.79399999989574
3010.96499999989572
3011.1179999998957
3011.26999999989569
3011.39699999989567
3011.52699999989566
3011.68099999989564
3011.84599999989562
3011.98199999989561
3012.1159999998956
3012.25999999989558
3012.40499999989556
3012.55199999989555
3012.69799999989553
3012.84199999989552
3013.0009999998955
3013.15299999989548
3013.28599999989547
3013.42599999989545
3013.58499999989543
3013.74299999989542
3013.8739999998954
3014.56899999989532
3014.71799999989531
3014.88999999989529
3015.03499999989527
3015.17299999989526
3015.32099999989524
3015.47099999989523
3015.62299999989521
3015.76599999989519
3015.91499999989518
3015.93899999989517
3016.05999999989516
3016.41599999989512
3016.54799999989511
3016.68199999989509
3016.81599999989508
3016.96299999989506
3016.97899999989506
3017.12999999989504
3017.27899999989503
3017.46399999989501
3017.64699999989499
3017.80099999989497
3017.96299999989495
3017.98099999989495
3018.11399999989493
3018.23699999989492
3018.3829999998949
3018.56399999989488
3018.74099999989487
3018.90899999989485
3019.08399999989483
3019.26799999989481
3019.45099999989479
3019.63199999989477
3019.80799999989475
3019.99399999989473
3020.33099999989469
3020.46799999989468
3020.54599999989467
3020.76199999989464
3020.90799999989463
3021.07999999989461
3021.26699999989459
3021.41399999989457
3021.82099999989453
3021.94299999989451
3022.12199999989449
3022.24399999989448
3022.37299999989447
3022.54299999989445
3022.67899999989443
3022.82799999989442
3022.9819999998944
3023.16699999989438
3023.34299999989436
3023.52899999989434
3023.72099999989432
3023.8399999998943
3023.97999999989429
3024.92999999989418
3025.12499999989416
3025.82399999989409
3025.97599999989407
3026.14299999989405
3026.31299999989403
3026.45999999989402
3026.625999999894
3026.80499999989398
3027.25899999989393
3028.00299999989385
3028.16399999989383
3028.34999999989381
3029.07299999989373
3029.60299999989367
3029.73099999989366
3030.03199999989362
3030.1859999998936
3030.31899999989359
3032.46599999989335
3063.95699999988989
3064.17599999988986
3064.36099999988984
3065.12199999988976
3065.53899999988971
3113.33599999988445
3113.47899999988443
3113.62199999988442
3113.90099999988438
3114.16799999988436
3114.31399999988434
3114.44699999988432
3114.57099999988431
3114.6859999998843
3114.83799999988428
3114.97999999988427
3132.70999999988231
3132.8279999998823
3133.03999999988228
3133.17199999988226
3133.31399999988225
3133.7319999998822
3133.85299999988219
3133.99799999988217
3134.15699999988215
3134.29599999988214
3134.81799999988208
3257.11199999986861
3258.76299999986843
3258.92399999986841
3333.12699999986024
3333.43699999986021
3333.57699999986019
3333.73699999986017
3334.33099999986011
3334.47199999986009
3334.62499999986008
3334.77299999986006
3335.08699999986002
3342.17199999985924
3342.44699999985921
3344.56899999985898
3344.63599999985897
3344.76999999985896
3344.93599999985894
3345.09099999985892
3345.39499999985889
3345.65399999985886
3492.3689999998427
3493.98699999984252
3494.51499999984247
3494.65899999984245
3494.82099999984243
3518.7719999998398
3567.03699999983448
3567.52399999983443
3567.61799999983442
3567.7479999998344
3567.97899999983438
3568.14899999983436
3568.29099999983434
3568.43999999983432
3568.59199999983431
3569.10399999983425
3569.45299999983421
3570.18599999983413
3570.33299999983412
3570.5069999998341
3570.67899999983408
3570.86199999983406
3580.79999999983296
618
-3
6.87400000000000013
101.3130000000000483
101.4400000000000484
101.5870000000000486
101.7150000000000487
101.8660000000000488
102.025000000000049
102.1790000000000491
102.3340000000000492
102.4840000000000494
102.6300000000000495
102.8240000000000497
102.9610000000000498
103.13500000000005
103.2900000000000501
103.4550000000000502
103.6150000000000504
103.7830000000000505
103.9590000000000507
104.1190000000000508
104.286000000000051
104.4340000000000511
104.6040000000000513
104.7470000000000514
104.9390000000000516
105.0700000000000517
105.2230000000000518
105.397000000000052
105.5570000000000521
105.7210000000000522
105.8940000000000524
106.0560000000000526
106.2120000000000527
106.3690000000000528
106.530000000000053
107.635000000000054
107.7770000000000541
107.9300000000000542
108.1000000000000544
108.2740000000000545
108.4410000000000547
108.6290000000000548
108.802000000000055
108.9720000000000551
109.1310000000000553
109.3030000000000554
109.4780000000000556
109.6330000000000557
109.7850000000000559
109.961000000000056
110.1300000000000562
110.3140000000000563
110.4900000000000565
110.7750000000000567
112.7060000000000585
112.8350000000000586
112.9840000000000587
113.1540000000000589
113.324000000000059
113.4950000000000592
113.6640000000000593
114.0340000000000596
114.1580000000000598
114.3350000000000599
114.5170000000000601
114.6940000000000602
114.8750000000000604
115.0560000000000605
115.2380000000000607
115.4120000000000609
115.581000000000061
115.7640000000000612
115.9460000000000613
116.1230000000000615
116.2980000000000616
116.5040000000000618
116.651000000000062
116.8260000000000621
117.1210000000000624
117.2880000000000625
117.4730000000000627
117.6410000000000628
117.792000000000063
117.9500000000000631
118.1290000000000633
118.3090000000000634
118.4960000000000636
118.6240000000000637
118.7960000000000639
118.983000000000064
119.1730000000000642
119.3760000000000644
119.5660000000000646
119.7550000000000647
119.9380000000000649
120.108000000000065
120.5530000000000654
120.7290000000000656
121.0980000000000659
121.4870000000000662
121.6370000000000664
122.1590000000000668
122.311000000000067
122.5960000000000672
122.7620000000000674
122.9180000000000675
123.0900000000000677
123.2600000000000678
123.435000000000068
124.4000000000000688
172.477000000000112
236.363000000000168
236.491000000000168
236.621000000000169
236.763000000000169
236.909000000000169
237.231000000000169
237.390000000000169
238.25300000000017
238.47100000000017
238.60500000000017
238.75400000000017
238.904000000000171
239.067000000000171
239.593000000000171
240.131000000000172
240.427000000000172
240.516000000000172
240.653000000000172
240.825000000000172
390.157000000000305
390.294000000000305
566.555000000000462
566.911000000000462
567.035000000000462
567.176000000000462
567.328000000000462
568.060000000000463
859.979000000000722
860.093000000000722
1004.804000000000851
1005.120000000000851
1005.256000000000851
1005.411000000000851
1005.614000000000852
1005.716000000000852
1005.870000000000852
1006.033000000000852
1006.810000000000852
1006.962000000000853
1007.121000000000853
1007.617000000000853
1007.773000000000853
1007.935000000000854
1008.105000000000854
1008.289000000000854
1008.420000000000854
1008.587000000000854
1008.886000000000854
1009.067000000000855
1009.606000000000855
1009.865000000000855
1010.037000000000855
1010.155000000000856
1010.355000000000856
1010.539000000000856
1010.665000000000856
1011.005000000000856
1011.152000000000856
1011.321000000000856
1011.504000000000857
1012.287000000000857
1012.781000000000858
1013.252000000000858
1013.755000000000859
1013.999000000000859
1014.516000000000859
1014.68500000000086
1015.05200000000086
1015.14000000000086
1015.50900000000086
1016.139000000000861
1016.460000000000861
1016.604000000000861
1016.756000000000861
1016.915000000000862
1017.564000000000862
1018.328000000000863
1020.486000000000865
1020.776000000000865
1020.934000000000865
1021.098000000000865
1021.280000000000865
1021.436000000000866
1021.610000000000866
1021.849000000000866
1022.478000000000866
1022.641000000000867
1022.798000000000867
1022.937000000000867
1023.106000000000867
1023.262000000000867
1023.412000000000867
1023.581000000000867
1023.745000000000868
1023.902000000000868
1024.05700000000087
1024.24800000000087
1024.41200000000087
1024.57300000000087
1024.73500000000087
1024.89400000000087
1025.06400000000087
1025.23900000000087
1025.41300000000087
1025.58500000000087
1025.77600000000087
1025.98100000000087
1026.15900000000087
1026.30400000000087
1026.46300000000087
1026.65500000000087
1026.84800000000087
1027.04000000000087
1027.21300000000087
1027.38000000000087
1027.55000000000087
1027.72300000000087
1027.89700000000087
1028.10200000000087
1028.30600000000087
1028.50500000000087
1028.70000000000087
1028.90200000000087
1029.12200000000087
1029.32500000000087
1029.54000000000087
1029.72500000000087
1029.91000000000087
1030.09400000000087
1030.25400000000087
1030.42600000000087
1030.61300000000087
1030.78700000000087
1030.96200000000087
1031.16800000000087
1031.36400000000087
1031.54500000000087
1031.74000000000087
1031.95000000000087
1032.15200000000088
1032.34800000000088
1032.53100000000088
1032.71000000000088
1032.91300000000088
1033.09700000000088
1033.26300000000088
1033.46100000000088
1033.68000000000088
1033.87100000000088
1034.01400000000088
1034.18700000000088
1034.37300000000088
1034.58400000000088
1034.79300000000088
1034.97600000000088
1035.06300000000088
1035.16400000000088
1035.35400000000088
1035.58200000000088
1035.77200000000088
1035.96300000000088
1036.19100000000088
1036.45100000000088
1036.67000000000088
1036.88800000000088
1037.06700000000088
1037.24900000000088
1037.44000000000088
1038.34800000000088
1038.53300000000088
1038.71100000000088
1038.88900000000088
1039.08900000000088
1039.28400000000088
1039.46700000000088
1039.65800000000088
1039.83800000000088
1040.00500000000088
1040.21600000000088
1040.45100000000088
1040.66600000000088
1040.86100000000088
1041.03900000000088
1041.23700000000088
1041.48700000000088
1041.68700000000088
1041.86400000000088
1042.06000000000088
1042.27500000000088
1042.47600000000088
1042.63100000000088
1042.82500000000088
1043.01400000000088
1043.24900000000088
1043.49800000000088
1043.71100000000089
1043.88700000000089
1044.07400000000089
1044.28900000000089
1044.48800000000089
1044.74300000000089
1044.90600000000089
1045.09800000000089
1045.33100000000089
1045.52500000000089
1045.70900000000089
1045.96100000000089
1046.16100000000089
1046.34700000000089
1046.52100000000089
1046.71800000000089
1046.92900000000089
1047.02400000000089
1047.13600000000089
1047.34700000000089
1047.53900000000089
1047.74500000000089
1047.98400000000089
1048.16900000000089
1048.34500000000089
1048.54200000000089
1048.72100000000089
1048.92900000000089
1049.19300000000089
1049.39000000000089
1049.57700000000089
1049.80100000000089
1050.00300000000089
1050.30800000000089
1050.53800000000089
1050.73300000000089
1050.91300000000089
1051.09800000000089
1051.32200000000089
1051.51000000000089
1051.69400000000089
1051.90200000000089
1052.09800000000089
1052.31000000000089
1053.10200000000089
1053.29300000000089
1053.73500000000089
1054.13800000000089
1054.30000000000089
1054.47000000000089
1054.6440000000009
1054.8280000000009
1055.0640000000009
1055.2520000000009
1055.4300000000009
1055.6120000000009
1055.8050000000009
1055.9960000000009
1056.1990000000009
1056.4640000000009
1056.7090000000009
1056.8910000000009
1057.0740000000009
1057.2660000000009
1057.4710000000009
1057.7070000000009
1057.9240000000009
1058.1170000000009
1058.6580000000009
1059.0030000000009
1059.1840000000009
1059.3670000000009
1059.5570000000009
1059.8240000000009
1060.0370000000009
1060.2150000000009
1061.8560000000009
1062.0150000000009
1062.1800000000009
1062.3560000000009
1062.5550000000009
1062.8320000000009
1063.0250000000009
1063.1900000000009
1063.3970000000009
1069.45100000000091
1069.61500000000091
1069.79900000000091
1069.95600000000091
1070.13600000000091
1070.29200000000091
1070.39400000000091
1070.46700000000091
1070.79600000000091
1073.97600000000091
1074.07300000000091
1074.19000000000091
1074.32800000000091
1074.45500000000091
1074.47000000000091
1074.79400000000091
1074.89000000000091
1075.02900000000091
1075.32100000000091
1075.43500000000091
1075.93800000000091
1076.08000000000091
1076.24000000000091
1076.40100000000091
1076.56900000000091
1076.72900000000091
1076.90400000000091
1077.08700000000091
1077.25500000000092
1077.43700000000092
1077.64500000000092
1077.83600000000092
1078.00800000000092
1078.18700000000092
1078.38100000000092
1078.58900000000092
1078.77500000000092
1078.96900000000092
1079.17200000000092
1079.36900000000092
1079.54100000000092
1079.72800000000092
1079.91600000000092
1080.11500000000092
1080.32600000000092
1441.70400000000124
1442.44700000000124
1442.71900000000124
1443.41500000000124
1445.74900000000124
1445.87800000000124
1446.01600000000124
1446.14300000000124
1446.42200000000124
1446.56600000000124
1446.73700000000124
1447.06500000000124
1447.33500000000124
1447.78300000000124
1448.11200000000124
1448.26600000000124
1448.63100000000124
1448.77400000000124
1830.48300000000158
1830.60700000000158
1830.98200000000158
1831.17800000000158
1831.59800000000158
1831.70100000000159
1831.83200000000159
1832.10500000000159
1832.76100000000159
1947.40200000000169
1947.51800000000169
1947.68700000000169
1947.99600000000169
1948.15400000000169
1948.31000000000169
1949.01000000000169
1949.19600000000169
1949.78100000000169
1949.89900000000169
1950.03400000000169
1950.48600000000169
1950.63500000000169
1951.07200000000169
1951.20900000000169
1951.36000000000169
1951.45600000000169
1951.71700000000169
1951.95700000000169
1952.35300000000169
1952.91000000000169
1953.05300000000169
1953.21400000000169
1953.39500000000169
1953.56500000000169
1953.72900000000169
1953.88700000000169
1954.06100000000169
1954.30700000000169
1954.46500000000169
1954.63200000000169
1954.79300000000169
1954.95900000000169
1955.12200000000169
1955.28200000000169
1955.4510000000017
1955.6390000000017
1955.8310000000017
1956.0140000000017
1956.1920000000017
1956.5150000000017
1956.6920000000017
1956.8870000000017
1957.0640000000017
1957.2760000000017
1957.4770000000017
1957.6620000000017
1957.8360000000017
1958.0180000000017
1958.2160000000017
1958.4000000000017
1958.5830000000017
1958.8650000000017
1959.0430000000017
1959.2600000000017
1959.4420000000017
1959.6410000000017
1959.8410000000017
1960.0230000000017
1960.2020000000017
1960.4020000000017
1960.6280000000017
1960.8420000000017
1961.0420000000017
1961.4020000000017
1961.7060000000017
1961.8970000000017
1962.1030000000017
1962.2940000000017
1962.4810000000017
1962.7080000000017
1962.9230000000017
1963.1160000000017
1963.3000000000017
1963.4820000000017
1963.6830000000017
1964.1440000000017
1964.3410000000017
1964.5460000000017
1964.7310000000017
1964.9130000000017
1965.0680000000017
1965.2550000000017
1965.4740000000017
1965.7120000000017
1965.9070000000017
1966.0930000000017
1966.2490000000017
1966.4600000000017
1966.7250000000017
1966.93800000000171
1967.14200000000171
1967.31800000000171
1967.50300000000171
1967.83100000000171
1968.04900000000171
1968.24700000000171
1968.42300000000171
1968.59700000000171
1968.79900000000171
1969.04400000000171
1969.25500000000171
1969.45500000000171
1969.64800000000171
1969.88000000000171
1970.08700000000171
1970.32000000000171
1970.57600000000171
1970.79300000000171
1970.99900000000171
1971.20000000000171
1971.38900000000171
1971.60600000000171
1971.86000000000171
1972.49100000000171
1972.85300000000171
1973.05500000000171
1973.51000000000171
1973.67700000000171
1973.89200000000171
1974.11300000000171
1974.30800000000171
1974.50400000000171
1974.78700000000171
1975.02300000000171
1975.36300000000171
1975.68900000000171
1975.88200000000171
1976.09800000000171
1976.28300000000171
1976.50400000000171
1976.70500000000171
1976.95500000000171
1977.15900000000171
1977.25800000000171
1977.41700000000171
1977.61700000000171
1977.98100000000172
1978.16400000000172
1978.36600000000172
1978.64500000000172
1979.02900000000172
1979.36400000000172
1979.89700000000172
1980.12600000000172
1980.32600000000172
1980.45100000000172
1980.85700000000172
1981.63200000000172
1981.99000000000172
1982.17300000000172
1982.37600000000172
2213.38299999998356
2213.43299999998356
2213.70599999998353
-4
6.93900000000000013
101.3640000000000484
101.5020000000000485
101.6430000000000486
101.7940000000000488
101.9450000000000489
102.101000000000049
102.2570000000000492
102.3990000000000493
102.5460000000000494
102.6950000000000496
102.8590000000000497
103.0430000000000499
103.20200000000005
103.3690000000000502
103.5280000000000503
103.6900000000000504
103.8590000000000506
104.0270000000000508
104.1970000000000509
104.349000000000051
104.5160000000000512
104.6720000000000513
104.8370000000000515
104.9940000000000516
105.1390000000000517
105.3100000000000519
105.473000000000052
105.6350000000000522
105.7940000000000523
105.9640000000000525
106.1240000000000526
106.2800000000000527
106.4450000000000529
106.609000000000053
107.684000000000054
107.8450000000000541
108.0140000000000543
108.1870000000000544
108.3600000000000546
108.5310000000000547
108.7090000000000549
108.8780000000000551
109.0390000000000552
109.2120000000000554
109.3900000000000555
109.5450000000000556
109.6850000000000558
109.8580000000000559
110.0370000000000561
110.2220000000000562
110.3840000000000564
110.5780000000000566
110.8060000000000568
112.7630000000000585
112.9060000000000586
113.0690000000000588
113.2390000000000589
113.4100000000000591
113.5770000000000592
113.7520000000000594
114.0800000000000597
114.2360000000000598
114.41800000000006
114.6020000000000601
114.7890000000000603
114.9670000000000605
115.1420000000000606
115.3130000000000608
115.4860000000000609
115.6710000000000611
115.8530000000000612
116.0290000000000614
116.2020000000000616
116.3870000000000617
116.5540000000000619
116.731000000000062
116.9060000000000622
117.1970000000000624
117.3590000000000626
117.5570000000000628
117.7040000000000629
117.864000000000063
118.0710000000000632
118.2550000000000634
118.4090000000000635
118.5410000000000636
118.7510000000000638
118.937000000000064
119.1170000000000642
119.3020000000000643
119.5150000000000645
119.7000000000000647
119.8980000000000648
120.061000000000065
120.2550000000000652
120.6240000000000655
120.8010000000000656
121.149000000000066
121.5440000000000663
121.6960000000000664
122.2090000000000669
122.377000000000067
122.6610000000000673
122.8330000000000674
122.9990000000000676
123.1680000000000678
123.3380000000000679
123.513000000000068
124.4530000000000689
172.509000000000112
236.417000000000168
236.547000000000168
236.680000000000169
236.830000000000169
237.015000000000169
237.313000000000169
237.491000000000169
238.28700000000017
238.52700000000017
238.67300000000017
238.81300000000017
238.970000000000171
239.137000000000171
239.657000000000171
240.188000000000172
240.486000000000172
240.639000000000172
240.762000000000172
240.902000000000172
390.213000000000305
390.354000000000305
566.590000000000462
566.962000000000462
567.085000000000462
567.233000000000462
567.388000000000462
568.127000000000463
860.009000000000722
860.131000000000722
1004.839000000000851
1005.171000000000851
1005.307000000000851
1005.476000000000851
1005.633000000000852
1005.784000000000852
1005.933000000000852
1006.102000000000852
1006.861000000000853
1007.018000000000853
1007.163000000000853
1007.668000000000853
1007.830000000000853
1007.994000000000854
1008.170000000000854
1008.319000000000854
1008.484000000000854
1008.667000000000854
1008.956000000000854
1009.144000000000855
1009.647000000000855
1009.927000000000855
1010.087000000000855
1010.208000000000856
1010.468000000000856
1010.624000000000856
1010.737000000000856
1011.073000000000856
1011.225000000000856
1011.392000000000857
1011.576000000000857
1012.371000000000857
1012.852000000000858
1013.303000000000858
1013.846000000000859
1014.050000000000859
1014.589000000000859
1014.75100000000086
1015.10800000000086
1015.35500000000086
1016.128000000000861
1016.284000000000861
1016.522000000000861
1016.658000000000861
1016.810000000000861
1016.979000000000862
1017.635000000000862
1018.391000000000863
1020.513000000000865
1020.833000000000865
1020.999000000000865
1021.149000000000865
1021.340000000000866
1021.506000000000866
1021.645000000000866
1021.874000000000866
1022.532000000000866
1022.694000000000867
1022.850000000000867
1023.022000000000867
1023.167000000000867
1023.338000000000867
1023.489000000000867
1023.668000000000868
1023.828000000000868
1023.967000000000868
1024.13900000000087
1024.32800000000087
1024.50300000000087
1024.66600000000087
1024.83600000000087
1024.98200000000087
1025.14900000000087
1025.33000000000087
1025.49000000000087
1025.68100000000087
1025.91800000000087
1026.08700000000087
1026.24000000000087
1026.37800000000087
1026.54600000000087
1026.76200000000087
1026.95100000000087
1027.12500000000087
1027.29900000000087
1027.47700000000087
1027.62500000000087
1027.80400000000087
1027.97600000000087
1028.20000000000087
1028.40900000000087
1028.60600000000087
1028.86500000000087
1029.10900000000087
1029.29200000000087
1029.48900000000087
1029.67800000000087
1029.86800000000087
1030.04000000000087
1030.18500000000087
1030.35500000000087
1030.52500000000087
1030.71900000000087
1030.87000000000087
1031.06700000000087
1031.29900000000087
1031.44600000000087
1031.61900000000087
1031.84900000000087
1032.04600000000087
1032.23700000000088
1032.45200000000088
1032.60700000000088
1032.83800000000088
1033.02600000000088
1033.16600000000088
1033.34800000000088
1033.58200000000088
1033.78200000000088
1033.94600000000088
1034.09000000000088
1034.26900000000088
1034.46800000000088
1034.69400000000088
1034.88000000000088
1035.06000000000088
1035.07100000000088
1035.24100000000088
1035.45600000000088
1035.67100000000088
1035.85800000000088
1036.05400000000088
1036.30300000000088
1036.56000000000088
1036.74500000000088
1037.00600000000088
1037.15600000000088
1037.37700000000088
1037.55300000000088
1038.46200000000088
1038.63400000000088
1038.80300000000088
1038.99500000000088
1039.19000000000088
1039.36500000000088
1039.59400000000088
1039.77500000000088
1039.91000000000088
1040.09400000000088
1040.31900000000088
1040.55800000000088
1040.75800000000088
1040.93800000000088
1041.14900000000088
1041.45300000000088
1041.59500000000088
1041.77800000000088
1041.95200000000088
1042.17900000000088
1042.39600000000088
1042.55300000000088
1042.71700000000088
1042.92300000000088
1043.11600000000088
1043.41200000000088
1043.60000000000089
1043.80600000000089
1044.00900000000089
1044.20500000000089
1044.38300000000089
1044.61300000000089
1044.83000000000089
1044.98600000000089
1045.22700000000089
1045.44300000000089
1045.61100000000089
1045.80100000000089
1046.05500000000089
1046.26600000000089
1046.43000000000089
1046.60000000000089
1046.81400000000089
1047.01700000000089
1047.03100000000089
1047.22500000000089
1047.43900000000089
1047.65200000000089
1047.92100000000089
1048.09800000000089
1048.24500000000089
1048.43000000000089
1048.62400000000089
1048.85200000000089
1049.06600000000089
1049.32700000000089
1049.48200000000089
1049.67300000000089
1049.90000000000089
1050.13100000000089
1050.36800000000089
1050.64700000000089
1050.81600000000089
1051.01100000000089
1051.21600000000089
1051.41600000000089
1051.65400000000089
1051.82700000000089
1052.04100000000089
1052.18700000000089
1052.37100000000089
1053.18600000000089
1053.37200000000089
1053.78000000000089
1054.19700000000089
1054.38200000000089
1054.55100000000089
1054.7240000000009
1054.9150000000009
1055.1700000000009
1055.3450000000009
1055.5230000000009
1055.7240000000009
1055.8950000000009
1056.1120000000009
1056.3050000000009
1056.5800000000009
1056.7910000000009
1056.9690000000009
1057.1590000000009
1057.3930000000009
1057.5790000000009
1057.8270000000009
1058.0070000000009
1058.2410000000009
1058.7850000000009
1059.0930000000009
1059.2780000000009
1059.4890000000009
1059.6830000000009
1059.9460000000009
1060.1120000000009
1060.3130000000009
1061.9440000000009
1062.1050000000009
1062.2700000000009
1062.4630000000009
1062.7440000000009
1062.9330000000009
1063.1070000000009
1063.3070000000009
1063.4410000000009
1069.52300000000091
1069.69000000000091
1069.87300000000091
1070.06100000000091
1070.20100000000091
1070.39200000000091
1070.40100000000091
1070.59600000000091
1070.84400000000091
1074.04400000000091
1074.16100000000091
1074.27700000000091
1074.36800000000091
1074.46100000000091
1074.66800000000091
1074.84200000000091
1074.98200000000091
1075.26000000000091
1075.39000000000091
1075.51600000000091
1075.98600000000091
1076.15500000000091
1076.31400000000091
1076.52000000000091
1076.64300000000091
1076.84000000000091
1077.04000000000091
1077.18100000000092
1077.33900000000092
1077.53500000000092
1077.73600000000092
1077.93300000000092
1078.07200000000092
1078.28400000000092
1078.52800000000092
1078.68100000000092
1078.86100000000092
1079.04700000000092
1079.26300000000092
1079.43600000000092
1079.61500000000092
1079.81400000000092
1080.00700000000092
1080.21100000000092
1080.40000000000092
1441.71400000000124
1442.49600000000124
1442.82600000000124
1443.45800000000124
1445.77500000000124
1445.90900000000124
1446.07600000000124
1446.20400000000124
1446.46700000000124
1446.61200000000124
1446.78800000000124
1447.20100000000124
1447.40300000000124
1447.83600000000124
1448.15400000000124
1448.31700000000124
1448.71800000000124
1448.85700000000125
1830.52800000000158
1830.65800000000158
1831.03700000000158
1831.22400000000158
1831.64100000000159
1831.77800000000159
1832.04200000000159
1832.15100000000159
1832.86000000000159
1947.50100000000169
1947.63200000000169
1947.74900000000169
1948.04100000000169
1948.19600000000169
1948.35800000000169
1949.05300000000169
1949.24700000000169
1949.85200000000169
1950.00100000000169
1950.24700000000169
1950.52800000000169
1950.68000000000169
1951.14400000000169
1951.28400000000169
1951.43500000000169
1951.65100000000169
1951.78900000000169
1952.34200000000169
1952.55700000000169
1952.96700000000169
1953.11100000000169
1953.27500000000169
1953.45000000000169
1953.61600000000169
1953.81800000000169
1953.97400000000169
1954.09900000000169
1954.39200000000169
1954.58400000000169
1954.72300000000169
1954.89700000000169
1955.04600000000169
1955.19900000000169
1955.3580000000017
1955.5780000000017
1955.7480000000017
1955.9100000000017
1956.0930000000017
1956.2640000000017
1956.5930000000017
1956.7760000000017
1956.9550000000017
1957.1630000000017
1957.3700000000017
1957.5670000000017
1957.7460000000017
1957.9260000000017
1958.1040000000017
1958.3090000000017
1958.4820000000017
1958.6430000000017
1958.9380000000017
1959.1220000000017
1959.3400000000017
1959.5370000000017
1959.7260000000017
1959.9160000000017
1960.0910000000017
1960.2820000000017
1960.4970000000017
1960.7280000000017
1960.9380000000017
1961.1160000000017
1961.4380000000017
1961.7990000000017
1961.9910000000017
1962.1850000000017
1962.3650000000017
1962.5580000000017
1962.7900000000017
1963.0040000000017
1963.1940000000017
1963.3690000000017
1963.5640000000017
1963.7690000000017
1964.2310000000017
1964.4290000000017
1964.6170000000017
1964.7990000000017
1964.9620000000017
1965.1350000000017
1965.3510000000017
1965.5710000000017
1965.8000000000017
1965.9870000000017
1966.1730000000017
1966.3490000000017
1966.5510000000017
1966.83000000000171
1967.02100000000171
1967.20300000000171
1967.40800000000171
1967.60800000000171
1967.92200000000171
1968.13100000000171
1968.31200000000171
1968.48000000000171
1968.69900000000171
1968.89600000000171
1969.14200000000171
1969.34900000000171
1969.53600000000171
1969.74700000000171
1969.96700000000171
1970.18200000000171
1970.41300000000171
1970.67500000000171
1970.89300000000171
1971.08700000000171
1971.28500000000171
1971.49100000000171
1971.71600000000171
1971.94800000000171
1972.54200000000171
1972.91300000000171
1973.13700000000171
1973.56600000000171
1973.76500000000171
1973.98600000000171
1974.20700000000171
1974.42000000000171
1974.62000000000171
1974.89400000000171
1975.19600000000171
1975.44600000000171
1975.77500000000171
1975.96800000000171
1976.17800000000171
1976.37300000000171
1976.60000000000171
1976.80300000000171
1977.05300000000171
1977.25500000000171
1977.28900000000171
1977.52100000000171
1977.72100000000171
1978.05300000000172
1978.21200000000172
1978.45200000000172
1978.72600000000172
1979.06100000000172
1979.45000000000172
1979.98400000000172
1980.18200000000172
1980.43300000000172
1980.51500000000172
1980.90000000000172
1981.68700000000172
1982.06600000000172
1982.25700000000172
1982.46000000000172
2213.40899999998356
2213.43699999998356
2213.74399999998352
0
0
0
0
0
0
0
0
0
0
0
0
0
3600.00099999983085
0
0
0
0
0
0
