8
16
19
8
16
19
IPPneo1.11
test3
0
3
11
05
53
12
06
22
22
4
.3
1
276
276
1
1398
1398
1
1
1
1
1
1
1
1
1
1
1
1
1
1
1
1
1
1
1
1
275
-1
6.00200000000000011
163.259000000000103
163.850000000000104
164.022000000000104
164.222000000000104
164.615000000000105
164.815000000000105
165.379000000000105
166.041000000000106
166.407000000000106
166.811000000000107
167.002000000000107
167.142000000000107
167.348000000000107
167.465000000000107
167.599000000000107
167.738000000000107
167.884000000000107
168.051000000000108
168.177000000000108
168.334000000000108
169.568000000000109
169.703000000000109
169.855000000000109
170.011000000000109
170.17500000000011
170.35000000000011
170.53000000000011
171.01800000000011
171.17100000000011
171.332000000000111
171.528000000000111
171.666000000000111
171.840000000000111
172.026000000000111
172.192000000000111
172.372000000000111
172.554000000000112
172.738000000000112
172.931000000000112
173.105000000000112
173.280000000000112
173.487000000000112
173.608000000000113
173.646000000000113
173.710000000000113
173.900000000000113
174.089000000000113
174.295000000000113
174.768000000000114
174.929000000000114
175.476000000000114
175.849000000000115
176.141000000000115
176.609000000000115
176.728000000000115
176.894000000000115
177.073000000000116
177.174000000000116
177.254000000000116
177.430000000000116
177.608000000000116
177.821000000000116
177.997000000000116
178.198000000000117
178.307000000000117
178.413000000000117
178.585000000000117
178.761000000000117
178.941000000000117
179.074000000000117
179.155000000000117
179.346000000000118
179.548000000000118
179.731000000000118
179.915000000000118
180.119000000000118
180.308000000000118
180.499000000000119
180.679000000000119
180.860000000000119
180.980000000000119
181.076000000000119
181.264000000000119
181.44800000000012
181.62500000000012
181.78400000000012
181.97500000000012
198.870000000000135
198.965000000000135
199.079000000000135
199.214000000000135
199.353000000000135
199.498000000000136
199.645000000000136
199.798000000000136
199.954000000000136
200.387000000000136
200.517000000000136
200.636000000000137
200.779000000000137
200.941000000000137
201.083000000000137
201.251000000000137
201.415000000000137
201.584000000000137
201.653000000000137
202.539000000000138
202.697000000000138
202.816000000000138
202.955000000000139
203.111000000000139
203.243000000000139
203.926000000000139
204.26000000000014
204.40100000000014
204.55100000000014
204.71500000000014
672.941000000000556
673.201000000000556
673.339000000000556
673.511000000000556
673.692000000000557
673.850000000000557
674.027000000000557
674.217000000000557
674.381000000000557
674.520000000000557
674.986000000000558
675.187000000000558
675.335000000000558
675.689000000000558
675.890000000000559
676.087000000000559
676.267000000000559
676.440000000000559
676.622000000000559
677.01100000000056
677.16800000000056
677.35300000000056
677.52000000000056
678.049000000000561
750.036000000000624
750.264000000000625
750.526000000000625
750.533000000000625
750.722000000000625
750.853000000000625
751.029000000000625
751.586000000000626
751.706000000000626
752.028000000000626
752.087000000000626
752.171000000000626
752.306000000000626
752.437000000000627
752.571000000000627
752.704000000000627
752.909000000000627
753.019000000000627
753.129000000000627
760.002000000000633
760.263000000000634
760.509000000000634
760.715000000000634
760.992000000000634
761.117000000000634
761.292000000000634
761.430000000000635
853.788000000000717
854.082000000000717
855.341000000000718
855.981000000000719
857.83200000000072
1296.13000000000111
1296.84600000000111
1297.19800000000111
1299.54400000000111
1299.67000000000111
1299.76700000000111
1299.96000000000111
1300.27500000000111
1300.44400000000111
1301.27300000000111
1301.41100000000111
1301.56100000000111
1301.68700000000111
1302.31700000000112
1302.51300000000112
1302.69300000000112
1302.88500000000112
1303.05000000000112
1303.20300000000112
1303.85100000000112
1304.08800000000112
1304.22400000000112
1304.41700000000112
1304.58600000000112
1304.74200000000112
1304.91400000000112
1306.06800000000112
1306.21900000000112
1306.34200000000112
1306.42900000000112
1306.61700000000112
1306.78600000000112
1307.53800000000112
1308.00200000000112
1314.19400000000113
1314.38200000000113
1314.98800000000113
1315.13400000000113
1315.21200000000113
1315.30700000000113
1315.56000000000113
1315.65900000000113
1315.76900000000113
1315.87500000000113
1316.02600000000113
1316.13800000000113
1316.26800000000113
1316.46400000000113
1316.58900000000113
1317.01100000000113
1317.12900000000113
1317.81900000000113
1317.97800000000113
1318.73200000000113
1318.98100000000113
1319.33000000000113
1319.41600000000113
1319.52900000000113
1319.71300000000113
1320.06400000000113
1320.20500000000113
1320.28600000000113
1320.34500000000113
1320.40300000000113
1320.59600000000113
1320.83300000000113
1321.04800000000113
1321.24800000000113
1321.42200000000113
1321.54100000000113
1321.58900000000113
1322.02900000000113
1322.10700000000113
1322.42300000000113
1322.48600000000113
1323.62300000000113
1323.70900000000113
1323.82000000000113
1324.17600000000113
1324.85700000000114
1325.18000000000114
1325.32700000000114
1329.46800000000114
1329.55100000000114
1329.77200000000114
1329.89200000000114
1330.50400000000114
1330.64600000000114
1330.82700000000114
1331.00000000000114
1331.15200000000114
1331.25800000000114
1331.41700000000114
1643.74300000000142
2910.25699999990681
2918.36099999990592
2918.5109999999059
3236.26999999987091
3236.93599999987083
3238.78599999987063
3319.44799999986175
-2
6.02300000000000011
163.276000000000103
163.882000000000104
164.108000000000104
164.327000000000104
164.675000000000105
164.834000000000105
165.404000000000105
166.146000000000106
166.536000000000106
166.946000000000107
167.075000000000107
167.185000000000107
167.388000000000107
167.517000000000107
167.655000000000107
167.805000000000107
167.961000000000108
168.090000000000108
168.238000000000108
168.414000000000108
169.624000000000109
169.773000000000109
169.920000000000109
170.090000000000109
170.25700000000011
170.43900000000011
170.61400000000011
171.07600000000011
171.24100000000011
171.402000000000111
171.584000000000111
171.753000000000111
171.930000000000111
172.101000000000111
172.278000000000111
172.464000000000112
172.643000000000112
172.841000000000112
173.019000000000112
173.195000000000112
173.379000000000112
173.593000000000113
173.623000000000113
173.660000000000113
173.811000000000113
174.003000000000113
174.196000000000113
174.396000000000113
174.836000000000114
175.009000000000114
175.542000000000114
175.917000000000115
176.276000000000115
176.659000000000115
176.811000000000115
176.982000000000116
177.161000000000116
177.195000000000116
177.349000000000116
177.528000000000116
177.711000000000116
177.916000000000116
178.089000000000117
178.291000000000117
178.331000000000117
178.504000000000117
178.672000000000117
178.860000000000117
179.045000000000117
179.091000000000117
179.255000000000118
179.450000000000118
179.650000000000118
179.833000000000118
180.013000000000118
180.218000000000118
180.409000000000119
180.592000000000119
180.792000000000119
180.950000000000119
181.004000000000119
181.177000000000119
181.343000000000119
181.53200000000012
181.70300000000012
181.88100000000012
182.04600000000012
198.907000000000135
199.015000000000135
199.149000000000135
199.283000000000135
199.429000000000135
199.578000000000136
199.727000000000136
199.882000000000136
200.045000000000136
200.426000000000136
200.563000000000136
200.703000000000137
200.855000000000137
201.012000000000137
201.157000000000137
201.329000000000137
201.492000000000137
201.589000000000137
201.701000000000138
202.558000000000138
202.745000000000138
202.881000000000139
203.034000000000139
203.161000000000139
203.268000000000139
204.01200000000014
204.32700000000014
204.47900000000014
204.63800000000014
204.80300000000014
673.007000000000556
673.284000000000556
673.443000000000556
673.617000000000557
673.799000000000557
673.970000000000557
674.148000000000557
674.330000000000557
674.488000000000557
674.635000000000558
675.128000000000558
675.286000000000558
675.474000000000558
675.849000000000559
676.015000000000559
676.203000000000559
676.385000000000559
676.578000000000559
676.97100000000056
677.15300000000056
677.31200000000056
677.48400000000056
678.02300000000056
678.142000000000561
750.109000000000624
750.346000000000625
750.531000000000625
750.664000000000625
750.791000000000625
750.974000000000625
751.071000000000625
751.647000000000626
751.802000000000626
752.066000000000626
752.158000000000626
752.251000000000626
752.365000000000627
752.512000000000627
752.629000000000627
752.765000000000627
752.952000000000627
753.067000000000627
753.158000000000627
760.061000000000633
760.442000000000634
760.528000000000634
760.988000000000634
761.012000000000634
761.287000000000634
761.371000000000635
761.502000000000635
853.843000000000717
854.143000000000717
855.380000000000718
855.990000000000719
857.90100000000072
1296.19500000000111
1296.91800000000111
1297.26200000000111
1299.61200000000111
1299.73100000000111
1299.91500000000111
1300.25200000000111
1300.38500000000111
1300.52400000000111
1301.31300000000111
1301.47300000000111
1301.60700000000111
1301.74900000000111
1302.37500000000112
1302.61200000000112
1302.79300000000112
1302.95500000000112
1303.10600000000112
1303.25500000000112
1303.87500000000112
1304.09400000000112
1304.29800000000112
1304.48400000000112
1304.64800000000112
1304.81100000000112
1305.00300000000112
1306.21800000000112
1306.31500000000112
1306.40400000000112
1306.51800000000112
1306.68500000000112
1306.83000000000112
1307.58900000000112
1308.05700000000112
1314.20900000000113
1314.44100000000113
1314.99700000000113
1315.18100000000113
1315.21900000000113
1315.37300000000113
1315.61800000000113
1315.71700000000113
1315.87300000000113
1315.97900000000113
1316.10200000000113
1316.26300000000113
1316.43100000000113
1316.54200000000113
1316.65500000000113
1317.09100000000113
1317.20500000000113
1317.83700000000113
1318.03800000000113
1318.79000000000113
1319.04500000000113
1319.35100000000113
1319.45500000000113
1319.56400000000113
1319.78000000000113
1320.11000000000113
1320.25300000000113
1320.31200000000113
1320.39100000000113
1320.44000000000113
1320.68000000000113
1320.92500000000113
1321.13000000000113
1321.33800000000113
1321.51300000000113
1321.55300000000113
1321.67000000000113
1322.08300000000113
1322.12300000000113
1322.47800000000113
1322.57300000000113
1323.70300000000113
1323.72400000000113
1323.88600000000113
1324.22600000000113
1324.88100000000114
1325.22000000000114
1325.38500000000114
1329.49800000000114
1329.61900000000114
1329.85900000000114
1329.99500000000114
1330.54000000000114
1330.72600000000114
1330.90500000000114
1331.05900000000114
1331.24300000000114
1331.38400000000114
1331.48000000000114
1643.79700000000142
2910.26799999990681
2918.40799999990592
2918.5449999999059
3236.3049999998709
3236.99999999987083
3238.80399999987063
3319.49199999986174
1397
-3
35.2689999999999897
35.4939999999999899
35.61799999999999
35.8899999999999902
36.1299999999999904
36.4189999999999907
36.5809999999999908
36.709999999999991
36.8399999999999911
37.3669999999999915
37.7749999999999919
38.0649999999999922
38.3359999999999924
38.5069999999999926
39.1869999999999932
39.3179999999999933
39.4899999999999934
39.6349999999999936
39.7979999999999937
39.9449999999999938
40.079999999999994
40.2559999999999941
40.3829999999999942
40.5429999999999944
40.6889999999999945
40.8599999999999946
40.9959999999999948
41.7659999999999954
41.9109999999999956
42.2149999999999958
42.381999999999996
42.5149999999999961
42.8189999999999964
43.1389999999999967
43.4499999999999969
43.6229999999999971
43.7959999999999972
43.9439999999999974
44.1269999999999975
44.3049999999999977
44.4369999999999978
44.633999999999998
44.7979999999999981
44.9579999999999983
45.0979999999999984
45.2889999999999986
45.4239999999999987
45.6149999999999989
45.756999999999999
45.8929999999999991
46.0749999999999993
46.2469999999999994
46.4259999999999996
46.5769999999999997
46.7649999999999999
46.908
47.0920000000000002
47.2320000000000003
47.4180000000000005
47.5590000000000006
47.7640000000000008
47.8950000000000009
48.0810000000000011
48.2190000000000012
48.4150000000000014
48.5880000000000015
48.7440000000000016
48.9410000000000018
50.1700000000000029
50.4760000000000032
50.6790000000000034
50.8250000000000035
51.0230000000000037
51.1650000000000038
51.355000000000004
51.5450000000000041
51.7130000000000043
51.8770000000000044
52.0550000000000046
53.0140000000000054
53.3680000000000058
53.5380000000000059
53.695000000000006
53.8710000000000062
54.0510000000000064
54.2210000000000065
54.4040000000000067
54.5820000000000068
54.750000000000007
54.9040000000000071
55.1030000000000073
55.2360000000000074
55.4270000000000076
55.5680000000000077
55.7750000000000079
55.930000000000008
56.1030000000000082
56.2590000000000083
56.4200000000000085
56.5950000000000086
56.7440000000000088
56.9380000000000089
57.0870000000000091
57.2730000000000092
57.4340000000000094
57.5990000000000095
57.7990000000000097
57.9430000000000098
58.12400000000001
58.2810000000000101
58.4210000000000102
58.6030000000000104
58.7540000000000105
58.9520000000000107
59.0970000000000108
59.297000000000011
59.4640000000000112
59.6350000000000113
59.7900000000000115
59.9730000000000116
60.1340000000000118
60.3260000000000119
60.4780000000000121
60.6710000000000122
60.9590000000000125
61.1240000000000126
61.3070000000000128
61.482000000000013
61.6740000000000131
61.8170000000000133
62.0230000000000134
62.1540000000000136
62.3650000000000137
62.5010000000000139
62.692000000000014
62.8360000000000142
62.9930000000000143
63.2010000000000145
63.3570000000000146
63.5590000000000148
63.7100000000000149
64.0660000000000152
64.2540000000000154
64.7140000000000158
64.8460000000000159
67.7080000000000185
67.8440000000000186
68.0010000000000188
68.1530000000000189
68.309000000000019
68.4810000000000192
68.6640000000000193
68.8300000000000195
68.9980000000000196
69.1780000000000198
69.3370000000000199
69.5050000000000201
69.6660000000000202
69.8380000000000204
69.9730000000000205
70.1630000000000207
70.3320000000000208
70.505000000000021
70.6710000000000211
70.8490000000000213
71.0080000000000214
71.1700000000000216
71.3360000000000217
71.5200000000000219
71.702000000000022
71.8640000000000222
72.0130000000000223
72.1540000000000224
72.3570000000000226
72.5060000000000228
72.7090000000000229
72.8500000000000231
73.0630000000000232
73.2220000000000234
73.3870000000000235
73.5360000000000237
73.7330000000000238
73.898000000000024
74.1150000000000242
74.2450000000000243
74.5800000000000246
74.7660000000000248
74.9040000000000249
75.1040000000000251
75.2460000000000252
75.4500000000000254
75.5990000000000255
75.7940000000000257
75.9560000000000258
76.154000000000026
76.2840000000000261
76.4370000000000262
76.6080000000000264
76.7840000000000266
76.9490000000000267
77.1280000000000269
77.309000000000027
77.4700000000000272
77.6460000000000273
77.8280000000000275
77.9930000000000276
78.1490000000000278
78.3360000000000279
78.4940000000000281
78.6710000000000282
78.8410000000000284
79.1160000000000286
79.2710000000000288
79.4250000000000289
79.6120000000000291
79.7580000000000292
79.9380000000000294
80.8880000000000302
81.0070000000000303
81.1680000000000304
81.3310000000000306
81.4920000000000307
81.6680000000000309
81.838000000000031
82.0120000000000312
82.1900000000000314
82.3630000000000315
82.5140000000000316
82.6720000000000318
82.8490000000000319
83.5930000000000326
83.7550000000000327
83.9240000000000329
84.1100000000000331
84.3060000000000332
84.4600000000000334
84.6550000000000335
84.8100000000000337
85.0020000000000338
85.144000000000034
85.3560000000000342
85.5170000000000343
85.6920000000000345
85.8800000000000346
86.0700000000000348
86.2140000000000349
86.4080000000000351
86.5560000000000352
86.7580000000000354
86.9170000000000356
87.1250000000000357
87.2670000000000359
87.432000000000036
87.6100000000000362
87.8240000000000364
87.9770000000000365
88.1470000000000366
102.6440000000000495
102.6860000000000496
105.1450000000000517
117.6740000000000629
129.170000000000073
129.330000000000073
152.350000000000094
152.426000000000094
208.970000000000144
272.1780000000002
272.3470000000002
302.542000000000227
302.787000000000227
304.450000000000229
382.309000000000298
434.472000000000344
434.484000000000344
434.504000000000344
442.255000000000351
442.389000000000351
442.654000000000352
442.931000000000352
443.243000000000352
443.570000000000352
443.745000000000352
443.883000000000353
444.057000000000353
444.217000000000353
444.401000000000353
444.546000000000353
444.733000000000353
444.899000000000353
445.054000000000354
446.061000000000355
446.729000000000355
447.430000000000356
447.590000000000356
448.453000000000357
448.772000000000357
449.448000000000358
449.617000000000358
449.826000000000358
449.964000000000358
450.114000000000358
450.267000000000358
450.411000000000358
450.598000000000359
450.750000000000359
450.945000000000359
451.104000000000359
451.303000000000359
451.471000000000359
451.672000000000359
451.81000000000036
452.35400000000036
452.47300000000036
452.63800000000036
452.77600000000036
452.962000000000361
453.134000000000361
453.279000000000361
454.266000000000362
454.759000000000362
454.907000000000362
455.236000000000363
456.277000000000364
456.408000000000364
456.563000000000364
456.725000000000364
456.897000000000364
457.062000000000364
457.271000000000364
457.426000000000365
457.622000000000365
457.805000000000365
457.941000000000365
458.141000000000365
458.291000000000365
458.477000000000366
458.646000000000366
458.835000000000366
459.003000000000366
459.153000000000366
459.332000000000366
459.480000000000366
459.664000000000367
459.809000000000367
460.016000000000367
460.167000000000367
460.350000000000367
460.497000000000367
460.666000000000368
460.860000000000368
460.995000000000368
461.182000000000368
461.324000000000368
461.502000000000368
461.669000000000368
461.993000000000369
462.178000000000369
462.322000000000369
462.459000000000369
462.657000000000369
462.809000000000369
462.99000000000037
463.18000000000037
463.34600000000037
463.54800000000037
463.70400000000037
463.89700000000037
464.04400000000037
464.224000000000371
464.371000000000371
465.236000000000372
465.355000000000372
465.643000000000372
465.827000000000372
465.983000000000372
466.124000000000372
466.269000000000372
466.426000000000373
466.573000000000373
466.759000000000373
466.887000000000373
467.078000000000373
467.222000000000373
467.419000000000374
467.565000000000374
467.765000000000374
467.936000000000374
468.110000000000374
468.237000000000374
469.123000000000375
469.295000000000375
469.433000000000375
469.603000000000375
469.784000000000376
469.949000000000376
470.146000000000376
470.279000000000376
470.474000000000376
470.625000000000376
470.833000000000377
470.989000000000377
471.136000000000377
471.330000000000377
471.475000000000377
471.654000000000377
471.786000000000377
471.983000000000378
472.184000000000378
472.343000000000378
472.517000000000378
472.692000000000378
472.839000000000378
472.989000000000378
473.135000000000379
473.270000000000379
473.436000000000379
473.618000000000379
473.799000000000379
474.009000000000379
474.19300000000038
474.51800000000038
474.93500000000038
475.08500000000038
475.24500000000038
475.382000000000381
475.553000000000381
475.737000000000381
475.892000000000381
476.039000000000381
476.210000000000381
476.350000000000381
476.534000000000382
476.690000000000382
476.856000000000382
477.022000000000382
477.209000000000382
477.363000000000382
477.498000000000382
477.643000000000383
477.814000000000383
477.969000000000383
478.142000000000383
478.291000000000383
478.479000000000383
478.639000000000383
478.814000000000384
478.948000000000384
479.120000000000384
479.287000000000384
479.438000000000384
479.618000000000384
479.792000000000384
479.937000000000385
480.123000000000385
480.289000000000385
480.439000000000385
480.576000000000385
480.715000000000385
480.897000000000385
481.057000000000386
481.216000000000386
481.366000000000386
481.526000000000386
481.710000000000386
481.901000000000386
482.051000000000386
482.206000000000387
482.386000000000387
482.554000000000387
482.727000000000387
482.877000000000387
483.040000000000387
483.260000000000388
483.400000000000388
483.553000000000388
483.702000000000388
483.883000000000388
484.041000000000388
484.216000000000388
484.376000000000389
484.552000000000389
484.714000000000389
484.924000000000389
485.054000000000389
485.211000000000389
485.372000000000389
485.53500000000039
485.71600000000039
485.83100000000039
485.97800000000039
486.13300000000039
486.29400000000039
486.47500000000039
486.635000000000391
486.782000000000391
486.966000000000391
487.133000000000391
487.282000000000391
487.485000000000391
487.636000000000391
487.808000000000392
487.988000000000392
488.169000000000392
488.298000000000392
488.473000000000392
488.656000000000392
488.796000000000392
488.961000000000393
489.124000000000393
489.302000000000393
489.454000000000393
489.642000000000393
489.807000000000393
489.966000000000394
490.112000000000394
490.320000000000394
490.439000000000394
490.620000000000394
490.782000000000394
490.920000000000394
491.093000000000395
491.267000000000395
491.421000000000395
491.579000000000395
491.794000000000395
491.928000000000395
492.122000000000395
492.273000000000396
492.457000000000396
492.612000000000396
492.760000000000396
492.941000000000396
493.083000000000396
493.263000000000396
493.418000000000397
493.596000000000397
493.756000000000397
493.929000000000397
494.120000000000397
494.245000000000397
494.387000000000397
494.549000000000398
494.724000000000398
494.905000000000398
495.036000000000398
495.188000000000398
495.334000000000398
495.505000000000398
495.642000000000399
495.780000000000399
495.916000000000399
496.080000000000399
496.233000000000399
496.436000000000399
496.591000000000399
496.7360000000004
496.8790000000004
497.0610000000004
497.2300000000004
497.4070000000004
497.5600000000004
497.7080000000004
497.879000000000401
498.048000000000401
498.245000000000401
498.385000000000401
498.540000000000401
498.710000000000401
498.898000000000401
499.061000000000402
499.218000000000402
499.382000000000402
499.522000000000402
499.662000000000402
501.993000000000404
508.28000000000041
521.901000000000422
522.349000000000422
529.438000000000429
574.288000000000468
574.775000000000469
609.3270000000005
634.316000000000522
764.738000000000638
764.773000000000638
764.843000000000638
764.980000000000638
765.052000000000638
779.970000000000651
780.156000000000651
780.329000000000651
780.466000000000652
792.093000000000662
795.627000000000665
797.565000000000667
797.697000000000667
797.835000000000667
797.975000000000667
798.121000000000667
798.273000000000667
798.429000000000668
798.590000000000668
798.753000000000668
798.895000000000668
800.85600000000067
801.23700000000067
802.600000000000671
802.735000000000671
804.669000000000673
804.853000000000673
805.069000000000673
805.091000000000673
805.435000000000674
805.738000000000674
806.221000000000674
806.546000000000675
892.799000000000751
892.929000000000751
893.062000000000752
893.185000000000752
893.979000000000752
894.067000000000752
894.185000000000752
894.303000000000753
895.093000000000753
895.218000000000753
895.369000000000754
895.514000000000754
896.869000000000755
897.109000000000755
897.229000000000755
897.356000000000755
897.500000000000755
897.649000000000756
897.810000000000756
897.959000000000756
898.045000000000756
898.139000000000756
898.244000000000756
898.312000000000756
898.481000000000756
898.661000000000756
898.832000000000757
899.321000000000757
899.542000000000757
899.720000000000757
899.892000000000758
900.055000000000758
900.513000000000758
900.639000000000758
900.801000000000758
900.899000000000758
900.983000000000758
901.077000000000759
901.159000000000759
901.173000000000759
901.361000000000759
901.544000000000759
901.753000000000759
901.942000000000759
902.15000000000076
902.34300000000076
902.45000000000076
902.52800000000076
902.66700000000076
902.76100000000076
902.97900000000076
903.10000000000076
903.188000000000761
903.366000000000761
903.501000000000761
903.834000000000761
903.969000000000761
904.055000000000761
904.227000000000761
904.510000000000762
904.687000000000762
904.930000000000762
905.080000000000762
905.176000000000762
905.317000000000762
905.393000000000762
905.831000000000763
906.011000000000763
906.136000000000763
906.261000000000763
906.388000000000763
906.489000000000763
906.668000000000764
906.821000000000764
906.924000000000764
913.72600000000077
913.94600000000077
914.25200000000077
914.35000000000077
914.472000000000771
914.577000000000771
914.692000000000771
914.823000000000771
914.978000000000771
915.153000000000771
915.300000000000771
915.444000000000771
915.649000000000772
916.132000000000772
916.195000000000772
916.656000000000772
916.763000000000773
916.922000000000773
917.088000000000773
917.214000000000773
917.601000000000773
917.754000000000773
918.726000000000774
918.890000000000774
919.081000000000775
919.259000000000775
919.431000000000775
919.608000000000775
919.778000000000775
919.966000000000775
920.161000000000776
920.341000000000776
920.615000000000776
920.792000000000776
920.996000000000776
921.157000000000776
921.350000000000777
921.522000000000777
921.713000000000777
921.893000000000777
922.055000000000777
922.220000000000777
922.405000000000778
922.540000000000778
922.647000000000778
922.816000000000778
922.946000000000778
923.093000000000778
923.171000000000778
923.366000000000778
923.562000000000779
923.741000000000779
923.920000000000779
924.096000000000779
924.217000000000779
924.53600000000078
924.70700000000078
925.53900000000078
925.70000000000078
925.783000000000781
925.908000000000781
926.114000000000781
926.284000000000781
926.469000000000781
926.697000000000781
926.942000000000782
927.138000000000782
927.331000000000782
927.927000000000782
928.263000000000783
928.388000000000783
928.551000000000783
928.655000000000783
928.770000000000783
928.810000000000783
928.937000000000783
929.099000000000784
929.478000000000784
929.568000000000784
929.888000000000784
930.001000000000784
930.125000000000784
930.349000000000785
930.529000000000785
930.693000000000785
930.802000000000785
930.831000000000785
931.121000000000785
931.222000000000785
931.487000000000786
931.579000000000786
931.786000000000786
932.309000000000786
932.358000000000786
932.929000000000787
933.272000000000787
933.380000000000787
933.469000000000787
933.597000000000788
933.783000000000788
934.088000000000788
934.163000000000788
934.879000000000789
935.254000000000789
935.319000000000789
935.401000000000789
935.599000000000789
936.80200000000079
936.96800000000079
940.076000000000793
940.508000000000794
940.606000000000794
940.699000000000794
940.768000000000794
940.874000000000794
940.926000000000794
941.029000000000794
941.486000000000795
941.558000000000795
941.758000000000795
941.844000000000795
941.930000000000795
942.084000000000795
942.182000000000795
942.215000000000795
942.266000000000795
942.465000000000795
942.659000000000796
942.767000000000796
942.931000000000796
943.004000000000796
943.086000000000796
943.193000000000796
943.298000000000796
943.425000000000796
943.518000000000796
943.711000000000796
943.811000000000797
943.889000000000797
944.062000000000797
944.302000000000797
944.502000000000797
944.672000000000797
944.762000000000797
944.861000000000798
945.053000000000798
945.220000000000798
945.378000000000798
945.506000000000798
945.681000000000798
945.838000000000798
946.005000000000799
946.938000000000799
947.0680000000008
947.2150000000008
947.3590000000008
947.4870000000008
947.6040000000008
947.7360000000008
947.8810000000008
948.0430000000008
948.1910000000008
948.351000000000801
948.877000000000801
949.015000000000801
949.158000000000801
949.295000000000801
949.457000000000802
949.588000000000802
949.757000000000802
949.926000000000802
950.051000000000802
950.231000000000802
950.388000000000802
950.552000000000803
950.724000000000803
951.245000000000803
951.380000000000803
951.558000000000803
951.709000000000804
951.857000000000804
952.013000000000804
952.182000000000804
952.329000000000804
952.473000000000804
952.641000000000804
952.795000000000805
952.941000000000805
953.090000000000805
953.272000000000805
953.453000000000805
953.577000000000805
953.756000000000805
953.937000000000806
954.063000000000806
954.242000000000806
954.411000000000806
954.560000000000806
954.697000000000806
954.838000000000806
954.995000000000806
955.137000000000807
955.557000000000807
955.678000000000807
955.841000000000807
956.005000000000807
956.167000000000808
956.326000000000808
956.482000000000808
956.662000000000808
956.781000000000808
956.967000000000808
957.092000000000808
957.262000000000808
957.436000000000809
957.588000000000809
957.876000000000809
958.013000000000809
958.154000000000809
958.346000000000809
958.49800000000081
958.62800000000081
958.79600000000081
958.93300000000081
959.25100000000081
959.42700000000081
959.588000000000811
959.771000000000811
959.914000000000811
960.057000000000811
960.232000000000811
960.382000000000811
960.536000000000812
960.705000000000812
960.829000000000812
960.999000000000812
961.153000000000812
961.331000000000812
961.489000000000812
961.622000000000812
961.791000000000813
961.940000000000813
962.127000000000813
962.259000000000813
962.431000000000813
962.609000000000813
962.773000000000813
962.953000000000814
963.103000000000814
963.247000000000814
963.425000000000814
963.564000000000814
963.745000000000814
963.885000000000814
964.070000000000815
964.196000000000815
964.373000000000815
964.512000000000815
964.833000000000815
964.988000000000815
965.121000000000816
965.312000000000816
965.439000000000816
965.626000000000816
966.053000000000816
966.168000000000816
966.308000000000817
966.460000000000817
966.596000000000817
966.771000000000817
966.913000000000817
967.099000000000817
967.235000000000817
967.400000000000818
967.584000000000818
967.726000000000818
967.893000000000818
968.031000000000818
968.209000000000818
968.372000000000818
968.543000000000819
968.710000000000819
968.866000000000819
969.014000000000819
969.156000000000819
969.342000000000819
969.471000000000819
969.79300000000082
969.95400000000082
970.11900000000082
970.25600000000082
970.43700000000082
970.57600000000082
970.77300000000082
970.911000000000821
971.070000000000821
971.375000000000821
971.501000000000821
971.857000000000822
971.986000000000822
972.131000000000822
972.276000000000822
972.441000000000822
972.605000000000822
972.752000000000822
973.205000000000823
973.370000000000823
973.528000000000823
973.697000000000823
973.840000000000823
974.001000000000823
974.164000000000824
974.309000000000824
974.476000000000824
974.620000000000824
974.800000000000824
974.931000000000824
975.091000000000824
1169.148000000001
1169.230000000001
1177.872000000001
1178.031000000001
3069.22499999988931
3069.78699999988924
3069.89199999988923
3070.03499999988922
3070.13299999988921
3070.25599999988919
3070.34999999988918
3096.69399999988628
3096.88399999988626
3097.01499999988624
3097.21699999988622
3097.3819999998862
3097.59399999988618
3097.80599999988616
3097.98799999988614
3098.12199999988612
3098.3139999998861
3098.45499999988609
3098.64999999988606
3098.82699999988605
3098.98399999988603
3099.32399999988599
3100.25199999988589
3100.41799999988587
3100.58599999988585
3100.77199999988583
3100.95299999988581
3101.29199999988577
3101.61699999988574
3101.80699999988572
3102.01099999988569
3102.19999999988567
3102.38399999988565
3102.53199999988564
3103.03299999988558
3103.22499999988556
3103.40699999988554
3103.53599999988553
3103.92499999988548
3104.12099999988546
3104.27099999988545
3104.47599999988542
3104.6689999998854
3104.83199999988538
3105.03699999988536
3105.17999999988535
3105.50599999988531
3105.71799999988529
3105.84799999988527
3106.05699999988525
3106.26899999988523
3106.4689999998852
3106.60499999988519
3106.79699999988517
3106.99799999988515
3107.18499999988512
3107.3749999998851
3107.57899999988508
3107.77599999988506
3107.90999999988504
3108.09699999988502
3108.296999999885
3108.46399999988498
3108.60099999988497
3108.73099999988495
3108.92899999988493
3109.13199999988491
3109.34999999988489
3109.54199999988486
3109.73399999988484
3109.94199999988482
3110.1499999998848
3110.35999999988478
3110.55999999988475
3110.75799999988473
3110.97799999988471
3111.19399999988468
3111.37999999988466
3111.56499999988464
3111.74899999988462
3111.9619999998846
3112.68899999988452
3112.80799999988451
3112.97699999988449
3113.28499999988445
3113.43799999988444
3113.7629999998844
3113.95899999988438
3114.15799999988436
3114.29199999988434
3114.72199999988429
3114.85499999988428
3115.06999999988426
3115.20799999988424
3115.40299999988422
3115.53099999988421
3115.74199999988418
3115.88099999988417
3116.05399999988415
3117.31199999988401
3117.435999999884
3117.74399999988396
3118.08299999988392
3118.42099999988389
3118.59599999988387
3118.77999999988385
3118.96499999988383
3119.14399999988381
3119.46199999988377
3119.65899999988375
3119.79599999988374
3119.98399999988372
3121.43399999988356
3121.59599999988354
3121.87299999988351
3122.03899999988349
3122.22799999988347
3122.36099999988345
3122.70099999988342
3123.05999999988338
3123.22499999988336
3123.39599999988334
3123.58599999988332
3123.7599999998833
3123.94199999988328
3124.07799999988326
3124.26699999988324
3124.41199999988323
3124.6259999998832
3124.79999999988318
3124.97799999988317
3125.89099999988306
3126.05799999988305
3126.38099999988301
3126.54799999988299
3126.72899999988297
3126.91399999988295
3127.06299999988294
3127.26599999988291
3127.3939999998829
3127.59599999988288
3127.76799999988286
3127.94499999988284
3129.14499999988271
3129.29999999988269
3129.48599999988267
3129.62199999988265
3129.81099999988263
3129.94199999988262
3130.1369999998826
3130.27799999988258
3130.46699999988256
3130.67399999988254
3130.84299999988252
3131.0439999998825
3131.20899999988248
3131.38999999988246
3131.52599999988244
3131.71499999988242
3131.9129999998824
3132.04599999988239
3132.18299999988237
3132.36299999988235
3132.69599999988232
3132.89399999988229
3133.03499999988228
3133.23899999988226
3133.40299999988224
3133.59699999988222
3133.7299999998822
3133.91099999988218
3134.09899999988216
3134.24799999988214
3134.44099999988212
3134.6309999998821
3134.81399999988208
3134.94499999988207
3135.13099999988205
3135.26399999988203
3135.45099999988201
3135.61899999988199
3135.80699999988197
3135.93099999988196
3136.10699999988194
3136.26799999988192
3136.5009999998819
3136.63299999988188
3136.81199999988186
3136.94599999988185
3137.11699999988183
3137.31999999988181
3137.49299999988179
3137.66199999988177
3137.84899999988175
3138.03499999988173
3138.22599999988171
3138.39199999988169
3138.57599999988167
3138.96199999988162
3139.09199999988161
3139.26699999988159
3139.45899999988157
3139.66099999988155
3139.83699999988153
3139.94799999988152
3140.03899999988151
3140.19999999988149
3140.37199999988147
3140.59099999988145
3140.78999999988142
3140.88199999988141
3141.0359999998814
3141.23199999988138
3141.48199999988135
3141.67199999988133
3141.78199999988131
3141.86599999988131
3141.97599999988129
3142.10399999988128
3142.33999999988125
3142.55399999988123
3142.68599999988122
3142.88399999988119
3143.49299999988113
3143.63599999988111
3143.83399999988109
3143.92199999988108
3144.01899999988107
3144.16199999988105
3144.23699999988104
3144.34999999988103
3145.59899999988089
3145.71999999988088
3145.83699999988087
3145.91199999988086
3145.98599999988085
3146.11499999988084
3146.30799999988082
3146.4099999998808
3146.52799999988079
3146.65099999988078
3146.91699999988075
3147.03699999988074
3147.80499999988065
3147.90399999988064
3147.97599999988063
3148.15399999988061
3148.33399999988059
3148.45299999988058
3148.56299999988057
3148.68199999988055
3148.79299999988054
3148.90699999988053
3148.99499999988052
3149.12199999988051
3149.49099999988047
3149.61699999988045
3149.86699999988042
3150.00999999988041
3150.02599999988041
3150.27599999988038
3150.49599999988035
3150.61999999988034
3150.73299999988033
3150.9489999998803
3151.13699999988028
3151.33299999988026
3151.49699999988024
3151.64799999988023
3151.83399999988021
3152.54299999988013
3152.67499999988011
3152.97899999988008
3153.24499999988005
3153.38499999988004
3153.56199999988002
3153.73599999988
3153.88599999987998
3154.04399999987996
3154.21699999987994
3154.35699999987993
3154.51399999987991
3154.6459999998799
3154.82599999987988
3155.00399999987986
3155.15499999987984
3155.33399999987982
3155.46599999987981
3156.29399999987972
3156.4079999998797
3156.57499999987969
3156.74199999987967
3156.92699999987965
3157.12099999987963
3157.22999999987961
3157.55199999987958
3157.74899999987956
3157.88599999987954
3158.2329999998795
3158.42099999987948
3158.58899999987946
3158.76299999987944
3158.95699999987942
3159.11199999987941
3159.25699999987939
3159.43599999987937
3159.63499999987935
3159.76299999987933
3159.94199999987931
3160.0939999998793
3160.26499999987928
3160.39299999987926
3160.57399999987924
3160.73499999987923
3160.91399999987921
3161.04699999987919
3161.23599999987917
3161.37999999987916
3161.51099999987914
3161.69099999987912
3161.8799999998791
3162.07199999987908
3162.38499999987905
3162.55599999987903
3162.68599999987901
3162.87799999987899
3163.00999999987898
3163.16599999987896
3163.33599999987894
3163.50599999987892
3163.64399999987891
3163.78299999987889
3163.98899999987887
3164.10999999987886
3164.26599999987884
3164.44799999987882
3164.77999999987878
3164.93299999987876
3165.09299999987875
3165.5449999998787
3165.73399999987868
3165.87799999987866
3166.05299999987864
3166.24299999987862
3166.36199999987861
3166.53999999987859
3166.69699999987857
3166.89199999987855
3167.01699999987854
3167.18199999987852
3167.3119999998785
3167.48299999987848
3167.63499999987847
3167.81299999987845
3167.98099999987843
3168.13699999987841
3168.48199999987837
3168.63099999987836
3168.80599999987834
3168.95699999987832
3169.09299999987831
3170.81399999987812
3170.9449999998781
3171.09999999987809
3171.25099999987807
3171.42199999987805
3171.56399999987803
3171.74099999987802
3171.891999999878
3172.08299999987798
3172.21399999987796
3172.40799999987794
3172.54799999987793
3172.7469999998779
3172.89399999987789
3173.08499999987787
3173.26599999987785
3173.42699999987783
3173.60499999987781
3173.78999999987779
3174.10899999987775
3174.29399999987773
3174.43299999987772
3174.6199999998777
-4
35.2989999999999897
35.5279999999999899
35.66899999999999
35.9109999999999902
36.1939999999999905
36.4649999999999907
36.5969999999999909
36.742999999999991
36.9089999999999911
37.4309999999999916
37.836999999999992
38.1079999999999922
38.4009999999999925
38.5509999999999926
39.2189999999999932
39.3829999999999933
39.5409999999999935
39.6929999999999936
39.8439999999999937
39.9819999999999939
40.154999999999994
40.2799999999999941
40.4399999999999943
40.5689999999999944
40.7569999999999946
40.8859999999999947
41.0649999999999948
41.8139999999999955
41.9839999999999956
42.2639999999999959
42.397999999999996
42.5749999999999962
42.8989999999999965
43.2129999999999967
43.516999999999997
43.6909999999999972
43.8439999999999973
44.0279999999999975
44.2029999999999976
44.3339999999999977
44.5229999999999979
44.681999999999998
44.8609999999999982
44.9989999999999983
45.1789999999999985
45.3239999999999986
45.5119999999999988
45.6649999999999989
45.791999999999999
45.9779999999999992
46.1429999999999993
46.3279999999999995
46.4799999999999996
46.6679999999999998
46.8089999999999999
46.9920000000000001
47.1350000000000002
47.3170000000000004
47.4580000000000005
47.6450000000000007
47.8110000000000008
47.978000000000001
48.1220000000000011
48.3130000000000013
48.4930000000000014
48.6470000000000016
48.8440000000000017
48.9820000000000019
50.242000000000003
50.5560000000000033
50.7010000000000034
50.9080000000000036
51.0670000000000037
51.2520000000000039
51.432000000000004
51.6040000000000042
51.7800000000000043
51.9520000000000045
52.0890000000000046
53.0700000000000055
53.4380000000000058
53.597000000000006
53.7740000000000061
53.9460000000000063
54.1270000000000064
54.3070000000000066
54.4860000000000067
54.6500000000000069
54.805000000000007
55.0000000000000072
55.1300000000000073
55.3300000000000075
55.4810000000000076
55.6630000000000078
55.842000000000008
56.0050000000000081
56.1610000000000082
56.3190000000000084
56.4970000000000085
56.6450000000000087
56.8360000000000088
56.991000000000009
57.1770000000000091
57.3390000000000093
57.5040000000000094
57.6950000000000096
57.8540000000000097
58.0330000000000099
58.17900000000001
58.3410000000000102
58.5090000000000103
58.6510000000000104
58.8500000000000106
58.9970000000000108
59.1880000000000109
59.3780000000000111
59.5420000000000112
59.6930000000000114
59.8890000000000115
60.0560000000000117
60.2330000000000118
60.383000000000012
60.5740000000000122
60.7080000000000123
61.0270000000000126
61.2110000000000127
61.3880000000000129
61.576000000000013
61.7060000000000132
61.9170000000000133
62.0460000000000135
62.2500000000000136
62.4140000000000138
62.5900000000000139
62.7540000000000141
62.9020000000000142
63.0960000000000144
63.2690000000000145
63.4600000000000147
63.6160000000000149
63.817000000000015
64.1510000000000153
64.2920000000000155
64.7640000000000159
64.899000000000016
67.7620000000000185
67.9080000000000187
68.0580000000000188
68.2170000000000189
68.3880000000000191
68.5630000000000192
68.7410000000000194
68.9080000000000196
69.0840000000000197
69.2430000000000199
69.41600000000002
69.5740000000000201
69.7420000000000203
69.8780000000000204
70.0580000000000206
70.2380000000000207
70.4120000000000209
70.579000000000021
70.7540000000000212
70.9110000000000213
71.0710000000000215
71.2500000000000216
71.4310000000000218
71.5990000000000219
71.7750000000000221
71.9300000000000222
72.0580000000000224
72.2520000000000225
72.4120000000000227
72.6070000000000228
72.749000000000023
72.9520000000000232
73.1340000000000233
73.2930000000000234
73.4290000000000236
73.6350000000000238
73.7900000000000239
74.0010000000000241
74.1390000000000242
74.3380000000000244
74.6610000000000247
74.7950000000000248
74.998000000000025
75.1480000000000251
75.3450000000000253
75.5080000000000254
75.6940000000000256
75.8570000000000257
76.0500000000000259
76.185000000000026
76.3450000000000262
76.5200000000000263
76.6910000000000265
76.8610000000000266
77.0370000000000268
77.2090000000000269
77.3680000000000271
77.5540000000000272
77.7200000000000274
77.8990000000000275
78.0670000000000277
78.2560000000000279
78.419000000000028
78.5850000000000282
78.7400000000000283
78.8840000000000284
79.1770000000000287
79.3310000000000288
79.502000000000029
79.6650000000000291
79.8420000000000293
79.9870000000000294
80.9200000000000302
81.0770000000000304
81.2400000000000305
81.4010000000000306
81.5750000000000308
81.745000000000031
81.9230000000000311
82.0970000000000313
82.2650000000000314
82.4230000000000316
82.5770000000000317
82.7320000000000318
82.893000000000032
83.6680000000000327
83.8370000000000328
84.022000000000033
84.2040000000000331
84.3520000000000333
84.5540000000000335
84.7150000000000336
84.8960000000000338
85.0430000000000339
85.2460000000000341
85.4020000000000342
85.6070000000000344
85.7880000000000346
85.9610000000000347
86.1300000000000348
86.313000000000035
86.4640000000000352
86.6680000000000353
86.8290000000000355
87.0300000000000356
87.1830000000000358
87.375000000000036
87.5170000000000361
87.7090000000000363
87.8780000000000364
88.0610000000000366
102.6160000000000495
102.6560000000000495
102.7000000000000496
116.8850000000000622
128.547000000000073
129.196000000000073
139.651000000000082
152.370000000000094
160.112000000000101
268.331000000000197
272.3170000000002
278.479000000000206
302.716000000000227
304.358000000000229
304.901000000000229
434.460000000000344
434.480000000000344
434.502000000000344
441.04200000000035
442.313000000000351
442.653000000000351
442.857000000000352
443.170000000000352
443.519000000000352
443.737000000000352
443.798000000000352
444.037000000000353
444.129000000000353
444.378000000000353
444.474000000000353
444.698000000000353
444.799000000000353
444.978000000000354
445.979000000000354
446.643000000000355
447.342000000000356
447.523000000000356
448.394000000000357
448.721000000000357
449.381000000000357
449.554000000000358
449.825000000000358
449.873000000000358
450.022000000000358
450.179000000000358
450.326000000000358
450.508000000000358
450.702000000000359
450.890000000000359
451.009000000000359
451.267000000000359
451.396000000000359
451.628000000000359
451.73200000000036
452.35200000000036
452.38800000000036
452.57600000000036
452.73200000000036
452.910000000000361
453.102000000000361
453.252000000000361
454.213000000000362
454.700000000000362
454.875000000000362
455.215000000000363
455.347000000000363
456.351000000000364
456.529000000000364
456.695000000000364
456.858000000000364
456.999000000000364
457.180000000000364
457.339000000000365
457.532000000000365
457.722000000000365
457.864000000000365
458.052000000000365
458.203000000000365
458.401000000000365
458.581000000000366
458.761000000000366
458.960000000000366
459.069000000000366
459.262000000000366
459.422000000000366
459.622000000000367
459.732000000000367
459.942000000000367
460.066000000000367
460.283000000000367
460.390000000000367
460.613000000000367
460.804000000000368
460.905000000000368
461.123000000000368
461.229000000000368
461.482000000000368
461.648000000000368
461.916000000000369
462.107000000000369
462.225000000000369
462.360000000000369
462.603000000000369
462.714000000000369
462.94600000000037
463.12600000000037
463.28500000000037
463.51200000000037
463.61300000000037
463.84800000000037
463.98000000000037
464.169000000000371
464.349000000000371
465.215000000000372
465.291000000000372
465.614000000000372
465.773000000000372
465.895000000000372
466.041000000000372
466.233000000000372
466.373000000000373
466.495000000000373
466.671000000000373
466.792000000000373
466.987000000000373
467.133000000000373
467.354000000000373
467.477000000000374
467.695000000000374
467.834000000000374
468.033000000000374
468.131000000000374
468.275000000000374
469.257000000000375
469.334000000000375
469.538000000000375
469.736000000000376
469.917000000000376
470.075000000000376
470.183000000000376
470.397000000000376
470.535000000000376
470.716000000000376
470.892000000000377
471.052000000000377
471.258000000000377
471.386000000000377
471.581000000000377
471.754000000000377
471.939000000000378
472.101000000000378
472.289000000000378
472.455000000000378
472.604000000000378
472.787000000000378
472.943000000000378
473.081000000000378
473.190000000000379
473.341000000000379
473.526000000000379
473.708000000000379
473.900000000000379
474.093000000000379
474.25600000000038
474.56200000000038
475.00100000000038
475.15800000000038
475.29700000000038
475.471000000000381
475.638000000000381
475.805000000000381
475.954000000000381
476.120000000000381
476.265000000000381
476.445000000000382
476.597000000000382
476.769000000000382
476.935000000000382
477.102000000000382
477.282000000000382
477.394000000000382
477.559000000000382
477.726000000000383
477.884000000000383
478.044000000000383
478.196000000000383
478.387000000000383
478.541000000000383
478.719000000000384
478.850000000000384
479.036000000000384
479.192000000000384
479.346000000000384
479.532000000000384
479.708000000000384
479.851000000000385
480.037000000000385
480.199000000000385
480.358000000000385
480.484000000000385
480.644000000000385
480.808000000000385
480.972000000000386
481.136000000000386
481.292000000000386
481.451000000000386
481.629000000000386
481.800000000000386
481.959000000000386
482.130000000000387
482.311000000000387
482.474000000000387
482.650000000000387
482.797000000000387
482.962000000000387
483.146000000000387
483.312000000000388
483.471000000000388
483.628000000000388
483.798000000000388
483.967000000000388
484.130000000000388
484.297000000000388
484.465000000000389
484.633000000000389
484.814000000000389
484.950000000000389
485.134000000000389
485.290000000000389
485.45000000000039
485.61600000000039
485.73000000000039
485.88600000000039
486.04700000000039
486.20800000000039
486.38500000000039
486.55100000000039
486.691000000000391
486.884000000000391
487.048000000000391
487.206000000000391
487.377000000000391
487.546000000000391
487.728000000000392
487.898000000000392
488.074000000000392
488.207000000000392
488.389000000000392
488.562000000000392
488.711000000000392
488.880000000000393
489.041000000000393
489.240000000000393
489.363000000000393
489.555000000000393
489.725000000000393
489.865000000000393
490.037000000000394
490.217000000000394
490.347000000000394
490.540000000000394
490.724000000000394
490.853000000000394
491.016000000000394
491.186000000000395
491.353000000000395
491.513000000000395
491.687000000000395
491.845000000000395
492.034000000000395
492.202000000000396
492.368000000000396
492.537000000000396
492.703000000000396
492.848000000000396
493.017000000000396
493.184000000000396
493.349000000000396
493.510000000000397
493.686000000000397
493.851000000000397
494.027000000000397
494.155000000000397
494.308000000000397
494.469000000000398
494.641000000000398
494.809000000000398
494.951000000000398
495.111000000000398
495.288000000000398
495.424000000000398
495.555000000000398
495.691000000000399
495.838000000000399
495.990000000000399
496.150000000000399
496.324000000000399
496.504000000000399
496.649000000000399
496.8040000000004
496.9730000000004
497.1490000000004
497.3220000000004
497.4850000000004
497.6310000000004
497.7990000000004
497.965000000000401
498.131000000000401
498.301000000000401
498.460000000000401
498.629000000000401
498.808000000000401
498.984000000000402
499.134000000000402
499.296000000000402
499.452000000000402
499.572000000000402
499.697000000000402
502.873000000000405
521.769000000000422
522.175000000000422
526.956000000000426
541.312000000000439
574.719000000000469
609.3130000000005
631.128000000000519
657.609000000000542
764.764000000000638
764.785000000000638
764.905000000000638
765.023000000000638
779.773000000000651
780.059000000000651
780.231000000000651
780.360000000000651
780.503000000000652
792.108000000000662
795.675000000000665
797.618000000000667
797.756000000000667
797.898000000000667
798.045000000000667
798.194000000000667
798.350000000000667
798.512000000000668
798.674000000000668
798.810000000000668
798.980000000000668
800.94600000000067
801.34000000000067
802.646000000000671
802.765000000000671
804.849000000000673
804.988000000000673
805.081000000000673
805.211000000000674
805.502000000000674
805.837000000000674
806.350000000000674
808.988000000000677
892.857000000000751
892.979000000000751
893.100000000000752
893.250000000000752
894.017000000000752
894.121000000000752
894.241000000000753
894.364000000000753
895.135000000000753
895.287000000000754
895.428000000000754
895.576000000000754
896.907000000000755
897.144000000000755
897.277000000000755
897.424000000000755
897.568000000000756
897.722000000000756
897.881000000000756
898.014000000000756
898.097000000000756
898.211000000000756
898.263000000000756
898.405000000000756
898.569000000000756
898.740000000000757
898.908000000000757
899.398000000000757
899.622000000000757
899.803000000000758
899.965000000000758
900.123000000000758
900.554000000000758
900.712000000000758
900.875000000000758
900.918000000000758
901.052000000000759
901.146000000000759
901.170000000000759
901.285000000000759
901.453000000000759
901.646000000000759
901.848000000000759
902.09100000000076
902.30000000000076
902.43700000000076
902.46500000000076
902.62400000000076
902.75400000000076
902.92700000000076
903.09800000000076
903.13800000000076
903.301000000000761
903.479000000000761
903.776000000000761
903.944000000000761
904.027000000000761
904.219000000000761
904.453000000000762
904.605000000000762
904.922000000000762
905.052000000000762
905.107000000000762
905.287000000000762
905.388000000000762
905.768000000000763
905.933000000000763
906.128000000000763
906.244000000000763
906.378000000000763
906.400000000000763
906.580000000000764
906.793000000000764
906.917000000000764
907.042000000000764
913.76500000000077
913.98900000000077
914.30400000000077
914.40600000000077
914.516000000000771
914.626000000000771
914.782000000000771
914.925000000000771
915.084000000000771
915.250000000000771
915.441000000000771
915.606000000000772
915.756000000000772
916.145000000000772
916.251000000000772
916.669000000000772
916.846000000000773
917.004000000000773
917.130000000000773
917.279000000000773
917.669000000000773
917.813000000000774
918.789000000000774
918.935000000000774
919.165000000000775
919.349000000000775
919.521000000000775
919.689000000000775
919.874000000000775
920.054000000000775
920.244000000000776
920.367000000000776
920.682000000000776
920.884000000000776
921.067000000000776
921.241000000000777
921.430000000000777
921.608000000000777
921.796000000000777
921.968000000000777
922.132000000000777
922.310000000000778
922.496000000000778
922.584000000000778
922.708000000000778
922.881000000000778
923.044000000000778
923.117000000000778
923.271000000000778
923.468000000000778
923.657000000000779
923.835000000000779
924.007000000000779
924.180000000000779
924.229000000000779
924.62600000000078
924.79400000000078
925.61300000000078
925.755000000000781
925.832000000000781
925.997000000000781
926.191000000000781
926.373000000000781
926.585000000000781
926.805000000000782
927.046000000000782
927.238000000000782
927.416000000000782
927.962000000000782
928.275000000000783
928.467000000000783
928.639000000000783
928.696000000000783
928.803000000000783
928.880000000000783
928.952000000000783
929.129000000000784
929.522000000000784
929.620000000000784
929.947000000000784
930.111000000000784
930.309000000000785
930.438000000000785
930.611000000000785
930.775000000000785
930.818000000000785
930.853000000000785
931.151000000000785
931.372000000000786
931.491000000000786
931.673000000000786
931.877000000000786
932.347000000000786
932.435000000000786
932.998000000000787
933.303000000000787
933.468000000000787
933.553000000000788
933.696000000000788
933.834000000000788
934.108000000000788
934.232000000000788
934.892000000000789
935.305000000000789
935.328000000000789
935.493000000000789
935.649000000000789
936.87600000000079
937.034000000000791
940.108000000000793
940.569000000000794
940.695000000000794
940.735000000000794
940.843000000000794
940.917000000000794
941.016000000000794
941.453000000000794
941.535000000000795
941.700000000000795
941.840000000000795
941.862000000000795
942.001000000000795
942.161000000000795
942.205000000000795
942.230000000000795
942.382000000000795
942.565000000000796
942.682000000000796
942.842000000000796
942.999000000000796
943.020000000000796
943.185000000000796
943.285000000000796
943.412000000000796
943.451000000000796
943.624000000000796
943.801000000000797
943.830000000000797
943.977000000000797
944.201000000000797
944.426000000000797
944.584000000000797
944.760000000000797
944.790000000000798
944.969000000000798
945.134000000000798
945.293000000000798
945.426000000000798
945.594000000000798
945.755000000000798
945.923000000000798
946.045000000000799
946.987000000000799
947.1320000000008
947.2730000000008
947.4030000000008
947.5020000000008
947.6290000000008
947.7990000000008
947.9550000000008
948.1050000000008
948.2690000000008
948.381000000000801
948.923000000000801
949.064000000000801
949.210000000000801
949.364000000000802
949.502000000000802
949.668000000000802
949.835000000000802
949.962000000000802
950.127000000000802
950.305000000000802
950.471000000000802
950.641000000000803
950.757000000000803
951.298000000000803
951.459000000000803
951.623000000000804
951.772000000000804
951.927000000000804
952.093000000000804
952.242000000000804
952.382000000000804
952.549000000000804
952.684000000000804
952.847000000000805
953.002000000000805
953.181000000000805
953.362000000000805
953.495000000000805
953.670000000000805
953.838000000000806
953.977000000000806
954.157000000000806
954.312000000000806
954.478000000000806
954.605000000000806
954.745000000000806
954.899000000000806
955.043000000000807
955.162000000000807
955.595000000000807
955.755000000000807
955.917000000000807
956.082000000000808
956.245000000000808
956.399000000000808
956.571000000000808
956.687000000000808
956.860000000000808
956.990000000000808
957.170000000000808
957.340000000000809
957.499000000000809
957.664000000000809
957.917000000000809
958.067000000000809
958.239000000000809
958.39800000000081
958.53000000000081
958.70700000000081
958.85000000000081
959.03500000000081
959.33800000000081
959.501000000000811
959.672000000000811
959.830000000000811
959.960000000000811
960.129000000000811
960.290000000000811
960.446000000000811
960.611000000000812
960.733000000000812
960.913000000000812
961.068000000000812
961.227000000000812
961.400000000000812
961.533000000000812
961.700000000000812
961.852000000000813
962.029000000000813
962.169000000000813
962.347000000000813
962.519000000000813
962.684000000000813
962.852000000000813
963.012000000000814
963.155000000000814
963.327000000000814
963.469000000000814
963.655000000000814
963.799000000000814
963.968000000000814
964.099000000000815
964.285000000000815
964.434000000000815
964.613000000000815
964.901000000000815
965.031000000000815
965.210000000000816
965.350000000000816
965.534000000000816
965.687000000000816
966.078000000000816
966.218000000000816
966.364000000000817
966.506000000000817
966.678000000000817
966.826000000000817
967.003000000000817
967.142000000000817
967.316000000000817
967.488000000000818
967.606000000000818
967.798000000000818
967.937000000000818
968.120000000000818
968.283000000000818
968.454000000000818
968.619000000000819
968.778000000000819
968.926000000000819
969.072000000000819
969.252000000000819
969.386000000000819
969.566000000000819
969.87200000000082
970.03600000000082
970.18000000000082
970.35100000000082
970.49400000000082
970.67800000000082
970.813000000000821
970.983000000000821
971.152000000000821
971.419000000000821
971.555000000000821
971.906000000000822
972.055000000000822
972.203000000000822
972.356000000000822
972.514000000000822
972.669000000000822
972.858000000000822
973.279000000000823
973.430000000000823
973.590000000000823
973.729000000000823
973.908000000000823
974.070000000000823
974.226000000000824
974.395000000000824
974.531000000000824
974.692000000000824
974.843000000000824
975.007000000000824
1005.250000000000851
1169.177000000001
1169.267000000001
1177.887000000001
1178.066000000001
3069.2479999998893
3069.80799999988924
3069.94699999988923
3070.04699999988922
3070.1719999998892
3070.29399999988919
3096.57899999988629
3096.77199999988627
3096.89799999988626
3097.10599999988624
3097.27599999988622
3097.48699999988619
3097.69299999988617
3097.88699999988615
3098.01499999988613
3098.20999999988611
3098.3449999998861
3098.53999999988608
3098.72099999988606
3098.87899999988604
3099.06999999988602
3099.33599999988599
3100.31699999988588
3100.48699999988586
3100.66099999988584
3100.84499999988582
3101.0459999998858
3101.37899999988576
3101.70399999988573
3101.90499999988571
3102.08999999988569
3102.26499999988567
3102.41699999988565
3102.61899999988563
3103.10899999988557
3103.29699999988555
3103.42399999988554
3103.62699999988552
3104.01199999988547
3104.15999999988546
3104.36699999988544
3104.56599999988541
3104.7319999998854
3104.93099999988537
3105.06099999988536
3105.25799999988534
3105.6089999998853
3105.73099999988528
3105.94399999988526
3106.15799999988524
3106.35199999988522
3106.4999999998852
3106.69699999988518
3106.89299999988516
3107.06799999988514
3107.27599999988511
3107.47599999988509
3107.68399999988507
3107.82099999988505
3107.99499999988504
3108.18299999988502
3108.36699999988499
3108.48699999988498
3108.62199999988497
3108.83099999988494
3109.03099999988492
3109.2189999998849
3109.43199999988488
3109.63199999988486
3109.81399999988484
3110.04899999988481
3110.24799999988479
3110.44399999988477
3110.64799999988474
3110.85999999988472
3111.0769999998847
3111.27099999988467
3111.45799999988465
3111.63899999988463
3111.84099999988461
3111.99799999988459
3112.72499999988451
3112.8799999998845
3113.04699999988448
3113.33199999988445
3113.52199999988443
3113.85099999988439
3114.03899999988437
3114.18499999988435
3114.37299999988433
3114.75299999988429
3114.94199999988427
3115.10299999988425
3115.29099999988423
3115.43099999988422
3115.6219999998842
3115.76699999988418
3115.95699999988416
3116.07699999988415
3117.34499999988401
3117.50799999988399
3117.81899999988395
3118.13999999988392
3118.47599999988388
3118.64499999988386
3118.83299999988384
3119.03099999988382
3119.2299999998838
3119.54499999988376
3119.68199999988375
3119.88799999988373
3120.06399999988371
3121.49399999988355
3121.64799999988353
3121.9389999998835
3122.11299999988348
3122.26299999988346
3122.45399999988344
3122.75499999988341
3123.12299999988337
3123.30099999988335
3123.48299999988333
3123.63899999988331
3123.83299999988329
3123.96599999988328
3124.16399999988326
3124.30699999988324
3124.50399999988322
3124.7029999998832
3124.88799999988318
3125.00899999988316
3125.95899999988306
3126.13599999988304
3126.440999999883
3126.61199999988299
3126.80899999988296
3126.96399999988295
3127.15899999988292
3127.28199999988291
3127.48299999988289
3127.64699999988287
3127.83599999988285
3128.04299999988283
3129.2099999998827
3129.37499999988268
3129.51799999988266
3129.69599999988265
3129.82599999988263
3130.02299999988261
3130.16499999988259
3130.36699999988257
3130.55799999988255
3130.73299999988253
3130.93299999988251
3131.09199999988249
3131.29199999988247
3131.42399999988246
3131.61599999988243
3131.81199999988241
3131.9539999998824
3132.07499999988238
3132.26699999988236
3132.45999999988234
3132.78299999988231
3132.92599999988229
3133.13499999988227
3133.30199999988225
3133.48999999988223
3133.62799999988221
3133.80499999988219
3133.99999999988217
3134.15199999988215
3134.33799999988213
3134.53699999988211
3134.71799999988209
3134.83799999988208
3135.03399999988206
3135.16299999988204
3135.35899999988202
3135.521999999882
3135.69999999988198
3135.82199999988197
3136.00799999988195
3136.17499999988193
3136.36799999988191
3136.52199999988189
3136.72299999988187
3136.84299999988186
3137.01699999988184
3137.20099999988182
3137.4069999998818
3137.57399999988178
3137.75599999988176
3137.94099999988174
3138.13199999988172
3138.3059999998817
3138.48099999988168
3138.66699999988166
3138.99799999988162
3139.1759999998816
3139.35799999988158
3139.55099999988156
3139.74199999988154
3139.93599999988152
3139.96799999988151
3140.1089999998815
3140.28099999988148
3140.46599999988146
3140.68399999988144
3140.87099999988142
3140.92999999988141
3141.12499999988139
3141.40799999988136
3141.57399999988134
3141.75399999988132
3141.80999999988131
3141.9559999998813
3142.04899999988129
3142.26299999988126
3142.43199999988124
3142.59999999988122
3142.76199999988121
3142.94599999988119
3143.54099999988112
3143.7129999998811
3143.90999999988108
3143.93999999988108
3144.11899999988106
3144.17899999988105
3144.34099999988103
3144.38599999988103
3145.63799999988089
3145.79699999988087
3145.85499999988087
3145.98499999988085
3146.06199999988084
3146.21399999988083
3146.40699999988081
3146.4699999998808
3146.62099999988078
3146.90599999988075
3146.94299999988075
3147.12499999988073
3147.87699999988064
3147.93799999988064
3148.10899999988062
3148.2489999998806
3148.42399999988058
3148.50199999988057
3148.66699999988056
3148.72799999988055
3148.88699999988053
3148.98699999988052
3149.11599999988051
3149.43899999988047
3149.61399999988045
3149.85899999988042
3149.95599999988041
3150.02299999988041
3150.19899999988039
3150.38999999988037
3150.59299999988034
3150.66699999988034
3150.83399999988032
3151.0319999998803
3151.21899999988028
3151.38799999988026
3151.54999999988024
3151.73199999988022
3151.8599999998802
3152.59799999988012
3152.74299999988011
3152.99899999988008
3153.26799999988005
3153.46199999988003
3153.63399999988001
3153.77899999987999
3153.93099999987998
3154.12399999987996
3154.25999999987994
3154.41299999987992
3154.54799999987991
3154.72899999987989
3154.90599999987987
3155.05899999987985
3155.23999999987983
3155.35899999987982
3155.48399999987981
3156.32999999987971
3156.4809999998797
3156.65299999987968
3156.83799999987966
3157.01899999987964
3157.13999999987962
3157.3149999998796
3157.64099999987957
3157.78799999987955
3157.97099999987953
3158.32399999987949
3158.49299999987947
3158.66899999987945
3158.85399999987943
3159.01299999987942
3159.1579999998794
3159.34099999987938
3159.53899999987936
3159.65699999987935
3159.84699999987932
3159.97899999987931
3160.16899999987929
3160.29299999987928
3160.47699999987926
3160.63999999987924
3160.81499999987922
3160.9589999998792
3161.13599999987918
3161.28299999987917
3161.41499999987915
3161.59999999987913
3161.78299999987911
3161.98199999987909
3162.16199999987907
3162.46399999987904
3162.59499999987902
3162.776999999879
3162.89899999987899
3163.07299999987897
3163.24299999987895
3163.41999999987893
3163.54899999987892
3163.6759999998789
3163.87499999987888
3164.01099999987887
3164.17699999987885
3164.35899999987883
3164.54699999987881
3164.82499999987878
3164.98899999987876
3165.18099999987874
3165.62599999987869
3165.75999999987867
3165.94799999987865
3166.13599999987863
3166.25899999987862
3166.4409999998786
3166.60599999987858
3166.79399999987856
3166.92299999987855
3167.08999999987853
3167.21699999987851
3167.39299999987849
3167.54099999987848
3167.71599999987846
3167.85499999987844
3168.03299999987842
3168.2399999998784
3168.53399999987837
3168.71599999987835
3168.86499999987833
3169.00499999987832
3169.1199999998783
3170.83299999987812
3170.9969999998781
3171.14199999987808
3171.31799999987806
3171.46899999987804
3171.63799999987803
3171.79799999987801
3171.97399999987799
3172.10799999987797
3172.29799999987795
3172.45399999987794
3172.64099999987792
3172.7949999998779
3172.98099999987788
3173.16499999987786
3173.33599999987784
3173.51499999987782
3173.6989999998778
3173.88999999987778
3174.19999999987774
3174.33899999987773
3174.53099999987771
3221.35199999987255
0
0
0
0
0
0
0
0
0
0
0
0
0
3600.00099999983085
0
0
0
0
0
0
