2
22
19
2
22
19
IPP3.12
sacch1
0
4
11
25
33
12
26
23
22
4
.3
1
1081
1081
1
411
411
1
1
1
1
1
1
1
1
1
1
1
1
1
1
1
1
1
1
1
1
1080
-1
90.0520000000000383
91.0290000000000392
91.1430000000000393
92.1570000000000402
93.7510000000000416
95.1710000000000429
95.8790000000000435
96.4940000000000441
98.0240000000000454
99.0990000000000464
102.4990000000000494
102.6420000000000495
103.9300000000000507
104.319000000000051
104.4520000000000511
104.7750000000000514
106.0380000000000525
106.1800000000000527
106.6390000000000531
107.5470000000000539
108.2630000000000545
108.5960000000000548
109.6440000000000557
109.8030000000000559
111.058000000000057
111.2070000000000571
111.3970000000000573
111.5460000000000574
114.2980000000000599
114.48000000000006
114.6050000000000601
116.1510000000000615
116.3190000000000617
116.4960000000000618
116.8290000000000621
121.4600000000000662
234.105000000000166
234.241000000000166
235.091000000000167
235.358000000000167
235.490000000000168
235.639000000000168
236.214000000000168
236.854000000000169
236.998000000000169
237.157000000000169
237.80500000000017
237.95100000000017
238.10600000000017
238.27000000000017
238.52800000000017
238.67500000000017
238.82700000000017
238.992000000000171
239.139000000000171
239.321000000000171
239.610000000000171
239.902000000000171
240.044000000000172
240.196000000000172
240.372000000000172
240.545000000000172
240.709000000000172
240.891000000000172
241.186000000000173
243.296000000000174
243.443000000000175
243.608000000000175
243.770000000000175
244.061000000000175
244.771000000000176
244.912000000000176
245.080000000000176
245.252000000000176
245.429000000000176
245.607000000000176
245.781000000000177
245.964000000000177
246.143000000000177
247.046000000000178
247.195000000000178
247.369000000000178
247.510000000000178
248.675000000000179
248.834000000000179
249.00800000000018
249.17500000000018
249.34000000000018
249.51300000000018
250.548000000000181
250.710000000000181
250.876000000000181
251.028000000000181
251.187000000000181
251.355000000000182
251.527000000000182
257.358000000000187
257.487000000000187
257.638000000000187
258.291000000000188
258.427000000000188
258.567000000000188
258.714000000000188
258.868000000000188
259.020000000000188
259.187000000000189
259.366000000000189
260.95700000000019
261.07600000000019
261.22300000000019
261.37500000000019
261.541000000000191
261.708000000000191
261.874000000000191
262.053000000000191
262.232000000000191
262.426000000000191
263.144000000000192
263.300000000000192
263.473000000000192
263.608000000000192
264.403000000000193
264.555000000000193
264.737000000000193
264.914000000000194
265.111000000000194
265.278000000000194
265.438000000000194
266.743000000000195
266.915000000000195
267.061000000000196
267.241000000000196
267.391000000000196
267.568000000000196
268.812000000000197
268.963000000000197
269.138000000000197
269.440000000000198
270.446000000000199
270.595000000000199
270.769000000000199
270.949000000000199
271.121000000000199
271.295000000000199
271.474000000000199
271.6610000000002
271.8240000000002
271.9690000000002
276.371000000000204
276.785000000000204
278.938000000000206
279.115000000000206
279.262000000000206
279.560000000000207
282.495000000000209
282.649000000000209
282.82000000000021
285.189000000000212
285.331000000000212
285.502000000000212
355.503000000000274
355.633000000000274
355.759000000000274
355.917000000000274
356.757000000000275
356.901000000000275
357.057000000000275
357.205000000000276
357.355000000000276
357.625000000000276
357.772000000000276
357.917000000000276
358.073000000000276
360.124000000000278
360.513000000000279
360.656000000000279
360.812000000000279
360.961000000000279
361.109000000000279
429.112000000000339
429.50400000000034
429.62000000000034
429.76500000000034
429.90300000000034
430.05900000000034
430.18300000000034
430.331000000000341
437.107000000000347
437.525000000000347
437.662000000000347
437.804000000000347
437.955000000000347
438.081000000000347
438.199000000000348
438.462000000000348
438.588000000000348
481.075000000000386
481.410000000000386
481.549000000000386
481.694000000000386
482.324000000000387
485.53000000000039
485.64200000000039
485.77500000000039
485.91900000000039
486.05900000000039
486.20600000000039
486.35600000000039
486.50900000000039
486.657000000000391
486.798000000000391
486.919000000000391
487.067000000000391
487.192000000000391
487.343000000000391
487.509000000000391
487.665000000000391
487.858000000000392
489.094000000000393
489.229000000000393
489.381000000000393
489.535000000000393
489.696000000000393
489.858000000000393
490.020000000000394
490.177000000000394
490.328000000000394
490.482000000000394
490.648000000000394
490.805000000000394
490.954000000000394
492.083000000000395
492.219000000000396
492.379000000000396
492.539000000000396
492.699000000000396
492.855000000000396
493.027000000000396
493.197000000000396
493.370000000000397
493.544000000000397
493.734000000000397
493.883000000000397
495.344000000000398
495.480000000000398
495.650000000000399
495.796000000000399
495.940000000000399
497.0640000000004
497.2120000000004
497.3820000000004
497.5580000000004
497.7340000000004
497.907000000000401
498.056000000000401
498.216000000000401
498.380000000000401
498.549000000000401
498.719000000000401
498.881000000000401
500.175000000000403
500.324000000000403
500.487000000000403
500.653000000000403
500.797000000000403
500.964000000000403
501.146000000000403
501.327000000000404
501.499000000000404
502.620000000000405
502.768000000000405
502.938000000000405
503.112000000000405
503.264000000000405
503.430000000000405
503.596000000000406
503.758000000000406
503.933000000000406
505.428000000000407
505.579000000000407
505.749000000000408
505.913000000000408
506.064000000000408
506.216000000000408
506.380000000000408
506.522000000000408
506.682000000000408
506.841000000000409
509.12300000000041
509.282000000000411
509.458000000000411
510.293000000000412
510.428000000000412
510.581000000000412
510.746000000000412
510.907000000000412
513.000000000000414
513.974000000000415
514.122000000000415
514.284000000000415
515.752000000000416
515.896000000000417
516.623000000000417
516.777000000000417
517.820000000000418
517.989000000000418
519.030000000000419
519.94000000000042
520.09500000000042
520.23500000000042
520.401000000000421
521.324000000000421
521.709000000000422
522.946000000000423
525.680000000000425
526.330000000000426
527.104000000000426
527.825000000000427
528.127000000000427
528.322000000000428
528.465000000000428
528.723000000000428
529.132000000000428
530.184000000000429
530.65300000000043
531.55500000000043
531.932000000000431
532.637000000000431
535.979000000000434
538.033000000000436
538.419000000000437
566.970000000000462
567.590000000000462
567.722000000000463
567.857000000000463
568.002000000000463
568.148000000000463
568.286000000000463
569.017000000000464
569.173000000000464
569.333000000000464
569.485000000000464
569.631000000000464
569.770000000000464
569.896000000000464
570.033000000000465
570.190000000000465
570.321000000000465
570.486000000000465
570.622000000000465
572.070000000000466
572.197000000000467
572.353000000000467
572.501000000000467
572.660000000000467
572.802000000000467
572.944000000000467
573.096000000000467
573.246000000000467
573.400000000000468
573.561000000000468
574.548000000000469
574.695000000000469
574.860000000000469
575.020000000000469
575.186000000000469
575.333000000000469
575.483000000000469
575.64400000000047
576.06300000000047
576.21300000000047
576.38100000000047
576.52400000000047
576.931000000000471
577.086000000000471
577.260000000000471
577.434000000000471
577.571000000000471
577.734000000000471
577.891000000000472
578.062000000000472
579.296000000000473
579.429000000000473
579.594000000000473
579.761000000000473
579.929000000000473
580.102000000000474
580.275000000000474
580.448000000000474
581.748000000000475
581.890000000000475
582.055000000000475
582.225000000000475
582.366000000000476
582.533000000000476
582.696000000000476
582.870000000000476
584.013000000000477
584.151000000000477
584.317000000000477
584.477000000000477
584.644000000000478
584.813000000000478
584.990000000000478
585.147000000000478
585.314000000000478
585.461000000000478
587.54300000000048
587.69200000000048
587.85200000000048
588.026000000000481
588.153000000000481
589.454000000000482
589.599000000000482
589.761000000000482
589.917000000000482
590.067000000000482
590.204000000000483
591.643000000000484
591.810000000000484
591.954000000000484
601.534000000000493
601.701000000000493
601.915000000000493
602.759000000000494
602.863000000000494
603.221000000000494
603.561000000000494
605.703000000000496
605.859000000000496
605.974000000000497
607.072000000000498
607.433000000000498
608.943000000000499
609.070000000000499
609.214000000000499
609.3740000000005
609.9220000000005
610.0820000000005
610.2340000000005
610.3960000000005
610.553000000000501
610.725000000000501
610.882000000000501
612.627000000000502
612.755000000000503
612.902000000000503
729.881000000000607
730.181000000000607
730.311000000000607
730.450000000000607
731.318000000000608
731.856000000000608
732.400000000000609
732.549000000000609
732.735000000000609
732.858000000000609
733.136000000000609
733.29900000000061
733.45100000000061
733.59700000000061
733.77100000000061
733.89600000000061
734.05900000000061
735.079000000000611
735.215000000000611
735.377000000000612
735.536000000000612
735.691000000000612
735.840000000000612
735.997000000000612
737.001000000000613
737.156000000000613
737.320000000000613
737.489000000000613
738.353000000000614
738.501000000000614
738.667000000000614
738.831000000000614
738.992000000000615
739.159000000000615
739.307000000000615
740.487000000000616
740.646000000000616
740.809000000000616
740.979000000000616
741.138000000000617
741.295000000000617
741.454000000000617
742.625000000000618
742.786000000000618
742.953000000000618
743.121000000000618
743.303000000000618
743.466000000000619
743.636000000000619
743.784000000000619
743.976000000000619
744.135000000000619
744.262000000000619
744.41600000000062
744.59600000000062
744.75200000000062
744.92500000000062
746.510000000000621
746.660000000000621
746.829000000000622
746.995000000000622
747.162000000000622
747.330000000000622
747.507000000000622
747.685000000000622
747.858000000000622
748.015000000000623
748.722000000000623
748.888000000000623
749.067000000000624
749.205000000000624
749.380000000000624
749.524000000000624
749.701000000000624
749.866000000000624
750.044000000000624
750.239000000000625
750.403000000000625
750.567000000000625
751.517000000000626
751.656000000000626
751.825000000000626
751.994000000000626
752.175000000000626
752.356000000000626
752.543000000000627
752.717000000000627
752.892000000000627
753.073000000000627
753.270000000000627
753.457000000000628
754.256000000000628
754.406000000000628
754.566000000000628
754.732000000000629
754.905000000000629
755.066000000000629
755.234000000000629
755.410000000000629
755.590000000000629
755.78000000000063
755.96500000000063
756.15300000000063
757.036000000000631
757.197000000000631
757.491000000000631
757.652000000000631
757.834000000000631
758.014000000000632
758.198000000000632
758.456000000000632
758.668000000000632
758.864000000000632
759.051000000000632
759.243000000000633
760.347000000000634
760.685000000000634
760.828000000000634
761.952000000000635
762.089000000000635
762.238000000000635
762.405000000000636
762.574000000000636
762.750000000000636
762.932000000000636
763.458000000000636
763.617000000000637
763.787000000000637
763.993000000000637
764.156000000000637
764.341000000000637
764.536000000000637
764.729000000000638
764.939000000000638
765.683000000000638
765.860000000000638
766.821000000000639
766.97600000000064
767.13500000000064
767.31300000000064
767.52000000000064
767.74300000000064
767.92200000000064
768.122000000000641
768.344000000000641
768.659000000000641
768.848000000000641
769.049000000000641
770.890000000000643
771.025000000000643
771.177000000000643
771.341000000000643
771.514000000000644
771.689000000000644
771.864000000000644
772.054000000000644
772.232000000000644
772.408000000000644
772.593000000000644
772.784000000000645
772.979000000000645
773.666000000000645
773.966000000000646
774.069000000000646
774.410000000000646
774.864000000000646
775.522000000000647
776.366000000000648
776.612000000000648
776.999000000000648
777.659000000000649
778.089000000000649
778.40600000000065
778.80500000000065
779.18800000000065
779.23100000000065
780.160000000000651
780.284000000000651
780.469000000000652
781.145000000000652
781.268000000000652
781.425000000000652
781.596000000000652
781.751000000000653
781.918000000000653
782.086000000000653
782.259000000000653
782.438000000000653
782.613000000000653
782.787000000000654
782.979000000000654
783.178000000000654
783.368000000000654
783.577000000000654
783.757000000000654
783.947000000000655
784.138000000000655
784.344000000000655
784.536000000000655
784.714000000000655
784.921000000000655
785.093000000000656
785.292000000000656
785.491000000000656
785.707000000000656
785.913000000000656
786.132000000000656
786.348000000000657
786.560000000000657
786.744000000000657
786.926000000000657
787.109000000000657
787.305000000000658
787.496000000000658
787.694000000000658
787.905000000000658
788.112000000000658
789.033000000000659
789.044000000000659
789.224000000000659
789.381000000000659
789.54800000000066
789.73300000000066
789.90800000000066
790.10900000000066
790.901000000000661
791.073000000000661
791.254000000000661
791.440000000000661
791.627000000000661
791.832000000000662
792.021000000000662
792.213000000000662
792.400000000000662
792.612000000000662
792.811000000000662
793.015000000000663
793.269000000000663
793.474000000000663
793.724000000000663
793.943000000000664
794.163000000000664
794.379000000000664
794.591000000000664
794.820000000000664
795.062000000000664
795.331000000000665
795.620000000000665
795.826000000000665
796.032000000000665
796.229000000000666
796.423000000000666
796.605000000000666
796.784000000000666
796.945000000000666
797.136000000000666
797.321000000000666
797.567000000000667
797.781000000000667
797.983000000000667
798.177000000000667
798.425000000000667
798.664000000000668
798.923000000000668
799.154000000000668
799.359000000000668
799.564000000000668
799.775000000000669
799.987000000000669
800.183000000000669
800.378000000000669
800.589000000000669
800.79800000000067
801.00000000000067
801.19500000000067
801.39400000000067
801.59700000000067
801.80100000000067
802.331000000000671
802.502000000000671
802.727000000000671
802.964000000000672
803.180000000000672
803.423000000000672
803.732000000000672
803.935000000000672
804.151000000000673
804.325000000000673
804.522000000000673
804.721000000000673
804.934000000000673
805.422000000000674
805.614000000000674
805.770000000000674
805.952000000000674
806.139000000000674
806.351000000000674
806.669000000000675
806.881000000000675
807.602000000000676
807.767000000000676
807.979000000000676
808.149000000000676
808.371000000000676
808.557000000000676
853.439000000000716
853.584000000000716
853.732000000000717
853.883000000000717
854.057000000000717
854.217000000000717
854.399000000000717
855.170000000000718
855.340000000000718
855.533000000000718
857.12800000000072
857.23900000000072
857.38800000000072
857.55200000000072
857.75100000000072
857.93300000000072
858.506000000000721
859.049000000000721
914.581000000000771
914.726000000000771
914.888000000000771
981.32200000000083
981.73000000000083
981.80200000000083
982.592000000000831
982.866000000000831
983.065000000000832
983.249000000000832
983.339000000000832
984.985000000000833
1159.43700000000099
1164.75800000000099
1164.90600000000099
1165.07000000000099
1165.71200000000099
1214.30700000000104
1214.75600000000104
1215.10400000000104
1215.31600000000104
1216.74100000000104
1399.0790000000012
1403.89800000000121
1405.52200000000121
1406.93700000000121
1407.39600000000121
1407.58300000000121
1407.68900000000121
1407.86100000000121
1408.38000000000121
1408.52300000000121
1408.66900000000121
1408.82200000000121
1408.98800000000121
1409.17600000000121
1410.07800000000121
1410.22500000000121
1411.04900000000121
1411.93400000000121
1412.58300000000121
1413.28100000000121
1413.66200000000121
1413.69400000000121
1414.19000000000121
1414.48200000000121
1414.58700000000121
1415.12500000000122
1415.22600000000122
1417.41400000000122
1417.44500000000122
1417.64600000000122
1418.06800000000122
1418.56800000000122
1418.63300000000122
1419.08300000000122
1419.14200000000122
1419.21600000000122
1419.29900000000122
1419.32900000000122
1419.47800000000122
1419.52500000000122
1420.58600000000122
1420.88700000000122
1420.91600000000122
1421.05300000000122
1421.14700000000122
1421.54400000000122
1421.64200000000122
1421.84100000000122
1422.19800000000122
1422.32400000000122
1422.71500000000122
1422.90500000000122
1423.54500000000122
1423.61600000000122
1424.93000000000122
1425.03400000000122
1425.36800000000122
1425.69800000000122
1425.80700000000122
1426.24600000000122
1426.37700000000123
1426.47900000000123
1427.15800000000123
1427.29600000000123
1427.70500000000123
1428.34300000000123
1428.72900000000123
1428.81000000000123
1431.06700000000123
1431.21800000000123
1431.37200000000123
1431.53100000000123
1432.21000000000123
1432.53200000000123
1433.48700000000123
1437.14800000000123
1437.42100000000123
1437.46800000000124
1437.72200000000124
1438.34500000000124
1438.64700000000124
1438.75500000000124
1438.86500000000124
1439.16000000000124
1439.61900000000124
1440.15600000000124
1440.61400000000124
1441.90700000000124
1442.25100000000124
1443.38500000000124
1444.00700000000124
1444.69700000000124
1445.12000000000124
1445.22400000000124
1688.28600000000146
1723.68000000000149
1723.79000000000149
1724.68400000000149
1726.32000000000149
1726.49900000000149
1726.74900000000149
1728.38900000000149
1731.2110000000015
1738.4070000000015
1738.6290000000015
1738.7810000000015
1741.2080000000015
1741.3040000000015
1746.07600000000151
1746.19100000000151
1746.42000000000151
1746.62100000000151
1749.22400000000151
1749.39200000000151
1749.54600000000151
1751.82600000000151
1754.88800000000152
1756.90400000000152
1759.63900000000152
1759.65600000000152
1761.53400000000152
1763.07400000000152
1766.42700000000153
1774.42000000000153
1774.57100000000153
1774.61100000000153
1809.01900000000156
1809.14100000000157
1809.17400000000157
1949.73300000000169
2501.58699999995182
2503.06499999995166
2973.0409999998999
2973.18699999989988
2973.9599999998998
2974.13099999989978
2974.71599999989971
2974.8879999998997
2975.36799999989964
2975.69299999989961
2975.86399999989959
2976.02899999989957
2976.18499999989955
2976.78699999989949
2976.93299999989947
2977.10399999989945
2977.27499999989943
2977.42199999989942
2977.5819999998994
2977.75999999989938
2977.92699999989936
2978.09999999989934
2978.25699999989932
2978.42099999989931
2978.60599999989929
2980.3369999998991
2980.49299999989908
2980.65699999989906
2980.83099999989904
2981.01399999989902
2981.189999999899
2981.35599999989898
2981.52199999989896
2981.69899999989895
2981.88299999989892
2982.04199999989891
2982.20399999989889
2982.35499999989887
2982.52099999989885
2982.68299999989884
2982.96799999989881
2983.15099999989878
2983.31799999989877
2983.49999999989875
2983.66599999989873
2983.80099999989871
2983.9519999998987
2984.12899999989868
2984.29999999989866
2984.45799999989864
2984.61099999989862
2984.78199999989861
2984.97199999989858
2985.13999999989857
2985.32099999989855
2985.52299999989852
2985.7039999998985
2985.88799999989848
2986.06299999989846
2986.23799999989845
2986.42599999989842
2986.6159999998984
2986.80499999989838
2987.01899999989836
2987.18699999989834
2987.37599999989832
2987.5729999998983
2987.78399999989828
2987.97999999989825
2988.15399999989823
2988.34699999989821
2988.55799999989819
2988.79199999989816
2988.96799999989814
2989.15799999989812
2989.3419999998981
2989.53599999989808
2989.72699999989806
2989.91599999989804
2990.10299999989802
2990.299999999898
2990.49799999989798
2990.69499999989795
2990.89999999989793
2991.08399999989791
2991.27299999989789
2991.49599999989787
2991.69999999989784
2991.88799999989782
2992.1189999998978
2992.33799999989777
2992.53299999989775
2992.75799999989773
2992.9629999998977
2993.17799999989768
2993.39899999989766
2993.61999999989763
2993.83199999989761
2994.04099999989759
2994.25999999989756
2994.51299999989753
2994.72899999989751
2994.95699999989748
2995.16099999989746
2995.36099999989744
2995.56299999989742
2995.7699999998974
2996.05099999989736
2996.25899999989734
2996.46499999989732
2996.6659999998973
2996.90199999989727
2997.44699999989721
2997.60199999989719
2997.78899999989717
2997.99099999989715
2998.20199999989713
2998.39399999989711
2999.339999999897
2999.49499999989699
2999.66499999989697
2999.85999999989694
3000.06099999989692
3000.2769999998969
3000.46999999989688
3000.70199999989685
3001.85599999989673
3011.37499999989568
3011.53999999989566
3011.78299999989563
3011.86099999989562
3012.37199999989557
3012.46399999989556
3012.48499999989555
3013.8529999998954
3014.02299999989539
3014.24799999989536
3016.28499999989514
3016.45899999989512
3016.6439999998951
3016.84999999989507
3017.05099999989505
3017.25399999989503
3017.46899999989501
3017.70799999989498
3018.27399999989492
3018.50599999989489
3020.38199999989468
3020.86599999989463
3021.01299999989462
3021.07199999989461
3021.56199999989455
3021.74099999989454
3022.75699999989442
3023.06099999989439
3050.2189999998914
3051.18899999989129
3051.73199999989123
-2
90.1250000000000384
91.0850000000000392
91.1890000000000394
92.2370000000000403
93.7940000000000417
95.2460000000000429
95.9700000000000436
96.5690000000000441
98.0660000000000454
99.2470000000000465
102.6010000000000495
102.7960000000000496
103.9490000000000507
104.3740000000000511
104.4980000000000512
104.8270000000000515
106.0670000000000526
106.2380000000000527
106.6640000000000531
107.5870000000000539
108.2980000000000545
108.6410000000000548
109.6850000000000558
109.8540000000000559
111.096000000000057
111.2720000000000572
111.4380000000000573
111.5910000000000575
114.3560000000000599
114.5040000000000601
114.6550000000000602
116.2060000000000616
116.3720000000000617
116.5430000000000619
116.8790000000000622
121.7780000000000665
234.137000000000166
234.278000000000166
235.139000000000167
235.395000000000167
235.539000000000168
235.701000000000168
236.251000000000168
236.908000000000169
237.056000000000169
237.205000000000169
237.85000000000017
238.00900000000017
238.16600000000017
238.30600000000017
238.56800000000017
238.71100000000017
238.871000000000171
239.021000000000171
239.195000000000171
239.369000000000171
239.659000000000171
239.928000000000171
240.088000000000172
240.261000000000172
240.452000000000172
240.605000000000172
240.765000000000172
240.936000000000172
241.202000000000173
243.352000000000174
243.516000000000175
243.669000000000175
243.817000000000175
244.089000000000175
244.806000000000176
244.973000000000176
245.140000000000176
245.315000000000176
245.487000000000176
245.663000000000177
245.845000000000177
246.021000000000177
246.199000000000177
247.105000000000178
247.269000000000178
247.408000000000178
247.557000000000178
248.733000000000179
248.898000000000179
249.06800000000018
249.22900000000018
249.40200000000018
249.57800000000018
250.611000000000181
250.763000000000181
250.916000000000181
251.061000000000181
251.240000000000182
251.409000000000182
251.572000000000182
257.407000000000187
257.552000000000187
257.705000000000187
258.328000000000188
258.466000000000188
258.613000000000188
258.761000000000188
258.921000000000188
259.080000000000188
259.254000000000189
259.432000000000189
260.99000000000019
261.13100000000019
261.28400000000019
261.443000000000191
261.612000000000191
261.778000000000191
261.948000000000191
262.126000000000191
262.308000000000191
262.465000000000191
263.216000000000192
263.366000000000192
263.507000000000192
263.648000000000193
264.450000000000193
264.616000000000193
264.800000000000194
264.987000000000194
265.164000000000194
265.317000000000194
265.465000000000194
266.805000000000195
266.955000000000195
267.126000000000196
267.280000000000196
267.443000000000196
267.625000000000196
268.856000000000197
269.041000000000197
269.200000000000197
269.480000000000198
270.488000000000199
270.658000000000199
270.838000000000199
271.016000000000199
271.181000000000199
271.363000000000199
271.5610000000002
271.7260000000002
271.8630000000002
272.0220000000002
276.411000000000204
276.849000000000204
278.997000000000206
279.156000000000206
279.316000000000206
279.589000000000207
282.552000000000209
282.721000000000209
282.86100000000021
285.237000000000212
285.405000000000212
285.550000000000212
355.539000000000274
355.671000000000274
355.809000000000274
355.957000000000274
356.804000000000275
356.968000000000275
357.117000000000276
357.259000000000276
357.401000000000276
357.655000000000276
357.821000000000276
357.973000000000276
358.131000000000276
360.148000000000278
360.571000000000279
360.723000000000279
360.871000000000279
361.013000000000279
361.145000000000279
429.14400000000034
429.51700000000034
429.66700000000034
429.81200000000034
429.95300000000034
430.09100000000034
430.23900000000034
430.390000000000341
437.138000000000347
437.576000000000347
437.728000000000347
437.869000000000347
438.000000000000347
438.113000000000347
438.242000000000348
438.493000000000348
438.646000000000348
481.112000000000386
481.458000000000386
481.606000000000386
481.753000000000386
482.383000000000387
485.56000000000039
485.69300000000039
485.83200000000039
485.97700000000039
486.11900000000039
486.26800000000039
486.42000000000039
486.56200000000039
486.702000000000391
486.817000000000391
486.969000000000391
487.095000000000391
487.245000000000391
487.410000000000391
487.569000000000391
487.737000000000392
487.890000000000392
489.142000000000393
489.289000000000393
489.445000000000393
489.599000000000393
489.758000000000393
489.920000000000394
490.082000000000394
490.234000000000394
490.386000000000394
490.548000000000394
490.697000000000394
490.847000000000394
490.980000000000394
492.134000000000395
492.286000000000396
492.446000000000396
492.600000000000396
492.760000000000396
492.926000000000396
493.100000000000396
493.272000000000396
493.445000000000397
493.617000000000397
493.782000000000397
493.934000000000397
495.385000000000398
495.554000000000398
495.704000000000399
495.843000000000399
495.989000000000399
497.1110000000004
497.2780000000004
497.4530000000004
497.6310000000004
497.8040000000004
497.956000000000401
498.108000000000401
498.274000000000401
498.446000000000401
498.618000000000401
498.769000000000401
498.924000000000401
500.237000000000403
500.395000000000403
500.556000000000403
500.702000000000403
500.861000000000403
501.039000000000403
501.221000000000404
501.393000000000404
501.545000000000404
502.678000000000405
502.837000000000405
503.007000000000405
503.164000000000405
503.325000000000405
503.492000000000406
503.663000000000406
503.829000000000406
504.006000000000406
505.487000000000407
505.648000000000407
505.814000000000408
505.962000000000408
506.106000000000408
506.269000000000408
506.404000000000408
506.573000000000408
506.739000000000408
506.899000000000409
509.179000000000411
509.338000000000411
509.504000000000411
510.326000000000412
510.486000000000412
510.643000000000412
510.801000000000412
510.965000000000412
513.021000000000414
514.032000000000415
514.195000000000415
514.349000000000415
515.799000000000416
515.969000000000417
516.666000000000417
516.802000000000417
517.877000000000418
518.043000000000418
519.58900000000042
519.98700000000042
520.14700000000042
520.29800000000042
520.456000000000421
521.371000000000421
521.977000000000422
523.034000000000423
525.891000000000425
526.377000000000426
527.236000000000427
527.910000000000427
528.170000000000427
528.417000000000428
528.533000000000428
528.821000000000428
530.115000000000429
530.56000000000043
531.15400000000043
531.853000000000431
532.544000000000431
533.126000000000432
536.160000000000434
538.094000000000436
538.471000000000437
566.994000000000462
567.637000000000462
567.780000000000463
567.919000000000463
568.061000000000463
568.194000000000463
568.306000000000463
569.077000000000464
569.229000000000464
569.390000000000464
569.534000000000464
569.664000000000464
569.788000000000464
569.914000000000464
570.082000000000465
570.219000000000465
570.384000000000465
570.524000000000465
570.692000000000465
572.094000000000466
572.252000000000467
572.406000000000467
572.561000000000467
572.702000000000467
572.833000000000467
572.995000000000467
573.144000000000467
573.297000000000468
573.458000000000468
573.597000000000468
574.603000000000469
574.760000000000469
574.921000000000469
575.084000000000469
575.235000000000469
575.382000000000469
575.54300000000047
575.67600000000047
576.10600000000047
576.27300000000047
576.41300000000047
576.54600000000047
576.983000000000471
577.153000000000471
577.328000000000471
577.479000000000471
577.629000000000471
577.787000000000472
577.933000000000472
578.076000000000472
579.333000000000473
579.496000000000473
579.662000000000473
579.831000000000473
579.996000000000473
580.169000000000474
580.346000000000474
580.497000000000474
581.795000000000475
581.958000000000475
582.125000000000475
582.266000000000475
582.429000000000476
582.593000000000476
582.768000000000476
582.913000000000476
584.058000000000477
584.219000000000477
584.373000000000477
584.534000000000477
584.707000000000478
584.882000000000478
585.050000000000478
585.215000000000478
585.364000000000478
585.526000000000478
587.60000000000048
587.76000000000048
587.92600000000048
588.058000000000481
588.188000000000481
589.503000000000482
589.662000000000482
589.817000000000482
589.965000000000482
590.098000000000482
590.221000000000483
591.706000000000484
591.852000000000484
592.016000000000484
601.560000000000493
601.847000000000493
601.952000000000493
602.800000000000494
602.907000000000494
603.293000000000494
603.913000000000495
605.776000000000496
605.922000000000496
606.342000000000497
607.096000000000498
607.820000000000498
608.977000000000499
609.124000000000499
609.2770000000005
609.4220000000005
609.9820000000005
610.1380000000005
610.2950000000005
610.4620000000005
610.621000000000501
610.788000000000501
610.933000000000501
612.651000000000502
612.810000000000503
612.968000000000503
729.932000000000607
730.222000000000607
730.358000000000607
730.499000000000607
731.402000000000608
731.907000000000608
732.460000000000609
732.616000000000609
732.766000000000609
732.916000000000609
733.19700000000061
733.34800000000061
733.49400000000061
733.65600000000061
733.78700000000061
733.95400000000061
734.11500000000061
735.120000000000611
735.281000000000611
735.439000000000612
735.589000000000612
735.735000000000612
735.891000000000612
736.047000000000612
737.062000000000613
737.221000000000613
737.385000000000613
737.536000000000613
738.403000000000614
738.563000000000614
738.729000000000614
738.886000000000615
739.054000000000615
739.198000000000615
739.350000000000615
740.549000000000616
740.712000000000616
740.875000000000616
741.035000000000616
741.194000000000617
741.346000000000617
741.505000000000617
742.684000000000618
742.849000000000618
743.016000000000618
743.193000000000618
743.354000000000619
743.526000000000619
743.667000000000619
743.849000000000619
744.019000000000619
744.145000000000619
744.311000000000619
744.48800000000062
744.66000000000062
744.82100000000062
744.97200000000062
746.569000000000621
746.733000000000622
746.897000000000622
747.064000000000622
747.227000000000622
747.403000000000622
747.574000000000622
747.749000000000622
747.904000000000623
748.070000000000623
748.788000000000623
748.959000000000624
749.105000000000624
749.265000000000624
749.415000000000624
749.593000000000624
749.762000000000624
749.937000000000624
750.106000000000624
750.296000000000625
750.454000000000625
750.627000000000625
751.563000000000626
751.718000000000626
751.887000000000626
752.069000000000626
752.247000000000626
752.428000000000627
752.609000000000627
752.792000000000627
752.970000000000627
753.148000000000627
753.341000000000627
753.522000000000628
754.303000000000628
754.470000000000628
754.640000000000629
754.808000000000629
754.963000000000629
755.138000000000629
755.309000000000629
755.492000000000629
755.68000000000063
755.86200000000063
756.05000000000063
756.21200000000063
757.095000000000631
757.260000000000631
757.548000000000631
757.732000000000631
757.916000000000632
758.098000000000632
758.282000000000632
758.533000000000632
758.766000000000632
758.946000000000632
759.129000000000633
759.304000000000633
760.424000000000634
760.734000000000634
760.882000000000634
762.000000000000635
762.155000000000635
762.313000000000635
762.483000000000636
762.650000000000636
762.824000000000636
763.002000000000636
763.511000000000636
763.686000000000637
763.859000000000637
764.059000000000637
764.239000000000637
764.431000000000637
764.623000000000637
764.821000000000638
765.019000000000638
765.733000000000638
765.912000000000639
766.874000000000639
767.04400000000064
767.20900000000064
767.38500000000064
767.59000000000064
767.82700000000064
767.99600000000064
768.210000000000641
768.437000000000641
768.746000000000641
768.935000000000641
769.134000000000641
770.943000000000643
771.094000000000643
771.252000000000643
771.420000000000644
771.594000000000644
771.775000000000644
771.947000000000644
772.135000000000644
772.313000000000644
772.491000000000644
772.672000000000645
772.855000000000645
773.015000000000645
773.699000000000646
774.003000000000646
774.185000000000646
774.587000000000646
775.026000000000647
775.700000000000647
776.466000000000648
776.956000000000648
777.141000000000649
777.710000000000649
778.122000000000649
778.76000000000065
778.93200000000065
779.22600000000065
779.27200000000065
780.183000000000651
780.347000000000651
780.522000000000652
781.173000000000652
781.327000000000652
781.494000000000652
781.654000000000653
781.821000000000653
781.988000000000653
782.160000000000653
782.330000000000653
782.505000000000653
782.683000000000653
782.888000000000654
783.074000000000654
783.269000000000654
783.455000000000654
783.647000000000654
783.841000000000654
784.029000000000655
784.219000000000655
784.423000000000655
784.601000000000655
784.792000000000655
784.986000000000656
785.184000000000656
785.396000000000656
785.596000000000656
785.809000000000656
786.024000000000656
786.254000000000657
786.441000000000657
786.635000000000657
786.816000000000657
787.005000000000657
787.218000000000658
787.412000000000658
787.595000000000658
787.790000000000658
788.017000000000658
788.211000000000658
789.042000000000659
789.101000000000659
789.295000000000659
789.46100000000066
789.62800000000066
789.81300000000066
790.00100000000066
790.17400000000066
790.979000000000661
791.160000000000661
791.345000000000661
791.535000000000661
791.723000000000662
791.918000000000662
792.107000000000662
792.297000000000662
792.488000000000662
792.702000000000662
792.904000000000663
793.123000000000663
793.361000000000663
793.578000000000663
793.830000000000663
794.047000000000664
794.266000000000664
794.477000000000664
794.690000000000664
794.914000000000664
795.163000000000665
795.424000000000665
795.734000000000665
795.925000000000665
796.122000000000665
796.330000000000666
796.516000000000666
796.696000000000666
796.833000000000666
797.028000000000666
797.237000000000666
797.427000000000667
797.675000000000667
797.886000000000667
798.098000000000667
798.284000000000667
798.533000000000668
798.776000000000668
799.028000000000668
799.255000000000668
799.462000000000668
799.662000000000669
799.875000000000669
800.084000000000669
800.298000000000669
800.487000000000669
800.696000000000669
800.89200000000067
801.09000000000067
801.29400000000067
801.49300000000067
801.69600000000067
801.89600000000067
802.415000000000671
802.596000000000671
802.831000000000671
803.082000000000672
803.285000000000672
803.537000000000672
803.845000000000672
804.040000000000672
804.247000000000673
804.423000000000673
804.626000000000673
804.828000000000673
805.021000000000673
805.496000000000674
805.658000000000674
805.852000000000674
806.045000000000674
806.244000000000674
806.465000000000675
806.773000000000675
806.981000000000675
807.680000000000676
807.849000000000676
808.049000000000676
808.247000000000676
808.462000000000676
808.645000000000677
853.484000000000716
853.639000000000716
853.795000000000717
853.954000000000717
854.119000000000717
854.295000000000717
854.471000000000717
855.232000000000718
855.408000000000718
855.590000000000718
857.14500000000072
857.30000000000072
857.45600000000072
857.62900000000072
857.83000000000072
858.00900000000072
858.560000000000721
859.576000000000722
914.629000000000771
914.781000000000771
914.949000000000771
981.35400000000083
981.74200000000083
981.84400000000083
982.617000000000831
982.888000000000831
983.157000000000832
983.338000000000832
983.404000000000832
985.047000000000833
1159.45400000000099
1164.80300000000099
1164.95700000000099
1165.13300000000099
1165.79700000000099
1214.37100000000104
1214.76700000000104
1215.21800000000104
1215.32100000000104
1216.83100000000104
1399.0860000000012
1403.91800000000121
1405.57100000000121
1406.99600000000121
1407.42100000000121
1407.64900000000121
1407.79500000000121
1407.88700000000121
1408.42400000000121
1408.57000000000121
1408.72500000000121
1408.88900000000121
1409.05800000000121
1409.24200000000121
1410.11800000000121
1410.27300000000121
1411.09700000000121
1411.97100000000121
1412.64600000000121
1413.38700000000121
1413.67600000000121
1413.89000000000121
1414.40600000000121
1414.51600000000121
1414.86700000000121
1415.16700000000122
1415.29000000000122
1417.42000000000122
1417.50500000000122
1417.67600000000122
1418.19100000000122
1418.58100000000122
1418.90700000000122
1419.11500000000122
1419.17100000000122
1419.22800000000122
1419.31700000000122
1419.39300000000122
1419.48400000000122
1420.03300000000122
1420.62500000000122
1420.90300000000122
1420.98800000000122
1421.12600000000122
1421.20200000000122
1421.61600000000122
1421.72700000000122
1421.95200000000122
1422.31800000000122
1422.51800000000122
1422.79300000000122
1422.97100000000122
1423.55500000000122
1423.68200000000122
1425.01800000000122
1425.08800000000122
1425.49100000000122
1425.75900000000122
1425.87800000000122
1426.27300000000123
1426.46200000000123
1426.65700000000123
1427.19500000000123
1427.34700000000123
1427.73800000000123
1428.36400000000123
1428.74600000000123
1428.84100000000123
1431.11800000000123
1431.27400000000123
1431.42900000000123
1431.59700000000123
1432.22900000000123
1433.21800000000123
1433.53100000000123
1437.17700000000123
1437.45700000000123
1437.52500000000124
1437.82600000000124
1438.43100000000124
1438.71300000000124
1438.84000000000124
1439.09900000000124
1439.21200000000124
1440.08100000000124
1440.60100000000124
1440.82000000000124
1442.16000000000124
1442.30800000000124
1443.46700000000124
1444.34800000000124
1444.74000000000124
1445.15700000000124
1445.32000000000124
1688.35100000000146
1723.71000000000149
1723.83700000000149
1724.84000000000149
1726.38200000000149
1726.62500000000149
1727.20000000000149
1728.46000000000149
1731.2960000000015
1738.5180000000015
1738.6570000000015
1738.8080000000015
1741.2700000000015
1741.5960000000015
1746.12000000000151
1746.32500000000151
1746.51700000000151
1746.71100000000151
1749.28400000000151
1749.43400000000151
1749.59200000000151
1751.92900000000151
1754.94200000000152
1757.03200000000152
1759.65500000000152
1759.98900000000152
1763.04100000000152
1763.61200000000152
1767.30300000000153
1774.55300000000153
1774.59400000000153
1775.01000000000153
1809.10000000000156
1809.14700000000156
1809.31000000000157
1949.75200000000169
2501.63499999995182
2503.08799999995166
2973.0689999998999
2973.23099999989988
2973.99599999989979
2974.16399999989978
2974.75099999989971
2974.94299999989969
2975.40999999989964
2975.7339999998996
2975.90699999989958
2976.06699999989957
2976.24499999989955
2976.81499999989948
2976.98299999989946
2977.15599999989945
2977.31399999989943
2977.46299999989941
2977.63899999989939
2977.80899999989937
2977.98099999989935
2978.13899999989934
2978.30199999989932
2978.4869999998993
2978.66799999989928
2980.37099999989909
2980.53099999989907
2980.70399999989905
2980.89099999989903
2981.07099999989901
2981.242999999899
2981.39999999989898
2981.57499999989896
2981.76499999989894
2981.93599999989892
2982.0949999998989
2982.24299999989888
2982.41099999989887
2982.57399999989885
2982.71299999989883
2983.0169999998988
2983.20399999989878
2983.38599999989876
2983.55699999989874
2983.68899999989873
2983.82799999989871
2984.01399999989869
2984.18499999989867
2984.33399999989865
2984.49399999989864
2984.65599999989862
2984.8449999998986
2985.02099999989858
2985.19599999989856
2985.38599999989854
2985.58799999989852
2985.7679999998985
2985.94699999989848
2986.11399999989846
2986.29799999989844
2986.49499999989842
2986.6829999998984
2986.87499999989838
2987.07299999989835
2987.25399999989833
2987.45099999989831
2987.65199999989829
2987.84399999989827
2988.03499999989825
2988.22899999989823
2988.4289999998982
2988.63999999989818
2988.85099999989816
2989.05199999989814
2989.23999999989811
2989.42899999989809
2989.61399999989807
2989.81099999989805
2989.99099999989803
2990.17899999989801
2990.37799999989799
2990.57299999989797
2990.76799999989795
2990.96399999989792
2991.1559999998979
2991.35299999989788
2991.58299999989786
2991.76699999989784
2991.96499999989781
2992.20299999989779
2992.41299999989777
2992.62099999989774
2992.81799999989772
2993.05999999989769
2993.27299999989767
2993.48899999989765
2993.70299999989762
2993.9119999998976
2994.12099999989758
2994.34599999989755
2994.60999999989752
2994.8219999998975
2995.04699999989748
2995.25999999989745
2995.44599999989743
2995.65399999989741
2995.85899999989739
2996.13799999989736
2996.34399999989733
2996.54099999989731
2996.74699999989729
2996.94899999989727
2997.5019999998972
2997.67999999989718
2997.87499999989716
2998.07099999989714
2998.27999999989712
2998.4819999998971
2999.398999999897
2999.56699999989698
2999.75399999989696
2999.94499999989694
3000.14299999989691
3000.36099999989689
3000.57099999989687
3000.79099999989684
3002.30499999989668
3011.51099999989566
3011.59499999989565
3011.83199999989563
3011.94599999989561
3012.44599999989556
3012.47099999989556
3012.53799999989555
3013.9169999998954
3014.10499999989538
3014.30099999989535
3016.34799999989513
3016.53299999989511
3016.72099999989509
3016.93399999989506
3017.13799999989504
3017.34799999989502
3017.557999999895
3017.77699999989497
3018.4689999998949
3019.10899999989482
3020.40599999989468
3020.91399999989463
3021.06999999989461
3021.07699999989461
3021.71699999989454
3022.61899999989444
3022.79899999989442
3023.09199999989439
3050.2329999998914
3051.25499999989128
3051.94499999989121
410
-3
367.492000000000285
367.905000000000285
368.044000000000285
368.172000000000285
368.897000000000286
369.046000000000286
370.005000000000287
370.127000000000287
370.297000000000287
370.414000000000287
372.108000000000289
372.250000000000289
372.405000000000289
373.61300000000029
373.75900000000029
373.91300000000029
374.060000000000291
374.190000000000291
375.608000000000292
375.734000000000292
375.917000000000292
376.051000000000292
376.989000000000293
377.131000000000293
377.292000000000293
377.460000000000294
378.755000000000295
378.887000000000295
379.052000000000295
379.201000000000295
379.356000000000295
379.488000000000295
379.643000000000296
379.785000000000296
379.944000000000296
384.3360000000003
384.4540000000003
384.5890000000003
384.7380000000003
384.8840000000003
385.852000000000301
385.992000000000301
387.765000000000303
387.900000000000303
1014.057000000000859
1014.516000000000859
1014.66000000000086
1014.80800000000086
1015.07000000000086
1015.19400000000086
1015.33900000000086
1016.035000000000861
1016.165000000000861
1016.316000000000861
1016.475000000000861
1016.609000000000861
1016.739000000000861
1016.869000000000861
1017.006000000000862
1017.262000000000862
1017.408000000000862
1017.571000000000862
1017.718000000000862
1017.845000000000862
1018.003000000000862
1018.136000000000863
1018.267000000000863
1018.409000000000863
1018.552000000000863
1019.072000000000863
1019.206000000000864
1019.359000000000864
1019.526000000000864
1019.658000000000864
1019.798000000000864
1019.927000000000864
1020.069000000000864
1021.047000000000865
1021.191000000000865
1021.340000000000866
1021.477000000000866
1021.613000000000866
1021.746000000000866
1021.883000000000866
1022.024000000000866
1022.155000000000866
1022.343000000000866
1022.870000000000867
1023.033000000000867
1023.198000000000867
1023.353000000000867
1023.502000000000867
1023.645000000000868
1023.791000000000868
1023.942000000000868
1024.10700000000087
1024.27600000000087
1024.44900000000087
1024.61200000000087
1024.79000000000087
1024.97100000000087
1025.13400000000087
1025.29600000000087
1025.47000000000087
1025.86000000000087
1026.01800000000087
1026.65300000000087
1026.78300000000087
1026.95300000000087
1027.10700000000087
1027.27300000000087
1027.43200000000087
1027.59900000000087
1027.79200000000087
1028.35900000000087
1028.53900000000087
1028.95900000000087
1029.17000000000087
1029.99000000000087
1030.09700000000087
1030.34100000000087
1030.48900000000087
1030.65500000000087
1030.82700000000087
1031.00400000000087
1031.41200000000087
1031.56500000000087
1031.99100000000087
1032.22800000000088
1032.53000000000088
1032.71200000000088
1032.97800000000088
1033.06300000000088
1033.42300000000088
1034.38300000000088
1034.52400000000088
1034.68600000000088
1034.87000000000088
1035.35400000000088
1035.56700000000088
1035.79400000000088
1035.80000000000088
1035.81000000000088
1036.56800000000088
1036.79100000000088
1037.06700000000088
1037.22800000000088
1037.33500000000088
1037.45100000000088
1037.61000000000088
1037.67800000000088
1037.75000000000088
1038.88300000000088
1038.98700000000088
1039.29800000000088
1039.46300000000088
1039.77500000000088
1040.17800000000088
1040.20500000000088
1040.31400000000088
1041.11300000000088
1041.60100000000088
1042.66300000000088
1042.73000000000088
1042.98900000000088
1043.15100000000088
1043.32400000000088
1043.51200000000088
1043.70000000000089
1044.05300000000089
1044.09800000000089
1052.46800000000089
1052.57500000000089
1052.74400000000089
1052.86300000000089
1053.00100000000089
1053.15500000000089
1053.33800000000089
1053.52700000000089
1053.69900000000089
1053.86900000000089
1054.05200000000089
1054.22900000000089
1054.41200000000089
1054.60200000000089
1055.0740000000009
1055.2470000000009
1055.4530000000009
1055.8550000000009
1056.0520000000009
1056.1610000000009
1056.1990000000009
1056.2660000000009
1056.4600000000009
1056.6450000000009
1056.8270000000009
1057.0430000000009
1057.1530000000009
1057.2810000000009
1057.3900000000009
1057.4990000000009
1057.6300000000009
1057.7570000000009
1057.8700000000009
1058.0050000000009
1058.1850000000009
1058.2930000000009
1058.4050000000009
1058.5290000000009
1058.6010000000009
1058.7480000000009
1058.8750000000009
1060.0830000000009
1060.2480000000009
1060.4030000000009
1069.23900000000091
1069.37600000000091
1069.54300000000091
1069.75500000000091
1069.90900000000091
1070.09700000000091
1070.27800000000091
1070.41000000000091
1070.49300000000091
1070.61100000000091
1070.70800000000091
1071.05500000000091
1071.14800000000091
1071.28100000000091
1071.41800000000091
1071.51800000000091
1071.62900000000091
1071.85100000000091
1072.97300000000091
1074.21500000000091
1074.34000000000091
1074.68900000000091
1074.81200000000091
1075.01000000000091
1075.61000000000091
1075.74500000000091
1075.90900000000091
1076.28000000000091
1076.94700000000091
1077.72000000000092
1078.98700000000092
1079.04000000000092
1080.23900000000092
1082.73500000000092
1083.54000000000092
1084.83400000000092
1085.00100000000092
1085.18300000000092
1085.36300000000092
1085.54900000000092
1085.73100000000092
1085.93100000000092
1086.12200000000092
1086.32000000000092
1086.51400000000092
1086.72500000000092
1087.36900000000092
1087.52300000000092
1087.73600000000092
1087.92000000000092
1088.08200000000092
1088.51300000000092
1088.71600000000093
1089.58200000000093
1090.04200000000093
1090.51400000000093
1091.02800000000093
1091.11600000000093
1091.24900000000093
1091.59200000000093
1091.72400000000093
1092.61700000000093
1092.77300000000093
1092.81700000000093
1093.80000000000093
1093.89100000000093
1094.45800000000093
1182.79300000000101
1183.16900000000101
1183.30600000000101
1183.45200000000101
1183.60500000000101
1183.76100000000101
1183.91700000000101
1184.18100000000101
1184.21800000000101
1557.69900000000134
1557.84000000000134
1558.21300000000134
2371.54499999996614
2371.64999999996613
2373.62299999996592
2373.88099999996589
2374.19299999996585
2374.71799999996579
2375.22599999996574
2375.37099999996572
2375.5359999999657
2375.77199999996568
2375.94899999996566
2376.09599999996564
2376.38499999996561
2376.4969999999656
2376.73499999996557
2376.91099999996555
2377.09499999996553
2377.26999999996551
2377.47399999996549
2377.99899999996543
2378.3209999999654
2378.88699999996534
2379.07799999996531
2380.45699999996516
2381.0589999999651
2381.99099999996499
2382.02099999996499
2382.59299999996493
2383.50799999996483
2384.12399999996476
2384.22199999996475
2384.37599999996473
2385.19999999996464
2385.34699999996462
2385.5239999999646
2387.01899999996444
2388.90899999996423
2391.62999999996393
2391.74099999996392
2391.9019999999639
2393.33999999996374
2393.50599999996373
2393.56999999996372
2393.68399999996371
2394.42099999996362
2394.55999999996361
2394.72799999996359
2394.79099999996358
2395.47299999996351
2395.93099999996346
2396.06399999996344
2396.5049999999634
2396.65599999996338
2396.71499999996337
2396.81599999996336
2396.98199999996334
2397.17799999996332
2397.61199999996327
2399.10799999996311
2399.1469999999631
2399.56599999996306
2399.73599999996304
2400.36799999996297
2401.62699999996283
2401.74899999996282
2402.29599999996276
2404.54999999996251
2408.76399999996204
2410.75399999996183
2410.92499999996181
2411.83499999996171
2412.87299999996159
2412.98499999996158
2415.04499999996135
2416.77599999996116
2418.47399999996098
2419.1959999999609
2421.09999999996069
2422.19399999996057
2423.55299999996042
2425.13499999996024
2425.4899999999602
2427.41599999995999
2428.06299999995992
2428.50299999995987
2429.77699999995973
2429.92899999995971
2430.52599999995965
2431.28199999995956
2432.00799999995948
2432.7999999999594
2432.97999999995938
2433.58199999995931
2434.46299999995921
2434.5739999999592
2434.73999999995918
2434.85899999995917
2435.03999999995915
2435.81999999995906
2436.66599999995897
2439.1589999999587
2439.9989999999586
2441.16699999995848
2442.05299999995838
2442.15799999995837
2442.38699999995834
2442.50999999995833
2442.65299999995831
2443.22899999995825
2443.31099999995824
2443.42099999995823
2443.60199999995821
2445.58599999995799
2448.67499999995765
3077.08199999988844
3077.37399999988841
-4
367.506000000000285
367.934000000000285
368.085000000000285
368.219000000000285
368.944000000000286
369.097000000000286
370.037000000000287
370.183000000000287
370.326000000000287
370.464000000000287
372.160000000000289
372.311000000000289
372.443000000000289
373.67100000000029
373.81800000000029
373.96500000000029
374.095000000000291
374.221000000000291
375.652000000000292
375.802000000000292
375.962000000000292
376.118000000000292
377.036000000000293
377.197000000000293
377.356000000000294
377.482000000000294
378.799000000000295
378.955000000000295
379.107000000000295
379.258000000000295
379.388000000000295
379.524000000000295
379.675000000000296
379.844000000000296
379.989000000000296
384.3740000000003
384.5110000000003
384.6550000000003
384.8020000000003
384.9410000000003
385.900000000000301
386.039000000000301
387.814000000000303
387.960000000000303
1014.105000000000859
1014.573000000000859
1014.72200000000086
1014.85800000000086
1015.10200000000086
1015.24500000000086
1015.38900000000086
1016.074000000000861
1016.225000000000861
1016.379000000000861
1016.520000000000861
1016.645000000000861
1016.774000000000861
1016.912000000000862
1017.030000000000862
1017.321000000000862
1017.475000000000862
1017.627000000000862
1017.758000000000862
1017.885000000000862
1018.039000000000862
1018.171000000000863
1018.315000000000863
1018.460000000000863
1018.583000000000863
1019.114000000000863
1019.269000000000864
1019.423000000000864
1019.569000000000864
1019.706000000000864
1019.835000000000864
1019.975000000000864
1020.120000000000864
1021.099000000000865
1021.252000000000865
1021.394000000000865
1021.524000000000866
1021.654000000000866
1021.785000000000866
1021.929000000000866
1022.058000000000866
1022.184000000000866
1022.360000000000866
1022.937000000000867
1023.101000000000867
1023.259000000000867
1023.405000000000867
1023.548000000000867
1023.690000000000868
1023.841000000000868
1024.00400000000087
1024.17400000000087
1024.33800000000087
1024.51000000000087
1024.69400000000087
1024.86800000000087
1025.03100000000087
1025.21100000000087
1025.38700000000087
1025.54100000000087
1025.91800000000087
1026.05800000000087
1026.70300000000087
1026.84900000000087
1027.01600000000087
1027.18000000000087
1027.33600000000087
1027.50100000000087
1027.67000000000087
1027.83000000000087
1028.44000000000087
1028.62300000000087
1029.04700000000087
1029.25200000000087
1030.02200000000087
1030.11500000000087
1030.40700000000087
1030.56500000000087
1030.73100000000087
1030.89900000000087
1031.06900000000087
1031.48000000000087
1031.63300000000087
1032.06600000000087
1032.25400000000088
1032.58700000000088
1032.74800000000088
1033.03700000000088
1033.23000000000088
1033.45600000000088
1034.43700000000088
1034.59300000000088
1034.76000000000088
1034.93300000000088
1035.39800000000088
1035.75300000000088
1035.79900000000088
1035.80900000000088
1036.31000000000088
1036.60100000000088
1036.85400000000088
1037.14900000000088
1037.29100000000088
1037.41100000000088
1037.52900000000088
1037.65200000000088
1037.74200000000088
1038.57600000000088
1038.92300000000088
1039.03900000000088
1039.36800000000088
1039.53000000000088
1039.87800000000088
1040.19900000000088
1040.26300000000088
1040.36500000000088
1041.17000000000088
1041.70500000000088
1042.67900000000088
1042.75500000000088
1043.05800000000088
1043.23000000000088
1043.39800000000088
1043.58400000000089
1043.77300000000089
1044.07600000000089
1044.21500000000089
1052.49900000000089
1052.60300000000089
1052.79200000000089
1052.92300000000089
1053.06500000000089
1053.23100000000089
1053.42000000000089
1053.60500000000089
1053.78000000000089
1053.94900000000089
1054.13700000000089
1054.30100000000089
1054.48700000000089
1054.6780000000009
1055.1380000000009
1055.3330000000009
1055.5540000000009
1055.9270000000009
1056.1190000000009
1056.1970000000009
1056.2250000000009
1056.3500000000009
1056.5430000000009
1056.7300000000009
1056.9030000000009
1057.1230000000009
1057.1800000000009
1057.3600000000009
1057.4290000000009
1057.5990000000009
1057.6760000000009
1057.8550000000009
1057.9170000000009
1058.0800000000009
1058.2670000000009
1058.3380000000009
1058.4920000000009
1058.5750000000009
1058.6940000000009
1058.8170000000009
1058.9690000000009
1060.1540000000009
1060.3140000000009
1060.4780000000009
1069.29100000000091
1069.43700000000091
1069.60700000000091
1069.82200000000091
1069.99000000000091
1070.17600000000091
1070.35800000000091
1070.42300000000091
1070.57900000000091
1070.63500000000091
1070.79400000000091
1071.08700000000091
1071.19700000000091
1071.32700000000091
1071.45500000000091
1071.56500000000091
1071.73100000000091
1072.90400000000091
1074.10300000000091
1074.24000000000091
1074.39600000000091
1074.77800000000091
1074.93200000000091
1075.03400000000091
1075.63000000000091
1075.79100000000091
1075.97900000000091
1076.37100000000091
1077.21600000000092
1077.79800000000092
1079.02700000000092
1079.64200000000092
1081.00000000000092
1083.35300000000092
1083.78900000000092
1084.91200000000092
1085.08700000000092
1085.26400000000092
1085.45200000000092
1085.63300000000092
1085.84000000000092
1086.03800000000092
1086.22000000000092
1086.41300000000092
1086.61300000000092
1086.80500000000092
1087.44300000000092
1087.61400000000092
1087.82300000000092
1087.99300000000092
1088.16900000000092
1088.54500000000093
1089.46700000000093
1090.00000000000093
1090.40400000000093
1090.53500000000093
1091.09600000000093
1091.22900000000093
1091.57500000000093
1091.67800000000093
1091.99700000000093
1092.64200000000093
1092.80000000000093
1092.84300000000093
1093.87000000000093
1094.35100000000093
1095.00900000000093
1182.82600000000101
1183.21500000000101
1183.35900000000101
1183.51300000000101
1183.66900000000101
1183.82800000000101
1183.99100000000101
1184.20900000000101
1184.28500000000101
1557.73700000000134
1557.88100000000134
1558.22900000000134
2371.57399999996614
2371.65599999996613
2373.64899999996591
2373.94999999996588
2374.21599999996585
2374.82899999996578
2375.27899999996573
2375.45699999996571
2375.6189999999657
2375.84099999996567
2376.04099999996565
2376.25399999996563
2376.42299999996561
2376.61099999996559
2376.81599999996556
2377.01399999996554
2377.24499999996552
2377.4119999999655
2377.52299999996549
2378.09099999996542
2378.63599999996536
2379.02499999996532
2379.2109999999653
2380.49899999996516
2381.23499999996508
2382.00099999996499
2382.38699999996495
2382.97199999996489
2383.90199999996478
2384.17799999996475
2384.33999999996473
2384.47099999996472
2385.28299999996463
2385.43499999996461
2385.5369999999646
2387.05199999996444
2389.00799999996422
2391.68499999996393
2391.82599999996391
2391.97699999996389
2393.40099999996374
2393.56899999996372
2393.57599999996372
2393.7479999999637
2394.46799999996362
2394.6269999999636
2394.78899999996358
2394.79699999996358
2395.49399999996351
2395.98399999996345
2396.11399999996344
2396.55999999996339
2396.71299999996337
2396.72099999996337
2396.88399999996335
2397.05599999996333
2397.22599999996332
2397.66299999996327
2399.12699999996311
2399.52499999996306
2399.65099999996305
2400.25599999996298
2400.88099999996291
2401.70399999996282
2401.8879999999628
2402.8579999999627
2407.92799999996214
2408.82799999996204
2410.81899999996182
2410.9909999999618
2411.8809999999617
2412.95499999996158
2414.99599999996136
2415.81599999996127
2418.231999999961
2419.08799999996091
2420.74699999996073
2422.16399999996057
2423.10799999996047
2425.05899999996025
2425.17999999996024
2427.00599999996004
2428.02799999995992
2428.17899999995991
2429.48799999995976
2429.91099999995972
2430.43499999995966
2431.00999999995959
2431.52899999995954
2432.67399999995941
2432.83599999995939
2433.22699999995935
2433.90399999995928
2434.50599999995921
2434.64999999995919
2434.79499999995918
2434.98899999995916
2435.13799999995914
2436.60599999995898
2437.3239999999589
2439.18199999995869
2440.0599999999586
2441.52399999995844
2442.10099999995837
2442.19299999995836
2442.46899999995833
2442.60499999995832
2442.88999999995829
2443.25599999995825
2443.37999999995823
2443.54099999995821
2443.76199999995819
2445.65399999995798
2448.93199999995762
3077.15999999988843
3077.4029999998884
0
0
0
0
0
0
0
0
0
0
0
0
0
3600.00099999983085
0
0
0
0
0
0
