8
11
19
8
11
19
IPPneo1.10
sacch1
0
2
10
00
59
11
02
32
22
4
.3
1
362
362
1
270
270
1
1
1
1
1
1
1
1
1
1
1
1
1
1
1
1
1
1
1
1
361
-1
44.8439999999999982
45.9889999999999992
46.9690000000000001
47.1310000000000002
47.2990000000000004
48.7650000000000017
48.9430000000000018
49.139000000000002
50.1470000000000029
50.6200000000000033
51.371000000000004
51.5610000000000041
51.7670000000000043
51.9490000000000045
53.698000000000006
54.5480000000000068
122.5280000000000672
244.200000000000175
503.795000000000406
503.959000000000406
504.119000000000406
504.282000000000406
504.725000000000407
504.868000000000407
505.036000000000407
505.218000000000407
506.390000000000408
506.551000000000408
506.713000000000408
506.881000000000409
507.407000000000409
507.588000000000409
508.32100000000041
508.48800000000041
508.65900000000041
508.84500000000041
511.406000000000413
511.557000000000413
511.741000000000413
512.075000000000413
512.261000000000413
512.558000000000414
512.746000000000414
512.936000000000414
514.452000000000415
514.597000000000415
514.784000000000416
514.966000000000416
515.282000000000416
516.162000000000417
516.351000000000417
516.689000000000417
516.887000000000417
517.071000000000418
518.887000000000419
519.015000000000419
519.184000000000419
519.99000000000042
520.15100000000042
520.32800000000042
520.521000000000421
520.717000000000421
521.032000000000421
521.372000000000421
521.584000000000422
521.792000000000422
524.397000000000424
524.565000000000424
524.763000000000424
524.950000000000425
525.121000000000425
525.289000000000425
525.483000000000425
525.681000000000425
527.260000000000427
527.407000000000427
527.593000000000427
529.127000000000428
529.304000000000428
529.488000000000429
531.707000000000431
531.972000000000431
532.120000000000431
532.297000000000431
532.932000000000432
533.104000000000432
533.583000000000432
533.783000000000432
533.992000000000433
538.678000000000437
538.811000000000437
538.995000000000437
547.078000000000444
547.208000000000444
547.362000000000444
547.509000000000445
547.668000000000445
547.809000000000445
547.975000000000445
550.258000000000447
550.399000000000447
550.560000000000447
562.914000000000458
563.069000000000458
564.41200000000046
564.78500000000046
568.064000000000463
568.209000000000463
568.545000000000463
570.242000000000465
570.402000000000465
570.560000000000465
574.885000000000469
575.037000000000469
575.394000000000469
709.192000000000588
709.330000000000588
709.484000000000588
710.026000000000589
710.185000000000589
710.355000000000589
711.65800000000059
711.962000000000591
712.125000000000591
712.291000000000591
713.841000000000592
714.367000000000593
714.533000000000593
715.578000000000594
715.746000000000594
716.101000000000594
716.480000000000595
716.636000000000595
717.316000000000595
717.544000000000596
854.238000000000717
854.388000000000717
856.98800000000072
857.12800000000072
857.96200000000072
858.11100000000072
858.270000000000721
858.435000000000721
858.624000000000721
858.807000000000721
859.536000000000722
859.810000000000722
859.991000000000722
860.162000000000722
860.294000000000722
860.463000000000723
860.953000000000723
861.103000000000723
861.301000000000723
861.490000000000724
861.688000000000724
861.868000000000724
862.033000000000724
862.227000000000724
863.510000000000725
863.677000000000725
863.857000000000726
864.040000000000726
864.230000000000726
865.674000000000727
865.848000000000727
866.037000000000728
866.369000000000728
866.562000000000728
866.777000000000728
868.084000000000729
868.258000000000729
868.44400000000073
868.62500000000073
868.81400000000073
869.01800000000073
870.346000000000731
870.507000000000732
870.691000000000732
870.881000000000732
871.078000000000732
871.400000000000732
871.595000000000732
871.819000000000733
873.376000000000734
873.549000000000734
873.736000000000734
874.101000000000735
874.578000000000735
874.800000000000735
875.022000000000736
875.221000000000736
876.814000000000737
876.968000000000737
877.158000000000737
877.618000000000738
877.813000000000738
878.568000000000739
878.778000000000739
878.966000000000739
880.22300000000074
880.40200000000074
880.60900000000074
880.799000000000741
881.826000000000742
882.009000000000742
882.206000000000742
882.588000000000742
884.460000000000744
884.612000000000744
884.793000000000744
884.982000000000744
885.182000000000745
886.933000000000746
887.092000000000746
887.274000000000746
887.465000000000747
887.797000000000747
887.990000000000747
888.215000000000747
889.781000000000749
889.970000000000749
890.196000000000749
890.392000000000749
895.238000000000754
895.396000000000754
895.574000000000754
895.759000000000754
895.956000000000754
896.714000000000755
896.855000000000755
897.014000000000755
897.206000000000755
897.526000000000756
899.236000000000757
899.412000000000757
899.597000000000757
899.788000000000758
902.42000000000076
902.58100000000076
902.76000000000076
902.95600000000076
908.071000000000765
914.10800000000077
914.25300000000077
914.40900000000077
914.586000000000771
915.034000000000771
917.783000000000773
918.399000000000774
921.607000000000777
922.003000000000777
922.645000000000778
922.872000000000778
923.151000000000778
923.525000000000779
923.623000000000779
924.138000000000779
924.331000000000779
925.38700000000078
926.612000000000781
926.765000000000782
926.931000000000782
927.557000000000782
929.376000000000784
929.709000000000784
930.374000000000785
930.933000000000785
931.562000000000786
931.790000000000786
931.971000000000786
932.055000000000786
934.213000000000788
934.944000000000789
935.155000000000789
936.08400000000079
941.772000000000795
941.922000000000795
942.098000000000795
1044.29000000000089
1045.00300000000089
1045.24700000000089
1045.83800000000089
1048.49600000000089
1048.63600000000089
1048.83600000000089
1049.05100000000089
1049.21100000000089
1051.71900000000089
1052.93200000000089
1052.97900000000089
1053.30000000000089
1054.45300000000089
1054.7690000000009
1055.4520000000009
1056.4330000000009
1056.9150000000009
1057.3530000000009
1058.5860000000009
1059.2980000000009
1059.9140000000009
1060.4140000000009
1060.6990000000009
1062.6960000000009
1063.3970000000009
1069.59400000000091
1069.99900000000091
1070.30800000000091
1070.37800000000091
1070.90200000000091
1080.00700000000092
1080.28000000000092
1080.75500000000092
1081.42500000000092
1081.99900000000092
1082.80500000000092
1083.54200000000092
1084.15000000000092
1084.54400000000092
1085.06100000000092
1085.41800000000092
1085.59100000000092
1087.61000000000092
1088.46300000000092
1089.02300000000093
1089.49800000000093
1090.00000000000093
1090.63400000000093
1090.78100000000093
1302.63400000000112
1303.07700000000112
1307.35300000000112
1314.63200000000113
1314.76100000000113
1314.94800000000113
1318.53900000000113
1319.36300000000113
1320.99800000000113
1321.16000000000113
1326.54300000000114
1326.59000000000114
1326.98200000000114
1327.02400000000114
1345.20000000000115
1345.96800000000115
1455.07300000000125
1971.86000000000171
2127.77799999999299
2129.27899999999283
2129.40299999999281
2129.59099999999279
2143.0859999999913
2143.21999999999129
2144.0809999999912
2146.07699999999098
2147.82899999999078
2147.83599999999078
2148.19499999999074
2148.20599999999074
2148.72099999999068
2148.83299999999067
-2
44.9139999999999982
46.0639999999999993
47.0180000000000001
47.1900000000000003
47.3530000000000004
48.8130000000000017
48.9860000000000019
49.174000000000002
50.2070000000000029
50.6790000000000034
51.414000000000004
51.6300000000000042
51.8330000000000044
51.9920000000000045
53.7270000000000061
54.5830000000000068
122.5590000000000672
244.379000000000175
503.855000000000406
504.016000000000406
504.183000000000406
504.344000000000406
504.759000000000407
504.932000000000407
505.118000000000407
505.296000000000407
506.443000000000408
506.607000000000408
506.775000000000408
506.911000000000409
507.477000000000409
507.677000000000409
508.38700000000041
508.55700000000041
508.74200000000041
508.92500000000041
511.435000000000413
511.620000000000413
511.788000000000413
512.150000000000413
512.327000000000413
512.640000000000414
512.828000000000414
513.005000000000414
514.488000000000415
514.677000000000415
514.864000000000416
515.037000000000416
515.364000000000416
516.240000000000417
516.440000000000417
516.772000000000417
516.943000000000417
517.160000000000418
518.911000000000419
519.087000000000419
519.26900000000042
520.04700000000042
520.23000000000042
520.414000000000421
520.609000000000421
520.794000000000421
521.119000000000421
521.464000000000421
521.677000000000422
521.881000000000422
524.434000000000424
524.636000000000424
524.831000000000424
524.984000000000425
525.178000000000425
525.372000000000425
525.572000000000425
525.777000000000425
527.315000000000427
527.496000000000427
527.685000000000427
529.203000000000428
529.378000000000428
529.545000000000429
531.761000000000431
532.016000000000431
532.204000000000431
532.395000000000431
532.996000000000432
533.193000000000432
533.669000000000432
533.872000000000432
534.075000000000433
538.720000000000437
538.900000000000437
539.042000000000437
547.117000000000444
547.276000000000444
547.411000000000444
547.550000000000445
547.709000000000445
547.871000000000445
548.035000000000445
550.312000000000447
550.476000000000447
550.628000000000447
562.986000000000458
563.114000000000458
564.70300000000046
565.10600000000046
568.110000000000463
568.276000000000463
568.618000000000463
570.289000000000465
570.468000000000465
570.634000000000465
574.926000000000469
575.116000000000469
575.449000000000469
709.231000000000588
709.385000000000588
709.541000000000588
710.097000000000589
710.273000000000589
710.489000000000589
711.828000000000591
712.014000000000591
712.191000000000591
712.361000000000591
713.976000000000592
714.432000000000593
714.569000000000593
715.733000000000594
715.829000000000594
716.360000000000595
716.540000000000595
716.688000000000595
717.364000000000595
717.647000000000596
854.302000000000717
854.452000000000717
857.01500000000072
857.35800000000072
858.01000000000072
858.17100000000072
858.334000000000721
858.510000000000721
858.699000000000721
858.891000000000721
859.578000000000722
859.887000000000722
860.074000000000722
860.204000000000722
860.358000000000722
860.529000000000723
860.999000000000723
861.177000000000723
861.381000000000723
861.581000000000724
861.774000000000724
861.925000000000724
862.121000000000724
862.300000000000724
863.575000000000725
863.761000000000726
863.934000000000726
864.122000000000726
864.303000000000726
865.747000000000727
865.925000000000727
866.120000000000728
866.447000000000728
866.647000000000728
866.862000000000728
868.148000000000729
868.34000000000073
868.52000000000073
868.70400000000073
868.90400000000073
869.11200000000073
870.392000000000731
870.586000000000732
870.768000000000732
870.970000000000732
871.148000000000732
871.482000000000732
871.682000000000733
871.884000000000733
873.456000000000734
873.642000000000734
873.836000000000734
874.187000000000735
874.667000000000735
874.883000000000735
875.103000000000736
875.281000000000736
876.862000000000737
877.048000000000737
877.241000000000737
877.697000000000738
877.906000000000738
878.650000000000739
878.846000000000739
879.051000000000739
880.29800000000074
880.48500000000074
880.686000000000741
880.871000000000741
881.902000000000742
882.095000000000742
882.300000000000742
882.670000000000742
884.513000000000744
884.691000000000744
884.868000000000744
885.067000000000744
885.254000000000745
886.986000000000746
887.165000000000746
887.345000000000746
887.538000000000747
887.860000000000747
888.066000000000747
888.300000000000747
889.840000000000749
890.041000000000749
890.262000000000749
890.461000000000749
895.305000000000754
895.478000000000754
895.652000000000754
895.845000000000754
896.038000000000754
896.753000000000755
896.904000000000755
897.099000000000755
897.277000000000755
897.612000000000756
899.306000000000757
899.487000000000757
899.675000000000757
899.865000000000758
902.48800000000076
902.66500000000076
902.85000000000076
903.03900000000076
908.178000000000765
914.15000000000077
914.31800000000077
914.48700000000077
914.618000000000771
915.071000000000771
917.891000000000774
918.453000000000774
921.654000000000777
922.018000000000777
922.699000000000778
923.013000000000778
923.180000000000778
923.535000000000779
923.711000000000779
924.199000000000779
924.380000000000779
926.262000000000781
926.651000000000781
926.824000000000782
926.997000000000782
928.941000000000783
929.672000000000784
929.843000000000784
930.436000000000785
930.970000000000785
931.598000000000786
931.876000000000786
932.008000000000786
932.910000000000787
934.585000000000788
934.992000000000789
935.740000000000789
936.12800000000079
941.814000000000795
942.003000000000795
942.175000000000795
1044.31900000000089
1045.04100000000089
1045.41000000000089
1045.86900000000089
1048.52200000000089
1048.71800000000089
1048.90700000000089
1049.09700000000089
1049.29100000000089
1051.78800000000089
1052.95700000000089
1053.27400000000089
1054.43600000000089
1054.7540000000009
1055.0570000000009
1056.2520000000009
1056.8580000000009
1057.3460000000009
1058.0970000000009
1059.0030000000009
1059.7830000000009
1060.4080000000009
1060.6780000000009
1061.7650000000009
1063.1160000000009
1063.7550000000009
1069.85200000000091
1070.29300000000091
1070.35200000000091
1070.42400000000091
1070.95900000000091
1080.05900000000092
1080.37000000000092
1080.84400000000092
1081.44900000000092
1082.08000000000092
1082.83700000000092
1083.61600000000092
1084.19600000000092
1084.95600000000092
1085.19200000000092
1085.46200000000092
1085.63100000000092
1087.70300000000092
1088.53200000000093
1089.31100000000093
1089.84200000000093
1090.59800000000093
1090.74900000000093
1091.17100000000093
1302.67100000000112
1303.11300000000112
1307.93700000000112
1314.64100000000113
1314.83600000000113
1315.02700000000113
1318.58800000000113
1319.39900000000113
1321.03800000000113
1321.22300000000113
1326.56300000000114
1326.66200000000114
1327.01600000000114
1327.18700000000114
1345.29400000000115
1346.39600000000115
1455.31100000000125
1971.91700000000171
2127.78699999999299
2129.28799999999282
2129.41399999999281
2129.60299999999279
2143.1659999999913
2143.23899999999129
2144.09399999999119
2146.17799999999096
2147.83499999999078
2147.93299999999077
2148.20499999999074
2148.28499999999073
2148.79699999999068
2149.88799999999056
269
-3
29.8329999999999886
29.9709999999999885
30.2399999999999883
30.3869999999999881
30.549999999999988
30.6839999999999879
31.2769999999999874
31.3919999999999873
31.5359999999999872
31.697999999999987
35.65599999999999
35.8059999999999902
35.9739999999999903
36.1249999999999904
36.2889999999999906
36.8329999999999911
36.9739999999999912
37.1409999999999913
37.2749999999999915
37.4369999999999916
37.4989999999999917
37.5849999999999917
37.7639999999999919
37.889999999999992
40.084999999999994
140.742000000000083
141.203000000000084
141.493000000000084
141.616000000000084
141.753000000000084
141.910000000000084
142.068000000000085
142.352000000000085
142.461000000000085
142.588000000000085
143.118000000000085
143.258000000000086
143.389000000000086
143.640000000000086
144.084000000000086
144.230000000000086
144.654000000000087
144.814000000000087
144.970000000000087
145.103000000000087
145.272000000000087
145.705000000000088
148.24600000000009
148.40900000000009
148.55400000000009
149.432000000000091
149.582000000000091
149.726000000000091
149.896000000000091
150.053000000000092
150.472000000000092
230.529000000000163
230.571000000000163
230.777000000000163
230.839000000000163
231.043000000000164
231.105000000000164
231.289000000000164
231.585000000000164
231.810000000000164
232.084000000000164
232.198000000000165
232.674000000000165
233.187000000000165
233.458000000000166
233.587000000000166
233.783000000000166
233.920000000000166
234.088000000000166
234.681000000000167
237.558000000000169
237.715000000000169
237.91000000000017
238.48000000000017
238.82500000000017
238.940000000000171
239.095000000000171
239.392000000000171
239.542000000000171
239.721000000000171
239.822000000000171
240.029000000000172
240.574000000000172
296.840000000000222
297.497000000000223
297.631000000000223
297.765000000000223
297.910000000000223
298.065000000000223
298.444000000000223
298.596000000000224
298.708000000000224
298.858000000000224
299.153000000000224
299.432000000000224
300.160000000000225
300.488000000000225
300.817000000000226
300.957000000000226
301.569000000000226
303.133000000000228
312.891000000000236
405.280000000000318
405.325000000000318
405.435000000000318
613.064000000000503
613.287000000000503
613.735000000000503
613.868000000000504
615.172000000000505
615.217000000000505
615.412000000000505
615.546000000000505
615.696000000000505
615.876000000000505
622.726000000000511
622.918000000000512
623.101000000000512
623.242000000000512
623.382000000000512
632.84500000000052
633.791000000000521
633.918000000000521
634.301000000000522
634.363000000000522
639.295000000000526
672.372000000000556
674.214000000000557
674.574000000000557
674.723000000000558
674.872000000000558
675.031000000000558
675.181000000000558
675.336000000000558
675.489000000000558
675.647000000000558
675.789000000000558
675.963000000000559
676.134000000000559
676.307000000000559
676.474000000000559
676.646000000000559
676.814000000000559
676.97700000000056
677.12300000000056
677.29700000000056
677.44000000000056
677.60700000000056
677.81600000000056
678.385000000000561
678.548000000000561
678.709000000000561
678.876000000000561
679.047000000000561
679.197000000000562
679.364000000000562
679.544000000000562
679.728000000000562
679.899000000000562
680.134000000000562
680.261000000000562
681.228000000000563
681.387000000000564
682.131000000000564
682.318000000000564
682.554000000000565
682.730000000000565
683.152000000000565
683.278000000000565
683.484000000000565
683.756000000000566
684.269000000000566
684.417000000000566
684.581000000000566
684.748000000000566
684.942000000000567
685.119000000000567
686.059000000000568
686.121000000000568
686.242000000000568
686.382000000000568
686.493000000000568
686.757000000000568
686.911000000000568
687.077000000000569
687.267000000000569
687.436000000000569
687.731000000000569
688.26800000000057
688.41500000000057
689.549000000000571
689.588000000000571
751.926000000000626
820.807000000000687
821.147000000000688
821.393000000000688
821.572000000000688
821.838000000000688
822.004000000000688
822.343000000000689
832.860000000000698
833.005000000000698
833.146000000000698
833.292000000000698
833.664000000000699
836.451000000000701
836.586000000000701
836.712000000000701
836.862000000000702
837.028000000000702
1213.43300000000104
1213.52700000000104
1214.18200000000104
1214.30100000000104
1214.48600000000104
1214.65200000000104
1214.80600000000104
1215.32200000000104
1215.44900000000104
1215.61700000000104
1215.78300000000104
1215.96100000000104
1216.13400000000104
1216.28200000000104
1216.47800000000104
1216.64800000000104
1216.82500000000104
1216.99100000000104
1217.16100000000104
1218.34200000000104
1422.02400000000122
2041.69700000000177
2042.08200000000177
2042.32100000000177
2224.8889999999823
2225.00499999998228
2225.03099999998228
2225.13399999998227
2225.27899999998225
2225.38199999998224
2225.50899999998223
2225.67999999998221
2225.83799999998219
2226.00999999998217
2226.34399999998214
2226.6729999999821
2226.94999999998207
2227.15199999998205
2227.597999999982
2228.21099999998193
2228.4909999999819
2228.79199999998187
2228.95399999998185
2229.21799999998182
2229.48699999998179
2508.38799999995107
2509.47499999995095
2513.12299999995055
2513.99799999995046
2514.28399999995042
2514.31899999995042
2514.4799999999504
2514.65099999995038
2517.38499999995008
-4
29.8909999999999886
30.0269999999999884
30.3099999999999882
30.4589999999999881
30.603999999999988
30.7529999999999878
31.2989999999999874
31.4529999999999872
31.6169999999999871
31.725999999999987
35.7199999999999901
35.8709999999999902
36.0369999999999904
36.1959999999999905
36.3439999999999906
36.8789999999999911
37.0479999999999913
37.1859999999999914
37.3419999999999915
37.4889999999999916
37.5729999999999917
37.6529999999999918
37.7779999999999919
37.9549999999999921
40.110999999999994
140.770000000000083
141.246000000000084
141.536000000000084
141.683000000000084
141.827000000000084
141.967000000000084
142.106000000000085
142.390000000000085
142.517000000000085
142.652000000000085
143.173000000000086
143.304000000000086
143.432000000000086
143.703000000000086
144.148000000000086
144.281000000000086
144.735000000000087
144.885000000000087
145.013000000000087
145.179000000000087
145.302000000000087
145.776000000000088
148.30500000000009
148.46200000000009
148.60700000000009
149.492000000000091
149.643000000000091
149.795000000000091
149.965000000000092
150.123000000000092
150.497000000000092
230.556000000000163
230.604000000000163
230.810000000000163
230.885000000000163
231.087000000000164
231.264000000000164
231.329000000000164
231.629000000000164
232.054000000000164
232.197000000000165
232.290000000000165
232.763000000000165
233.236000000000166
233.491000000000166
233.693000000000166
233.840000000000166
234.037000000000166
234.140000000000166
235.258000000000167
237.607000000000169
237.86000000000017
238.08400000000017
238.60600000000017
238.875000000000171
239.010000000000171
239.151000000000171
239.428000000000171
239.587000000000171
239.750000000000171
239.925000000000171
240.087000000000172
240.794000000000172
296.850000000000222
297.553000000000223
297.695000000000223
297.834000000000223
297.979000000000223
298.129000000000223
298.542000000000224
298.628000000000224
298.780000000000224
298.918000000000224
299.210000000000224
299.505000000000224
300.184000000000225
300.524000000000225
300.853000000000226
301.114000000000226
302.165000000000227
303.198000000000228
315.363000000000238
405.298000000000318
405.331000000000318
405.482000000000318
613.080000000000503
613.318000000000503
613.782000000000503
615.171000000000505
615.180000000000505
615.334000000000505
615.467000000000505
615.671000000000505
615.837000000000505
616.011000000000505
622.757000000000511
623.005000000000512
623.179000000000512
623.380000000000512
623.393000000000512
632.89900000000052
633.866000000000521
633.990000000000521
634.357000000000522
639.208000000000526
639.354000000000526
672.421000000000556
674.354000000000557
674.647000000000558
674.799000000000558
674.951000000000558
675.110000000000558
675.282000000000558
675.424000000000558
675.593000000000558
675.740000000000558
675.888000000000559
676.078000000000559
676.240000000000559
676.413000000000559
676.573000000000559
676.737000000000559
676.89900000000056
677.03400000000056
677.22100000000056
677.35000000000056
677.54700000000056
677.70500000000056
677.92800000000056
678.466000000000561
678.636000000000561
678.809000000000561
678.966000000000561
679.114000000000562
679.290000000000562
679.490000000000562
679.675000000000562
679.831000000000562
680.098000000000562
680.209000000000562
680.375000000000563
681.291000000000563
681.411000000000564
682.222000000000564
682.376000000000564
682.609000000000565
682.755000000000565
683.265000000000565
683.361000000000565
683.500000000000565
684.177000000000566
684.326000000000566
684.491000000000566
684.662000000000566
684.843000000000567
684.998000000000567
685.216000000000567
686.094000000000568
686.197000000000568
686.317000000000568
686.443000000000568
686.545000000000568
686.821000000000568
686.980000000000568
687.195000000000569
687.364000000000569
687.530000000000569
687.815000000000569
688.37000000000057
688.51800000000057
689.569000000000571
689.782000000000571
751.968000000000626
820.866000000000687
821.210000000000688
821.433000000000688
821.619000000000688
821.914000000000688
822.041000000000688
822.405000000000689
832.924000000000698
833.071000000000698
833.217000000000698
833.370000000000698
833.703000000000699
836.481000000000701
836.636000000000701
836.781000000000702
836.933000000000702
837.071000000000702
1213.45500000000104
1213.57000000000104
1214.20000000000104
1214.39400000000104
1214.55900000000104
1214.71600000000104
1214.90300000000104
1215.36200000000104
1215.53800000000104
1215.73000000000104
1215.90500000000104
1216.06100000000104
1216.24800000000104
1216.41600000000104
1216.59000000000104
1216.75700000000104
1216.93600000000104
1217.13200000000104
1218.30600000000104
1218.92400000000104
1422.07700000000122
2041.73900000000177
2042.10100000000177
2042.35600000000177
2224.94099999998229
2225.01499999998228
2225.05099999998228
2225.19799999998226
2225.32399999998225
2225.47299999998223
2225.61099999998222
2225.7709999999822
2225.95299999998218
2226.12299999998216
2226.42999999998213
2226.74899999998209
2227.06799999998206
2227.21399999998204
2227.68999999998199
2228.29099999998192
2228.58699999998189
2228.88799999998186
2229.03999999998184
2229.32299999998181
2229.60899999998178
2508.46799999995106
2509.50299999995095
2513.17799999995055
2514.08799999995044
2514.29299999995042
2514.40999999995041
2514.59599999995039
2514.72799999995037
2517.50999999995007
0
0
0
0
0
0
0
0
0
0
0
0
0
3600.00099999983085
0
0
0
0
0
0
