10
09
18
10
09
18
IPP2.16
sacchDay1
0
4
11
52
09
12
54
25
22
4
.3
1
456
456
1
1146
1146
1
1
1
1
1
1
1
1
1
1
1
1
1
1
1
1
1
1
1
1
455
-1
113.8090000000000594
182.45200000000012
183.179000000000121
183.227000000000121
183.300000000000121
184.215000000000122
184.639000000000122
185.224000000000123
185.396000000000123
185.558000000000123
185.753000000000123
186.172000000000124
186.360000000000124
186.588000000000124
187.065000000000124
187.707000000000125
188.038000000000125
188.120000000000125
188.153000000000125
189.438000000000127
190.014000000000127
190.977000000000128
191.102000000000128
191.402000000000128
191.755000000000129
191.988000000000129
192.055000000000129
192.521000000000129
192.75900000000013
192.96200000000013
193.16600000000013
265.169000000000194
265.705000000000194
266.091000000000195
266.235000000000195
266.441000000000195
266.555000000000195
266.856000000000195
316.106000000000239
316.443000000000239
316.542000000000239
316.72800000000024
317.10800000000024
317.36700000000024
317.759000000000241
532.076000000000431
808.282000000000676
815.988000000000683
816.377000000000683
817.033000000000684
817.351000000000684
817.640000000000685
818.045000000000685
818.527000000000685
819.233000000000686
819.381000000000686
820.107000000000687
820.437000000000687
820.477000000000687
820.515000000000687
820.680000000000687
820.706000000000687
821.323000000000688
822.498000000000689
824.666000000000691
824.773000000000691
825.041000000000691
825.405000000000691
825.548000000000692
825.692000000000692
827.021000000000693
1040.53200000000088
1040.65900000000088
1040.79300000000088
1040.93500000000088
1041.60500000000088
1041.73700000000088
1041.89700000000088
1042.03900000000088
1042.87100000000088
1042.99300000000088
1043.12900000000088
1044.12400000000089
1044.27200000000089
1044.42900000000089
1044.54900000000089
1044.69100000000089
1046.43900000000089
1046.55000000000089
1046.69200000000089
1118.20500000000095
1118.31900000000095
1118.45000000000095
1123.73400000000096
1186.26500000000101
1186.37300000000101
1186.52600000000101
1186.66900000000101
1188.16400000000101
1188.30400000000101
1188.46000000000101
1188.60900000000101
1189.14000000000101
1189.28200000000101
1189.43300000000101
1189.61300000000101
1189.75000000000102
1189.88800000000102
1190.02100000000102
1190.16700000000102
1190.32700000000102
1190.46100000000102
1190.58900000000102
1191.21500000000102
1191.35400000000102
1191.54500000000102
1191.68000000000102
1193.20000000000102
1193.33000000000102
1193.45800000000102
1193.62900000000102
1193.77000000000102
1195.08300000000102
1195.20600000000102
1195.35700000000102
1195.51900000000102
1195.64100000000102
1195.80200000000102
1195.96200000000102
1196.12000000000102
1196.25300000000102
1196.37500000000102
1196.50600000000102
1197.14200000000102
1197.78700000000102
1197.94200000000102
1198.07900000000102
1228.09700000000105
1228.23800000000105
1228.37500000000105
1388.43600000000119
1388.55800000000119
1388.69900000000119
1388.82800000000119
1388.95400000000119
1407.12200000000121
1407.24800000000121
1407.38500000000121
1407.52300000000121
1407.66300000000121
1407.81400000000121
1407.93500000000121
1408.05400000000121
1408.18000000000121
1408.31700000000121
1408.45500000000121
1408.60600000000121
1408.77800000000121
1408.94000000000121
1409.06400000000121
1409.19800000000121
1409.33600000000121
1409.47200000000121
1409.60800000000121
1409.74500000000121
1409.87800000000121
1410.02700000000121
1410.19400000000121
1410.32300000000121
1410.45300000000121
1410.58700000000121
1411.62200000000121
1411.76600000000121
1411.90400000000121
1412.02600000000121
1412.16300000000121
1412.29000000000121
1412.43700000000121
1412.61400000000121
1412.75000000000121
1412.89700000000121
1413.03900000000121
1413.18300000000121
1413.78300000000121
1413.93100000000121
1414.10000000000121
1414.24000000000121
1414.39500000000121
1414.53300000000121
1414.67400000000121
1414.83500000000121
1415.10800000000122
1416.15800000000122
1416.32600000000122
1416.48300000000122
1416.61700000000122
1416.77400000000122
1416.91600000000122
1417.05200000000122
1417.20900000000122
1417.34100000000122
1417.96900000000122
1418.13900000000122
1418.32700000000122
1418.50900000000122
1418.69100000000122
1418.86000000000122
1418.99400000000122
1419.12700000000122
1419.27600000000122
1419.42700000000122
1420.47700000000122
1420.64200000000122
1420.83300000000122
1420.97200000000122
1421.11900000000122
1421.29600000000122
1421.48200000000122
1421.85400000000122
1421.99300000000122
1422.13400000000122
1422.28000000000122
1422.91900000000122
1423.07700000000122
1423.25800000000122
1423.42000000000122
1423.60200000000122
1423.75700000000122
1423.92300000000122
1424.09000000000122
1424.28300000000122
1424.40900000000122
1425.33700000000122
1425.45700000000122
1425.64300000000122
1425.82100000000122
1426.00000000000122
1426.15700000000122
1426.35600000000123
1426.49600000000123
1426.63700000000123
1426.78600000000123
1426.98300000000123
1427.17600000000123
1427.34400000000123
1427.47700000000123
1428.43100000000123
1428.63100000000123
1428.80000000000123
1428.98700000000123
1429.13200000000123
1429.70500000000123
1429.83300000000123
1429.97200000000123
1430.16300000000123
1430.31300000000123
1430.71100000000123
1430.87400000000123
1431.04500000000123
1431.19300000000123
1431.39700000000123
1431.54200000000123
1431.73400000000123
1431.80700000000123
1431.88500000000123
1432.09500000000123
1432.27200000000123
1432.44400000000123
1432.54000000000123
1432.61800000000123
1432.82000000000123
1432.99700000000123
1433.18500000000123
1433.26300000000123
1433.39800000000123
1433.66200000000123
1433.75000000000123
1433.80000000000123
1433.96200000000123
1434.11100000000123
1434.27500000000123
1434.45400000000123
1434.64800000000123
1434.82500000000123
1435.00900000000123
1435.19600000000123
1435.37200000000123
1435.56500000000123
1435.68700000000123
1435.86500000000123
1436.01900000000123
1436.10000000000123
1436.19400000000123
1436.73300000000123
1436.85200000000123
1436.94500000000123
1437.02800000000123
1437.19000000000123
1437.27300000000123
1437.31100000000123
1437.84000000000124
1437.92700000000124
1437.99000000000124
1438.15600000000124
1438.24400000000124
1438.31900000000124
1438.50400000000124
1438.59200000000124
1438.84500000000124
1439.00000000000124
1439.20900000000124
1439.41800000000124
1439.51800000000124
1439.54600000000124
1439.77700000000124
1440.06400000000124
1440.19700000000124
1440.32100000000124
1440.40800000000124
1440.54800000000124
1440.65600000000124
1441.26800000000124
1441.36700000000124
1441.41800000000124
1441.44800000000124
1441.60400000000124
1443.57300000000124
1443.65100000000124
1443.79100000000124
1444.27700000000124
1444.38200000000124
1444.45900000000124
1444.53900000000124
1444.62300000000124
1444.64500000000124
1444.71400000000124
1444.76600000000124
1444.79900000000124
1444.85200000000124
1444.91400000000124
1444.93800000000124
1444.99700000000124
1445.07500000000124
1446.35900000000124
1446.46900000000124
1446.64700000000124
1446.70900000000124
1446.78500000000124
1446.91400000000124
1447.54500000000124
1447.65500000000124
1447.79600000000124
1447.89000000000124
1448.03700000000124
1450.64700000000125
1450.79500000000125
1450.84000000000125
1450.91100000000125
1450.99400000000125
1451.09500000000125
1451.16300000000125
1451.27100000000125
1451.34900000000125
1451.44100000000125
1453.53800000000125
1453.91000000000125
1454.05000000000125
1454.10600000000125
1468.51500000000126
1468.65900000000126
1468.81600000000126
1838.18700000000159
1838.32900000000159
1838.46800000000159
1838.62800000000159
1838.76700000000159
1838.92300000000159
1839.09500000000159
1839.26000000000159
1839.50000000000159
1839.82100000000159
1839.94000000000159
1840.11300000000159
1840.26900000000159
1840.35400000000159
1840.43200000000159
1840.52700000000159
1840.61200000000159
1842.07700000000159
1842.16500000000159
1842.28400000000159
1842.40900000000159
1842.43200000000159
1842.54600000000159
1842.70700000000159
1842.74800000000159
1842.8770000000016
1842.8950000000016
1842.9760000000016
1843.0400000000016
1843.0800000000016
1843.1850000000016
1843.3350000000016
1843.6930000000016
1980.90900000000172
2307.75199999997317
2308.66699999997307
2308.77999999997306
2308.91299999997304
2326.5489999999711
2326.66699999997109
2326.83099999997107
2326.96899999997105
2327.11999999997104
2327.28299999997102
2593.19899999994173
2593.31099999994172
2593.43299999994171
2593.4589999999417
2593.55899999994169
2593.61399999994169
2596.10499999994141
2596.32299999994139
2596.68799999994135
2598.0419999999412
2598.38899999994116
2598.9269999999411
2599.63599999994102
2600.17999999994096
2600.40399999994094
2600.68599999994091
2600.82399999994089
2600.93199999994088
2601.13199999994086
2602.12899999994075
2602.31299999994073
2603.29099999994062
2603.4619999999406
2603.64199999994058
2604.30999999994051
2604.48599999994049
2604.70499999994046
2604.87799999994045
2605.42099999994039
2606.96899999994022
2607.32499999994018
2607.42399999994017
2607.56399999994015
2607.69399999994014
2608.81199999994001
3523.01599999983933
3523.13499999983931
3523.2679999998393
3523.39699999983929
3528.21899999983875
-2
113.8860000000000595
182.47300000000012
183.187000000000121
183.262000000000121
183.368000000000121
184.569000000000122
184.706000000000122
185.378000000000123
185.524000000000123
185.707000000000123
186.136000000000124
186.341000000000124
186.539000000000124
186.712000000000124
187.606000000000125
188.032000000000125
188.062000000000125
188.133000000000125
189.133000000000126
189.455000000000127
190.110000000000127
191.084000000000128
191.374000000000128
191.537000000000128
191.859000000000129
191.995000000000129
192.223000000000129
192.656000000000129
192.87300000000013
193.13200000000013
193.911000000000131
265.669000000000194
266.005000000000195
266.154000000000195
266.319000000000195
266.457000000000195
266.625000000000195
266.967000000000195
316.175000000000239
316.511000000000239
316.68100000000024
316.90100000000024
317.20000000000024
317.39000000000024
318.338000000000241
532.104000000000431
808.478000000000676
816.253000000000683
816.471000000000683
817.076000000000684
817.445000000000684
817.738000000000685
818.176000000000685
819.001000000000686
819.338000000000686
819.487000000000686
820.172000000000687
820.447000000000687
820.490000000000687
820.677000000000687
820.688000000000687
821.164000000000688
821.372000000000688
822.542000000000689
824.681000000000691
825.029000000000691
825.383000000000691
825.484000000000692
825.678000000000692
825.813000000000692
827.113000000000693
1040.58200000000088
1040.72000000000088
1040.85800000000088
1040.99000000000088
1041.66100000000088
1041.82200000000088
1041.97000000000088
1042.11400000000088
1042.90700000000088
1043.04200000000088
1043.19000000000088
1044.18300000000089
1044.32800000000089
1044.46300000000089
1044.60200000000089
1044.74000000000089
1046.46900000000089
1046.61300000000089
1046.76000000000089
1118.25300000000095
1118.37800000000095
1118.49800000000095
1123.83500000000096
1186.29700000000101
1186.44800000000101
1186.59200000000101
1186.73600000000101
1188.21400000000101
1188.37700000000101
1188.52900000000101
1188.64800000000101
1189.18300000000101
1189.34200000000101
1189.51900000000101
1189.65700000000101
1189.80100000000102
1189.93000000000102
1190.05400000000102
1190.23300000000102
1190.37300000000102
1190.49700000000102
1190.62700000000102
1191.26100000000102
1191.43800000000102
1191.58900000000102
1191.71300000000102
1193.22800000000102
1193.36800000000102
1193.52500000000102
1193.68000000000102
1193.79600000000102
1195.11200000000102
1195.27500000000102
1195.42900000000102
1195.55500000000102
1195.72300000000102
1195.87900000000102
1196.02200000000102
1196.15200000000102
1196.29500000000102
1196.41700000000102
1196.53800000000102
1197.18900000000102
1197.85400000000102
1197.98300000000102
1198.10400000000102
1228.14500000000105
1228.29200000000105
1228.44200000000105
1388.45800000000119
1388.60100000000119
1388.74500000000119
1388.87300000000119
1389.00100000000119
1407.13700000000121
1407.30300000000121
1407.43600000000121
1407.58200000000121
1407.72700000000121
1407.85900000000121
1407.97300000000121
1408.09200000000121
1408.21400000000121
1408.36700000000121
1408.52400000000121
1408.68400000000121
1408.82000000000121
1408.98100000000121
1409.11300000000121
1409.25200000000121
1409.38600000000121
1409.52300000000121
1409.64500000000121
1409.79100000000121
1409.93000000000121
1410.10900000000121
1410.24500000000121
1410.37000000000121
1410.49700000000121
1410.61700000000121
1411.68600000000121
1411.82500000000121
1411.95200000000121
1412.08100000000121
1412.21000000000121
1412.34000000000121
1412.51100000000121
1412.67000000000121
1412.81800000000121
1412.96000000000121
1413.07400000000121
1413.20100000000121
1413.84200000000121
1414.00600000000121
1414.14900000000121
1414.31000000000121
1414.44900000000121
1414.58900000000121
1414.75300000000121
1414.88800000000121
1415.14400000000122
1416.23600000000122
1416.40000000000122
1416.53000000000122
1416.68200000000122
1416.82800000000122
1416.97100000000122
1417.10300000000122
1417.24500000000122
1417.38200000000122
1418.05300000000122
1418.24200000000122
1418.42700000000122
1418.59500000000122
1418.78400000000122
1418.91100000000122
1419.05100000000122
1419.17800000000122
1419.30000000000122
1419.44700000000122
1420.56300000000122
1420.74600000000122
1420.89000000000122
1421.03900000000122
1421.20900000000122
1421.38200000000122
1421.56500000000122
1421.91200000000122
1422.03700000000122
1422.17800000000122
1422.31100000000122
1422.99100000000122
1423.17500000000122
1423.34300000000122
1423.51700000000122
1423.67400000000122
1423.83700000000122
1424.00300000000122
1424.17500000000122
1424.33700000000122
1424.45900000000122
1425.36800000000122
1425.55700000000122
1425.72700000000122
1425.91800000000122
1426.08000000000122
1426.26700000000122
1426.41500000000123
1426.54500000000123
1426.69800000000123
1426.89500000000123
1427.07800000000123
1427.26200000000123
1427.39600000000123
1427.53200000000123
1428.52700000000123
1428.71900000000123
1428.90500000000123
1429.05400000000123
1429.23300000000123
1429.75800000000123
1429.89000000000123
1430.08000000000123
1430.22600000000123
1430.39200000000123
1430.77100000000123
1430.95500000000123
1431.10700000000123
1431.28800000000123
1431.45700000000123
1431.63400000000123
1431.80100000000123
1431.83000000000123
1432.00100000000123
1432.19700000000123
1432.36700000000123
1432.53100000000123
1432.54800000000123
1432.73400000000123
1432.90300000000123
1433.07800000000123
1433.25500000000123
1433.29300000000123
1433.41700000000123
1433.71400000000123
1433.75600000000123
1433.87500000000123
1434.03100000000123
1434.19300000000123
1434.36000000000123
1434.55700000000123
1434.72500000000123
1434.90800000000123
1435.10900000000123
1435.27600000000123
1435.44300000000123
1435.61200000000123
1435.77800000000123
1435.92400000000123
1436.06500000000123
1436.16700000000123
1436.47700000000123
1436.77200000000123
1436.93500000000123
1436.95900000000123
1437.08900000000123
1437.24100000000123
1437.28600000000123
1437.34000000000123
1437.89000000000124
1437.94800000000124
1438.06000000000124
1438.22000000000124
1438.26200000000124
1438.37900000000124
1438.56200000000124
1438.75000000000124
1438.91500000000124
1439.10500000000124
1439.31500000000124
1439.51700000000124
1439.53600000000124
1439.76800000000124
1440.04100000000124
1440.12400000000124
1440.23500000000124
1440.36700000000124
1440.53700000000124
1440.62700000000124
1441.18000000000124
1441.29800000000124
1441.41500000000124
1441.44000000000124
1441.56300000000124
1443.20600000000124
1443.61700000000124
1443.66500000000124
1443.81100000000124
1444.30700000000124
1444.44800000000124
1444.53700000000124
1444.61700000000124
1444.64200000000124
1444.70600000000124
1444.76100000000124
1444.78300000000124
1444.81400000000124
1444.90600000000124
1444.92800000000124
1444.97800000000124
1445.04500000000124
1446.26600000000124
1446.39200000000124
1446.56000000000124
1446.69500000000124
1446.75300000000124
1446.91100000000124
1447.48600000000124
1447.57400000000124
1447.70000000000124
1447.83500000000124
1448.00400000000124
1449.01100000000125
1450.70200000000125
1450.82100000000125
1450.85100000000125
1450.96200000000125
1451.05900000000125
1451.16200000000125
1451.27000000000125
1451.34400000000125
1451.43300000000125
1451.92900000000125
1453.59400000000125
1453.96800000000125
1454.09300000000125
1455.14500000000125
1468.57200000000126
1468.71000000000126
1468.87800000000126
1838.24300000000159
1838.38400000000159
1838.53500000000159
1838.68200000000159
1838.84200000000159
1839.00900000000159
1839.16500000000159
1839.32500000000159
1839.54300000000159
1839.84800000000159
1839.99500000000159
1840.15200000000159
1840.32400000000159
1840.37500000000159
1840.50400000000159
1840.54800000000159
1840.68100000000159
1842.09800000000159
1842.20700000000159
1842.33500000000159
1842.42900000000159
1842.49600000000159
1842.64500000000159
1842.7380000000016
1842.7960000000016
1842.8930000000016
1842.9710000000016
1842.9880000000016
1843.0670000000016
1843.1520000000016
1843.2960000000016
1843.4560000000016
1843.7200000000016
1980.94900000000172
2307.77399999997317
2308.70299999997306
2308.82099999997305
2308.96399999997304
2326.5849999999711
2326.71899999997108
2326.86999999997106
2327.01399999997105
2327.17099999997103
2327.31299999997102
2593.22999999994173
2593.36399999994171
2593.4569999999417
2593.5179999999417
2593.59799999994169
2593.68899999994168
2596.28299999994139
2596.55399999994136
2596.81199999994133
2598.36099999994116
2598.75699999994112
2599.13299999994108
2600.03699999994098
2600.38399999994094
2600.42199999994094
2600.7279999999409
2600.86099999994089
2600.99099999994087
2601.16599999994085
2602.20199999994074
2602.38999999994072
2603.32699999994062
2603.5099999999406
2603.69099999994058
2604.4179999999405
2604.60599999994048
2604.76899999994046
2604.95499999994044
2605.64699999994036
2607.03499999994021
2607.35899999994017
2607.47399999994016
2607.60699999994015
2607.73699999994013
2608.90699999994
3523.03899999983933
3523.18899999983931
3523.31499999983929
3523.45699999983928
3528.24699999983875
1145
-3
196.620000000000133
197.422000000000134
936.66200000000079
936.78800000000079
936.93700000000079
937.160000000000791
937.234000000000791
937.355000000000791
937.502000000000791
937.652000000000791
937.824000000000791
937.938000000000791
938.094000000000791
938.243000000000792
938.596000000000792
938.823000000000792
938.962000000000792
939.112000000000792
939.261000000000793
939.430000000000793
939.718000000000793
939.846000000000793
939.990000000000793
940.145000000000793
940.751000000000794
940.862000000000794
941.010000000000794
941.195000000000794
941.337000000000794
942.390000000000795
942.524000000000795
942.696000000000796
942.846000000000796
943.019000000000796
943.158000000000796
943.303000000000796
943.882000000000797
944.059000000000797
944.098000000000797
944.256000000000797
944.451000000000797
944.844000000000797
944.963000000000798
945.123000000000798
945.298000000000798
945.457000000000798
946.456000000000799
946.623000000000799
946.837000000000799
947.002000000000799
947.1480000000008
947.3050000000008
947.7500000000008
947.8960000000008
948.0730000000008
948.284000000000801
948.458000000000801
948.603000000000801
948.773000000000801
949.374000000000802
949.542000000000802
949.730000000000802
949.919000000000802
950.096000000000802
950.238000000000802
950.545000000000803
950.660000000000803
950.829000000000803
951.030000000000803
951.217000000000803
951.370000000000803
951.518000000000803
952.452000000000804
952.584000000000804
952.766000000000805
952.950000000000805
953.097000000000805
953.281000000000805
953.466000000000805
953.625000000000805
953.756000000000805
953.923000000000806
954.070000000000806
954.261000000000806
954.453000000000806
954.591000000000806
954.751000000000806
954.900000000000806
955.103000000000807
955.239000000000807
955.424000000000807
955.617000000000807
955.828000000000807
955.961000000000807
957.044000000000808
957.155000000000808
957.331000000000809
957.529000000000809
957.695000000000809
957.871000000000809
958.004000000000809
958.154000000000809
958.319000000000809
958.45100000000081
958.63800000000081
958.85100000000081
959.03800000000081
959.21300000000081
959.41300000000081
959.556000000000811
960.168000000000811
960.332000000000811
960.489000000000811
960.669000000000812
960.845000000000812
961.036000000000812
961.228000000000812
961.337000000000812
961.416000000000812
962.781000000000813
962.918000000000814
963.085000000000814
963.288000000000814
963.474000000000814
963.618000000000814
963.786000000000814
963.960000000000814
964.417000000000815
964.575000000000815
964.725000000000815
964.899000000000815
965.061000000000816
965.249000000000816
965.447000000000816
965.594000000000816
965.787000000000816
965.924000000000816
966.118000000000816
966.294000000000816
968.135000000000818
968.283000000000818
968.439000000000818
968.619000000000819
968.806000000000819
968.967000000000819
969.161000000000819
969.342000000000819
969.526000000000819
970.11000000000082
970.24000000000082
970.41700000000082
970.60900000000082
970.799000000000821
970.989000000000821
971.323000000000821
971.461000000000821
971.640000000000821
971.831000000000821
971.974000000000822
972.161000000000822
972.358000000000822
972.579000000000822
972.759000000000822
972.900000000000822
973.051000000000823
973.651000000000823
973.822000000000823
973.998000000000823
974.162000000000824
974.335000000000824
974.493000000000824
974.678000000000824
974.841000000000824
975.017000000000824
975.171000000000824
975.332000000000825
975.493000000000825
975.680000000000825
975.881000000000825
976.707000000000826
977.288000000000826
977.467000000000826
977.639000000000827
977.801000000000827
977.978000000000827
978.148000000000827
978.357000000000827
978.533000000000827
978.664000000000828
978.816000000000828
978.961000000000828
979.115000000000828
979.255000000000828
979.438000000000828
979.630000000000828
979.838000000000829
980.621000000000829
980.759000000000829
980.93800000000083
981.11700000000083
981.31000000000083
981.52200000000083
981.73100000000083
981.88500000000083
982.755000000000831
982.907000000000831
983.100000000000831
983.307000000000832
983.496000000000832
983.669000000000832
983.869000000000832
983.999000000000832
984.133000000000832
984.298000000000832
984.465000000000833
984.616000000000833
984.768000000000833
984.948000000000833
985.124000000000833
985.814000000000834
986.620000000000835
986.766000000000835
986.940000000000835
987.248000000000835
987.416000000000835
988.821000000000836
988.967000000000837
989.120000000000837
989.569000000000837
989.719000000000837
989.860000000000838
993.13500000000084
993.27300000000084
993.454000000000841
993.620000000000841
995.537000000000842
995.667000000000843
995.842000000000843
996.263000000000843
1004.721000000000851
1010.215000000000856
1010.340000000000856
1010.488000000000856
1010.624000000000856
1011.209000000000856
1011.364000000000857
1011.532000000000857
1011.706000000000857
1011.885000000000857
1013.390000000000858
1013.454000000000858
1142.33900000000097
1142.45100000000097
1142.59600000000097
1143.30100000000097
1143.42200000000097
1143.56600000000097
1143.73200000000097
1143.88000000000097
1144.42700000000097
1144.56200000000097
1144.72000000000097
1144.86700000000098
1145.03700000000098
1145.16300000000098
1146.14600000000098
1146.30100000000098
1146.47300000000098
1146.63400000000098
1146.76000000000098
1147.28900000000098
1147.45000000000098
1147.60600000000098
1147.78400000000098
1147.92600000000098
1148.05500000000098
1148.65100000000098
1148.77500000000098
1148.93800000000098
1149.09900000000098
1149.24500000000098
1149.41000000000098
1149.55800000000098
1150.73300000000098
1150.90900000000098
1151.07800000000098
1151.23600000000098
1151.36600000000098
1151.50300000000098
1151.63100000000098
1151.82200000000098
1151.96300000000098
1152.15900000000098
1152.29500000000098
1152.43800000000098
1152.58700000000098
1152.74600000000098
1152.93400000000098
1154.23200000000098
1154.36100000000098
1154.49600000000098
1154.68100000000098
1154.84800000000098
1154.97200000000098
1882.11900000000163
1882.23700000000163
1882.36400000000163
1882.52200000000163
1882.66700000000163
1882.80800000000163
1882.95700000000163
1883.10600000000163
1883.25500000000163
1883.38800000000163
1883.52300000000163
1883.66900000000163
1883.80600000000163
1883.92700000000163
1884.05900000000163
1884.21000000000163
1884.36800000000163
1884.52400000000163
1884.68200000000163
1884.81000000000163
1884.94400000000163
1885.08000000000163
1885.23500000000163
1885.39100000000163
1885.54200000000163
1885.69800000000163
1885.87000000000163
1886.00800000000163
1886.13500000000163
1886.45000000000163
1887.03200000000163
1887.19200000000163
1887.34700000000163
1887.49200000000163
1887.67100000000163
1887.81900000000164
1887.96100000000164
1888.11200000000164
1888.25700000000164
1888.42500000000164
1888.57500000000164
1888.73800000000164
1888.89200000000164
1889.03500000000164
1889.17400000000164
1889.34100000000164
1889.51500000000164
1889.67800000000164
1889.81900000000164
1889.96200000000164
1890.10200000000164
1890.24000000000164
1890.35500000000164
1890.43800000000164
1890.56800000000164
1890.75200000000164
1890.90400000000164
1891.68500000000164
1891.83100000000164
1892.48400000000164
1892.62800000000164
1892.79000000000164
1892.93400000000164
1893.11300000000164
1893.55800000000164
1893.71500000000164
1894.71000000000164
1894.77700000000164
1894.86500000000164
1895.02200000000164
1895.19400000000164
1896.05500000000164
1896.21600000000164
1896.86300000000164
1896.97100000000164
1897.13600000000164
1897.30200000000164
1897.47900000000164
1897.66900000000164
1898.82800000000164
1898.99200000000164
1899.15800000000164
1899.31600000000165
1899.50000000000165
1899.68000000000165
1899.86400000000165
1900.17700000000165
1900.35900000000165
1900.52600000000165
1901.15000000000165
1901.75900000000165
1901.91300000000165
1902.08500000000165
1902.23900000000165
1902.39900000000165
1902.56400000000165
1902.71700000000165
1902.88200000000165
1903.20300000000165
1903.32300000000165
1903.46200000000165
1904.12400000000165
1904.27300000000165
1904.43700000000165
1904.59600000000165
1905.22500000000165
1905.38700000000165
1905.55700000000165
1905.88800000000165
1906.05000000000165
1906.21700000000165
1906.36800000000165
1906.51100000000165
1906.65000000000165
1908.65200000000165
1909.27800000000165
1909.42900000000165
1909.60000000000165
1909.76400000000165
1909.93400000000165
1910.78100000000166
1910.91700000000166
1911.04600000000166
1911.19000000000166
1911.34500000000166
1911.50900000000166
1911.69600000000166
1911.84600000000166
1912.04900000000166
1912.19100000000166
1912.35500000000166
1912.53100000000166
1912.66200000000166
1912.81600000000166
1912.96800000000166
1913.13600000000166
1913.29600000000166
1913.45200000000166
1913.60400000000166
1913.74400000000166
1913.87900000000166
1914.02000000000166
1914.17800000000166
1914.34600000000166
1914.51200000000166
1915.70400000000166
1915.85900000000166
1916.01500000000166
1916.17500000000166
1916.30800000000166
1916.48300000000166
1916.65600000000166
1916.97600000000166
1917.13900000000166
1917.30400000000166
1917.42900000000166
1917.56400000000166
1917.72900000000166
1917.86100000000166
1917.89200000000166
1918.07100000000166
1918.20800000000166
1918.34700000000166
1918.51000000000166
1918.68000000000166
1918.86400000000166
1919.05700000000166
1919.23500000000166
1919.37700000000166
1919.54500000000166
1920.10800000000166
1920.29400000000166
1920.40300000000166
1920.57300000000166
1920.73400000000166
1920.90100000000166
1921.08200000000166
1921.25800000000166
1921.44000000000166
1923.09300000000167
1923.28500000000167
1923.43500000000167
1923.46700000000167
1923.65500000000167
1924.34300000000167
1925.18000000000167
1925.31200000000167
1925.49600000000167
1925.65800000000167
1925.83400000000167
1925.98300000000167
1926.13000000000167
1926.29400000000167
1926.45500000000167
1927.76000000000167
1927.90100000000167
1928.04300000000167
1928.20000000000167
1928.38600000000167
1928.57400000000167
1928.71900000000167
1928.90300000000167
1929.06100000000167
1929.48700000000167
1929.55000000000167
1930.41700000000167
1931.26400000000167
1931.42400000000167
1931.60600000000167
1931.77300000000167
1931.95000000000167
1932.11900000000167
1932.29600000000167
1933.44000000000168
1933.54800000000168
1933.62500000000168
1933.78600000000168
1934.09000000000168
1934.77100000000168
1934.90600000000168
1935.07600000000168
1935.23900000000168
1935.42200000000168
1936.98400000000168
1937.12200000000168
1937.27000000000168
1937.42300000000168
1937.51600000000168
1937.58400000000168
1937.74100000000168
1937.88200000000168
1938.03100000000168
1938.17200000000168
1938.31200000000168
1938.46700000000168
1938.63300000000168
1940.24000000000168
1940.38500000000168
1940.54600000000168
1940.69400000000168
1940.86700000000168
1941.01800000000168
1941.12900000000168
1941.21200000000168
1941.35900000000168
1941.53100000000168
1943.87500000000168
1944.02600000000168
1944.18800000000168
1944.31100000000169
1944.48500000000169
1951.97500000000169
1952.11600000000169
1952.26300000000169
1952.41500000000169
1952.52200000000169
1952.58000000000169
1958.8960000000017
1959.0150000000017
1959.1760000000017
1959.3380000000017
1959.4800000000017
1959.6020000000017
1959.6230000000017
1959.7270000000017
1959.7820000000017
1959.9080000000017
1959.9400000000017
1960.0540000000017
1960.1020000000017
1960.2750000000017
1960.4230000000017
1960.5550000000017
1963.2910000000017
1963.3850000000017
1963.4180000000017
1963.5650000000017
1963.6590000000017
1963.7210000000017
1963.8500000000017
1963.8820000000017
1964.0560000000017
1964.1780000000017
1964.2160000000017
1964.3760000000017
1964.4690000000017
1964.5370000000017
1964.6770000000017
1964.8730000000017
1965.0180000000017
1965.1430000000017
1965.5780000000017
1965.7070000000017
1965.8690000000017
1966.0230000000017
1966.2060000000017
1966.3080000000017
1966.4440000000017
1966.5210000000017
1966.5980000000017
1966.6780000000017
1966.75900000000171
1966.83300000000171
1967.00300000000171
1967.15500000000171
1967.28200000000171
1967.40500000000171
1968.30200000000171
1968.76000000000171
1968.86300000000171
1968.89900000000171
1969.06200000000171
1969.21800000000171
1969.32600000000171
1969.40000000000171
3372.24699999985593
3372.45299999985591
3372.5809999998559
3372.71399999985588
3372.85599999985587
3372.98499999985585
3373.12299999985584
3373.26099999985582
3373.38799999985581
3373.52699999985579
3373.66699999985578
3373.80399999985576
3373.94299999985575
3374.07299999985573
3374.20199999985572
3374.3359999998557
3374.46599999985569
3374.62399999985567
3374.75999999985566
3374.89199999985564
3375.05499999985562
3375.17899999985561
3375.31699999985559
3375.44899999985558
3375.58199999985557
3375.71799999985555
3375.85599999985554
3375.98999999985552
3376.1729999998555
3376.29199999985549
3376.44499999985547
3376.56999999985546
3376.70499999985544
3376.85899999985542
3377.02199999985541
3377.17899999985539
3377.35299999985537
3377.47899999985536
3377.60799999985534
3377.74199999985533
3377.89499999985531
3378.05799999985529
3378.19299999985528
3378.33099999985526
3378.46399999985525
3378.59399999985523
3378.74799999985522
3379.50399999985513
3379.66599999985512
3379.8119999998551
3379.95199999985508
3380.09499999985507
3380.25399999985505
3380.38399999985504
3380.52599999985502
3380.668999999855
3380.80799999985499
3380.95799999985497
3381.12599999985495
3381.30199999985494
3381.44499999985492
3381.5859999998549
3381.76199999985488
3381.90899999985487
3382.08899999985485
3382.24999999985483
3382.42499999985481
3382.5599999998548
3382.73899999985478
3382.90099999985476
3383.18799999985473
3383.31699999985471
3383.48399999985469
3383.61299999985468
3383.75099999985467
3384.83099999985455
3385.00699999985453
3385.16099999985451
3385.30499999985449
3385.45199999985448
3385.59099999985446
3385.75799999985444
3385.89899999985443
3386.04399999985441
3386.21399999985439
3386.34599999985438
3386.48599999985436
3386.66299999985434
3386.80299999985433
3386.99299999985431
3387.12499999985429
3387.26099999985428
3387.40399999985426
3387.55299999985425
3387.70199999985423
3387.86599999985421
3388.0099999998542
3388.21799999985417
3388.36799999985416
3388.52199999985414
3388.68699999985412
3388.82799999985411
3388.99899999985409
3389.16699999985407
3389.34499999985405
3389.52099999985403
3389.67299999985401
3389.829999999854
3396.39499999985327
3396.52499999985326
3396.67599999985324
3396.82599999985323
3396.99499999985321
3397.15399999985319
3397.30299999985317
3397.77699999985312
3397.91399999985311
3398.05399999985309
3398.20299999985307
3398.35799999985306
3398.49699999985304
3399.06399999985298
3399.21999999985296
3399.35599999985295
3399.50899999985293
3399.68499999985291
3399.8249999998529
3399.97999999985288
3400.13699999985286
3400.26899999985285
3400.43899999985283
3400.59099999985281
3400.77399999985279
3400.95899999985277
3401.07599999985276
3401.24599999985274
3401.40499999985272
3401.5579999998527
3401.72399999985269
3401.86999999985267
3402.05599999985265
3402.19299999985263
3402.5009999998526
3402.81999999985257
3403.91399999985244
3404.06199999985243
3404.22799999985241
3404.3629999998524
3404.50999999985238
3404.65099999985236
3404.79699999985235
3404.96799999985233
3405.12699999985231
3405.2709999998523
3405.42299999985228
3405.56299999985226
3405.71799999985225
3405.87599999985223
3406.00899999985221
3406.1789999998522
3406.32499999985218
3406.48799999985216
3406.66499999985214
3406.84899999985212
3407.0159999998521
3407.16499999985209
3407.34199999985207
3407.50899999985205
3407.67599999985203
3407.81699999985202
3407.966999999852
3408.11699999985198
3408.29099999985196
3408.47399999985194
3408.61699999985193
3408.8209999998519
3408.97999999985189
3409.13599999985187
3409.30599999985185
3409.46399999985183
3409.60799999985182
3409.7609999998518
3409.92399999985178
3410.08699999985176
3410.26999999985174
3410.42099999985173
3410.56699999985171
3410.72799999985169
3410.89399999985168
3411.04199999985166
3411.22999999985164
3411.38499999985162
3411.53399999985161
3411.68499999985159
3411.83999999985157
3411.98299999985156
3412.12799999985154
3412.30399999985152
3412.4699999998515
3412.64899999985148
3412.80599999985147
3412.98699999985145
3413.14899999985143
3413.31999999985141
3413.52299999985139
3413.65099999985137
3413.78899999985136
3415.02499999985122
3415.16899999985121
3415.33699999985119
3415.48599999985117
3415.64699999985115
3415.78299999985114
3415.94299999985112
3416.0919999998511
3416.24099999985109
3416.39799999985107
3416.55999999985105
3416.73299999985103
3416.86699999985102
3417.038999999851
3417.17299999985098
3417.31799999985097
3417.47999999985095
3417.61799999985094
3417.78599999985092
3417.9429999998509
3418.10599999985088
3418.25899999985086
3418.42199999985085
3418.58599999985083
3418.76599999985081
3418.92199999985079
3419.08299999985077
3419.23099999985076
3419.39299999985074
3419.59999999985072
3419.7529999998507
3419.89699999985068
3420.06199999985067
3420.23099999985065
3420.41099999985063
3420.58499999985061
3420.76499999985059
3420.92599999985057
3421.11099999985055
3421.25199999985054
3421.40899999985052
3421.5549999998505
3421.69699999985049
3421.83599999985047
3421.98299999985046
3422.13099999985044
3422.29699999985042
3422.4529999998504
3422.79699999985037
3422.94799999985035
3423.3859999998503
3423.53799999985028
3423.69499999985027
3423.84199999985025
3424.00699999985023
3424.14499999985022
3426.07599999985
3426.22099999984999
3426.38899999984997
3426.54899999984995
3426.70899999984993
3426.87299999984992
3427.0359999998499
3427.20699999984988
3427.35999999984986
3427.55199999984984
3427.69899999984983
3427.84399999984981
3427.98899999984979
3428.13499999984978
3428.28499999984976
3428.45799999984974
3428.61099999984972
3428.77599999984971
3428.93899999984969
3429.10799999984967
3429.26099999984965
3429.43199999984963
3429.57699999984962
3429.7339999998496
3429.87699999984959
3430.02599999984957
3430.18399999984955
3430.34999999984953
3430.52399999984951
3430.6859999998495
3430.85299999984948
3430.95099999984947
3431.03099999984946
3431.17599999984944
3431.32899999984943
3431.48299999984941
3431.64599999984939
3431.80499999984937
3432.76999999984927
3432.93599999984925
3433.09999999984923
3433.25699999984921
3433.4209999998492
3433.55799999984918
3433.72799999984916
3433.87299999984915
3434.03399999984913
3434.16899999984911
3434.3239999998491
3434.47199999984908
3434.61699999984906
3434.78199999984905
3434.94899999984903
3435.12399999984901
3435.30499999984899
3435.47099999984897
3435.79499999984893
3435.91999999984892
3436.0599999998489
3436.35799999984887
3436.49799999984886
3436.64399999984884
3436.79699999984882
3436.96099999984881
3437.10999999984879
3437.29799999984877
3437.44299999984875
3437.59299999984874
3437.73699999984872
3437.8879999998487
3438.03599999984869
3438.21199999984867
3438.35799999984865
3438.54299999984863
3438.67999999984862
3438.77599999984861
3438.88099999984859
3439.03699999984858
3439.18399999984856
3439.33199999984854
3439.47299999984853
3439.65499999984851
3439.79799999984849
3439.93099999984848
3440.10299999984846
3440.26999999984844
3440.44699999984842
3440.6159999998484
3440.79999999984838
3440.87399999984837
3440.95199999984837
3441.13499999984835
3443.92999999984804
3444.06699999984802
3444.21099999984801
3444.39099999984799
3444.55399999984797
3444.72799999984795
3444.89599999984793
3445.08699999984791
3445.26099999984789
3445.43899999984787
3445.58499999984786
3445.72899999984784
3445.88799999984782
3446.03199999984781
3446.17899999984779
3446.32199999984777
3446.44899999984776
3446.63699999984774
3446.81299999984772
3446.9939999998477
3447.16699999984768
3447.30199999984767
3447.44699999984765
3447.59399999984763
3447.74099999984762
3447.8899999998476
3448.06799999984758
3448.22699999984756
3448.42799999984754
3448.59099999984752
3448.64899999984752
3448.73299999984751
3448.91399999984749
3449.08399999984747
3449.26299999984745
3449.44499999984743
3452.99399999984704
3453.12499999984702
3453.28399999984701
3453.47199999984699
3453.60499999984697
3453.78699999984695
3453.95799999984693
3454.10099999984692
3454.2689999998469
3470.99699999984506
3471.12599999984504
3471.25699999984503
3471.40799999984501
3471.56199999984499
3471.71299999984498
3471.86199999984496
3472.01099999984494
3472.17599999984493
3472.34299999984491
3472.50099999984489
3472.63499999984488
3472.81599999984486
3472.95299999984484
3473.10099999984482
3473.24199999984481
3473.38799999984479
3473.53799999984478
3473.73899999984475
3473.87099999984474
3474.02899999984472
3474.1999999998447
3474.34599999984469
3474.50299999984467
3474.65299999984465
3474.80599999984464
3475.46399999984456
3475.51699999984456
3475.60499999984455
3475.74399999984453
3475.90099999984452
3476.0579999998445
3476.24099999984448
3476.38499999984446
3476.55099999984444
3476.68699999984443
3476.83299999984441
3476.9859999998444
3477.14399999984438
3477.31099999984436
3477.44599999984435
3477.58899999984433
3477.74399999984431
3477.9049999998443
3479.35999999984414
3479.50099999984412
3479.6779999998441
3479.84999999984408
3479.98199999984407
3480.15099999984405
3480.28599999984403
3480.45699999984402
3480.602999999844
3480.73799999984398
3480.89599999984397
3481.02599999984395
3482.64799999984377
3482.81599999984376
3482.96599999984374
3486.20099999984338
3486.33799999984337
3486.48099999984335
3486.62999999984334
3486.81999999984331
3486.9609999998433
3487.10899999984328
3487.26999999984326
3487.42399999984325
3487.58199999984323
3487.74799999984321
3487.92399999984319
3488.06999999984318
3488.23899999984316
3488.36699999984314
3488.52399999984313
3489.50899999984302
3489.661999999843
3489.81699999984298
3489.98299999984297
3490.15099999984295
3490.32999999984293
3490.50699999984291
3490.65199999984289
3490.83099999984287
3490.96899999984286
3491.78999999984277
3491.94399999984275
3492.13199999984273
3492.30899999984271
3492.48699999984269
3492.66399999984267
3492.79599999984266
3492.97899999984264
3493.13699999984262
3493.3109999998426
3493.45499999984258
3493.61299999984257
3494.66299999984245
3494.84599999984243
3495.01299999984241
3495.20199999984239
3495.37099999984237
3495.55799999984235
3495.71899999984233
3495.85099999984232
3495.9959999998423
3496.13399999984229
3496.32799999984227
3496.47499999984225
3496.67799999984223
3496.87099999984221
3497.01099999984219
3497.21899999984217
3497.33999999984216
3499.07699999984196
3499.20499999984195
3499.36799999984193
3499.54699999984191
3499.6799999998419
3499.88099999984188
3500.00299999984186
3500.13499999984185
3500.28199999984183
3500.42999999984182
3500.5799999998418
3500.77999999984178
-4
196.641000000000133
197.494000000000134
936.71200000000079
936.84500000000079
936.97200000000079
937.181000000000791
937.265000000000791
937.413000000000791
937.565000000000791
937.705000000000791
937.861000000000791
937.996000000000791
938.157000000000792
938.279000000000792
938.637000000000792
938.882000000000792
939.033000000000792
939.180000000000792
939.323000000000793
939.461000000000793
939.760000000000793
939.902000000000793
940.060000000000793
940.198000000000793
940.784000000000794
940.926000000000794
941.086000000000794
941.250000000000794
941.385000000000794
942.444000000000795
942.604000000000796
942.755000000000796
942.926000000000796
943.066000000000796
943.209000000000796
943.358000000000796
943.968000000000797
944.082000000000797
944.158000000000797
944.358000000000797
944.510000000000797
944.875000000000798
945.033000000000798
945.200000000000798
945.360000000000798
945.513000000000798
946.543000000000799
946.714000000000799
946.909000000000799
947.060000000000799
947.1960000000008
947.3350000000008
947.8130000000008
947.9900000000008
948.1690000000008
948.360000000000801
948.519000000000801
948.659000000000801
948.791000000000801
949.453000000000802
949.638000000000802
949.834000000000802
949.999000000000802
950.142000000000802
950.276000000000802
950.563000000000803
950.743000000000803
950.924000000000803
951.097000000000803
951.276000000000803
951.429000000000803
951.569000000000803
952.506000000000804
952.678000000000804
952.856000000000805
953.009000000000805
953.191000000000805
953.374000000000805
953.513000000000805
953.660000000000805
953.785000000000805
953.980000000000806
954.163000000000806
954.354000000000806
954.501000000000806
954.632000000000806
954.805000000000806
954.987000000000806
955.145000000000807
955.332000000000807
955.530000000000807
955.726000000000807
955.888000000000807
955.998000000000807
957.075000000000808
957.250000000000808
957.433000000000809
957.621000000000809
957.780000000000809
957.919000000000809
958.064000000000809
958.203000000000809
958.36000000000081
958.55500000000081
958.75000000000081
958.95400000000081
959.13300000000081
959.32900000000081
959.47500000000081
959.616000000000811
960.237000000000811
960.400000000000811
960.579000000000811
960.763000000000812
960.944000000000812
961.140000000000812
961.331000000000812
961.351000000000812
961.499000000000812
962.843000000000814
963.009000000000814
963.185000000000814
963.360000000000814
963.542000000000814
963.705000000000814
963.880000000000814
964.009000000000815
964.476000000000815
964.636000000000815
964.812000000000815
964.978000000000815
965.164000000000816
965.361000000000816
965.518000000000816
965.692000000000816
965.839000000000816
966.019000000000816
966.206000000000816
966.343000000000817
968.196000000000818
968.365000000000818
968.546000000000818
968.725000000000819
968.888000000000819
969.074000000000819
969.260000000000819
969.407000000000819
969.56500000000082
970.16100000000082
970.33900000000082
970.52800000000082
970.71800000000082
970.895000000000821
971.033000000000821
971.384000000000821
971.558000000000821
971.746000000000821
971.895000000000822
972.075000000000822
972.275000000000822
972.475000000000822
972.679000000000822
972.816000000000822
972.959000000000822
973.071000000000823
973.738000000000823
973.917000000000823
974.085000000000823
974.254000000000824
974.415000000000824
974.590000000000824
974.754000000000824
974.929000000000824
975.066000000000824
975.221000000000824
975.408000000000825
975.593000000000825
975.788000000000825
975.916000000000825
976.734000000000826
977.368000000000826
977.554000000000826
977.727000000000827
977.901000000000827
978.071000000000827
978.255000000000827
978.448000000000827
978.585000000000827
978.711000000000828
978.862000000000828
979.026000000000828
979.163000000000828
979.354000000000828
979.550000000000828
979.735000000000828
979.911000000000829
980.682000000000829
980.85500000000083
981.03700000000083
981.22800000000083
981.43900000000083
981.63300000000083
981.80700000000083
981.92600000000083
982.836000000000831
983.015000000000831
983.211000000000832
983.411000000000832
983.587000000000832
983.786000000000832
983.924000000000832
984.047000000000832
984.213000000000832
984.382000000000833
984.532000000000833
984.682000000000833
984.849000000000833
985.044000000000833
985.192000000000833
985.844000000000834
986.685000000000835
986.862000000000835
987.038000000000835
987.334000000000835
987.492000000000835
988.889000000000837
989.029000000000837
989.175000000000837
989.617000000000837
989.775000000000837
989.950000000000838
993.18500000000084
993.347000000000841
993.520000000000841
993.658000000000841
995.584000000000843
995.746000000000843
995.894000000000843
996.310000000000843
1004.750000000000851
1010.266000000000856
1010.401000000000856
1010.546000000000856
1010.712000000000856
1011.291000000000856
1011.457000000000857
1011.636000000000857
1011.796000000000857
1011.909000000000857
1013.404000000000858
1013.483000000000858
1142.37900000000097
1142.52100000000097
1142.66400000000097
1143.34200000000097
1143.47900000000097
1143.65100000000097
1143.80600000000097
1143.95300000000097
1144.47700000000097
1144.63400000000097
1144.79400000000098
1144.95300000000098
1145.08400000000098
1145.20300000000098
1146.21100000000098
1146.37900000000098
1146.55200000000098
1146.68200000000098
1146.80100000000098
1147.35100000000098
1147.51500000000098
1147.68100000000098
1147.84700000000098
1147.96300000000098
1148.07700000000098
1148.67400000000098
1148.83800000000098
1149.00700000000098
1149.15700000000098
1149.32000000000098
1149.47200000000098
1149.60300000000098
1150.81400000000098
1150.98700000000098
1151.14500000000098
1151.27200000000098
1151.40100000000098
1151.54400000000098
1151.72500000000098
1151.87700000000098
1152.07000000000098
1152.20900000000098
1152.33800000000098
1152.48800000000098
1152.64100000000098
1152.84600000000098
1152.99000000000098
1154.25700000000098
1154.41000000000098
1154.58100000000098
1154.76000000000098
1154.88900000000098
1155.01400000000098
1882.15600000000163
1882.28300000000163
1882.43000000000163
1882.58600000000163
1882.73100000000163
1882.87700000000163
1883.02900000000163
1883.17500000000163
1883.31200000000163
1883.44800000000163
1883.58900000000163
1883.72300000000163
1883.84100000000163
1883.98000000000163
1884.12900000000163
1884.28800000000163
1884.43900000000163
1884.60700000000163
1884.73800000000163
1884.86600000000163
1884.99500000000163
1885.15600000000163
1885.31200000000163
1885.46800000000163
1885.61500000000163
1885.79400000000163
1885.93500000000163
1886.08600000000163
1886.19400000000163
1886.46900000000163
1887.09700000000163
1887.26400000000163
1887.41400000000163
1887.57900000000163
1887.74800000000163
1887.88800000000164
1888.03300000000164
1888.17200000000164
1888.34300000000164
1888.49400000000164
1888.66200000000164
1888.81700000000164
1888.95400000000164
1889.08900000000164
1889.25700000000164
1889.42600000000164
1889.60400000000164
1889.74300000000164
1889.88700000000164
1890.01500000000164
1890.15900000000164
1890.35200000000164
1890.37500000000164
1890.49300000000164
1890.66100000000164
1890.83300000000164
1891.59900000000164
1891.73800000000164
1891.88000000000164
1892.54500000000164
1892.71000000000164
1892.86100000000164
1893.03000000000164
1893.48500000000164
1893.63700000000164
1894.63100000000164
1894.77500000000164
1894.79700000000164
1894.93400000000164
1895.10900000000164
1895.96500000000164
1896.10600000000164
1896.24100000000164
1896.89600000000164
1897.05300000000164
1897.21400000000164
1897.39900000000164
1897.57900000000164
1898.73700000000164
1898.91700000000164
1899.07700000000164
1899.23600000000165
1899.41900000000165
1899.59600000000165
1899.78100000000165
1900.09100000000165
1900.26900000000165
1900.45000000000165
1900.89700000000165
1901.17400000000165
1901.83400000000165
1902.00700000000165
1902.16100000000165
1902.32100000000165
1902.49000000000165
1902.64400000000165
1902.80500000000165
1903.19600000000165
1903.25800000000165
1903.38500000000165
1903.51500000000165
1904.19000000000165
1904.35700000000165
1904.52100000000165
1905.14700000000165
1905.31300000000165
1905.47900000000165
1905.81200000000165
1905.97000000000165
1906.13500000000165
1906.28300000000165
1906.42600000000165
1906.57000000000165
1908.54400000000165
1908.67000000000165
1909.35000000000165
1909.51700000000165
1909.68800000000165
1909.85300000000165
1910.76500000000166
1910.82100000000166
1910.96300000000166
1911.10100000000166
1911.26000000000166
1911.42300000000166
1911.61000000000166
1911.77300000000166
1911.94800000000166
1912.12900000000166
1912.27600000000166
1912.44500000000166
1912.59200000000166
1912.73700000000166
1912.89300000000166
1913.05300000000166
1913.21700000000166
1913.36100000000166
1913.51000000000166
1913.66300000000166
1913.80000000000166
1913.94300000000166
1914.09600000000166
1914.26300000000166
1914.43700000000166
1915.60300000000166
1915.75000000000166
1915.93400000000166
1916.09400000000166
1916.24600000000166
1916.40200000000166
1916.57900000000166
1916.94500000000166
1917.05600000000166
1917.20500000000166
1917.35600000000166
1917.48700000000166
1917.64800000000166
1917.81000000000166
1917.87500000000166
1917.99000000000166
1918.13200000000166
1918.25400000000166
1918.42600000000166
1918.59800000000166
1918.77600000000166
1918.97500000000166
1919.15500000000166
1919.29800000000166
1919.42100000000166
1919.58600000000166
1920.13700000000166
1920.32700000000166
1920.49100000000166
1920.65600000000166
1920.81900000000166
1921.00300000000166
1921.17900000000166
1921.36000000000166
1923.02000000000167
1923.20300000000167
1923.39700000000167
1923.45100000000167
1923.57600000000167
1924.25100000000167
1924.38000000000167
1925.23600000000167
1925.40400000000167
1925.58000000000167
1925.75500000000167
1925.90700000000167
1926.04900000000167
1926.21700000000167
1926.37800000000167
1927.67700000000167
1927.79900000000167
1927.96000000000167
1928.11600000000167
1928.29000000000167
1928.49200000000167
1928.65800000000167
1928.82000000000167
1928.98000000000167
1929.47600000000167
1929.50600000000167
1930.32400000000167
1930.45500000000167
1931.33500000000167
1931.51200000000167
1931.69900000000167
1931.87400000000167
1932.04000000000167
1932.21500000000167
1933.37500000000168
1933.53900000000168
1933.56100000000168
1933.70400000000168
1933.98800000000168
1934.13800000000168
1934.82500000000168
1934.99300000000168
1935.16200000000168
1935.34400000000168
1936.91400000000168
1937.04400000000168
1937.19000000000168
1937.32900000000168
1937.50500000000168
1937.52100000000168
1937.66100000000168
1937.82900000000168
1937.93900000000168
1938.07000000000168
1938.23200000000168
1938.38600000000168
1938.55500000000168
1940.16000000000168
1940.30100000000168
1940.45800000000168
1940.60600000000168
1940.78000000000168
1940.93300000000168
1941.11600000000168
1941.14200000000168
1941.28200000000168
1941.44400000000168
1941.93500000000168
1943.93800000000168
1944.09300000000168
1944.23100000000168
1944.39800000000169
1944.53800000000169
1952.03200000000169
1952.17600000000169
1952.33400000000169
1952.50200000000169
1952.57700000000169
1952.64700000000169
1958.9430000000017
1959.0980000000017
1959.2570000000017
1959.4040000000017
1959.5540000000017
1959.6160000000017
1959.7130000000017
1959.7720000000017
1959.8680000000017
1959.9270000000017
1960.0310000000017
1960.0920000000017
1960.2000000000017
1960.3470000000017
1960.4720000000017
1960.5980000000017
1963.3350000000017
1963.4070000000017
1963.4810000000017
1963.6410000000017
1963.6760000000017
1963.8030000000017
1963.8680000000017
1963.9800000000017
1964.1430000000017
1964.2000000000017
1964.2990000000017
1964.4530000000017
1964.4800000000017
1964.5900000000017
1964.7550000000017
1964.9090000000017
1965.0580000000017
1965.1820000000017
1965.6050000000017
1965.7670000000017
1965.9290000000017
1966.1100000000017
1966.2570000000017
1966.4390000000017
1966.5120000000017
1966.5890000000017
1966.6080000000017
1966.75100000000171
1966.7810000000017
1966.91800000000171
1967.05700000000171
1967.20300000000171
1967.33000000000171
1967.45900000000171
1968.32500000000171
1968.80400000000171
1968.88100000000171
1968.96300000000171
1969.12000000000171
1969.30600000000171
1969.35000000000171
1969.43400000000171
3372.26199999985593
3372.4949999998559
3372.62699999985589
3372.76799999985588
3372.90499999985586
3373.04099999985584
3373.17099999985583
3373.29899999985582
3373.4389999998558
3373.58399999985578
3373.71899999985577
3373.85899999985575
3373.98699999985574
3374.11699999985573
3374.25099999985571
3374.3859999998557
3374.53799999985568
3374.67799999985566
3374.80799999985565
3374.95899999985563
3375.10399999985562
3375.2339999998556
3375.37299999985559
3375.50399999985557
3375.62599999985556
3375.76699999985554
3375.90099999985553
3376.07399999985551
3376.22599999985549
3376.36299999985548
3376.49699999985546
3376.62399999985545
3376.75499999985544
3376.89699999985542
3377.0919999998554
3377.30499999985538
3377.40699999985536
3377.52699999985535
3377.65399999985534
3377.80999999985532
3377.9519999998553
3378.11199999985529
3378.25199999985527
3378.38999999985526
3378.51899999985524
3378.64999999985523
3378.80099999985521
3379.57399999985513
3379.73199999985511
3379.87399999985509
3380.00999999985508
3380.15499999985506
3380.30499999985504
3380.44099999985503
3380.58599999985501
3380.721999999855
3380.86199999985498
3381.03999999985496
3381.20299999985495
3381.36299999985493
3381.50299999985491
3381.67499999985489
3381.82499999985488
3381.99799999985486
3382.15899999985484
3382.31199999985482
3382.47799999985481
3382.64299999985479
3382.81199999985477
3383.12399999985473
3383.24899999985472
3383.37699999985471
3383.54099999985469
3383.67699999985467
3383.81499999985466
3384.91799999985454
3385.07599999985452
3385.2119999998545
3385.37099999985449
3385.50299999985447
3385.64999999985446
3385.81599999985444
3385.95699999985442
3386.1299999998544
3386.26599999985439
3386.40299999985437
3386.57799999985435
3386.71799999985434
3386.88699999985432
3387.0459999998543
3387.18099999985429
3387.32499999985427
3387.45699999985426
3387.61299999985424
3387.77399999985422
3387.91999999985421
3388.10499999985419
3388.28199999985417
3388.43199999985415
3388.59899999985413
3388.74599999985412
3388.9109999998541
3389.07699999985408
3389.25199999985406
3389.41199999985404
3389.58299999985402
3389.74099999985401
3389.89699999985399
3396.44299999985327
3396.58499999985325
3396.74899999985323
3396.90299999985322
3397.0729999998532
3397.22899999985318
3397.37899999985316
3397.83599999985311
3397.9779999998531
3398.12599999985308
3398.27199999985307
3398.42199999985305
3398.56399999985303
3399.13999999985297
3399.28899999985295
3399.43699999985294
3399.59099999985292
3399.7549999998529
3399.89899999985289
3400.05799999985287
3400.19699999985285
3400.36099999985284
3400.50999999985282
3400.6669999998528
3400.84499999985278
3401.01699999985276
3401.15699999985275
3401.32199999985273
3401.47699999985271
3401.6379999998527
3401.78999999985268
3401.95099999985266
3402.13399999985264
3402.26599999985263
3402.57199999985259
3402.85299999985256
3403.98099999985244
3404.18599999985242
3404.2849999998524
3404.42899999985239
3404.57099999985237
3404.71499999985236
3404.87999999985234
3405.02899999985232
3405.1929999998523
3405.34599999985229
3405.48299999985227
3405.63799999985226
3405.77899999985224
3405.93499999985222
3406.06499999985221
3406.24199999985219
3406.39899999985217
3406.57599999985215
3406.74999999985213
3406.92499999985211
3407.0799999998521
3407.25599999985208
3407.41899999985206
3407.59899999985204
3407.73299999985202
3407.88399999985201
3408.03399999985199
3408.20399999985197
3408.38599999985195
3408.54899999985193
3408.72199999985192
3408.8999999998519
3409.05699999985188
3409.22099999985186
3409.38499999985184
3409.52699999985183
3409.67399999985181
3409.83799999985179
3409.99099999985178
3410.17199999985176
3410.33599999985174
3410.48699999985172
3410.6419999998517
3410.80799999985169
3410.96499999985167
3411.12099999985165
3411.31199999985163
3411.45799999985161
3411.6079999998516
3411.75399999985158
3411.89899999985157
3412.04099999985155
3412.21699999985153
3412.38499999985151
3412.56399999985149
3412.72599999985147
3412.88499999985146
3413.07099999985144
3413.23599999985142
3413.4129999998514
3413.58599999985138
3413.70399999985137
3413.84099999985135
3415.08599999985121
3415.2489999998512
3415.39399999985118
3415.56099999985116
3415.70099999985115
3415.85599999985113
3416.00799999985111
3416.1579999998511
3416.31499999985108
3416.47899999985106
3416.68199999985104
3416.79399999985103
3416.94699999985101
3417.09499999985099
3417.23599999985098
3417.39599999985096
3417.53599999985094
3417.69699999985093
3417.85699999985091
3418.02299999985089
3418.18499999985087
3418.33799999985086
3418.50199999985084
3418.65899999985082
3418.8469999998508
3419.00499999985078
3419.14999999985077
3419.29199999985075
3419.49299999985073
3419.67399999985071
3419.81399999985069
3419.97099999985068
3420.14599999985066
3420.32299999985064
3420.49899999985062
3420.6769999998506
3420.86499999985058
3421.06199999985056
3421.16799999985054
3421.32299999985053
3421.5479999998505
3421.6179999998505
3421.76199999985048
3421.89699999985046
3422.05199999985045
3422.21099999985043
3422.38799999985041
3422.72099999985037
3422.87199999985036
3423.30899999985031
3423.45399999985029
3423.61099999985028
3423.76599999985026
3423.90499999985024
3424.06799999985022
3424.20599999985021
3426.13899999985
3426.30299999984998
3426.46599999984996
3426.62399999984994
3426.79099999984993
3426.94799999984991
3427.12799999984989
3427.28599999984987
3427.45599999984985
3427.69099999984983
3427.76599999984982
3427.9089999998498
3428.04399999984979
3428.19699999984977
3428.36199999984975
3428.52499999984973
3428.68899999984972
3428.8539999998497
3429.00299999984968
3429.17199999984966
3429.34299999984964
3429.49499999984963
3429.63399999984961
3429.79999999984959
3429.93499999984958
3430.09099999984956
3430.25799999984954
3430.42699999984952
3430.59999999984951
3430.75299999984949
3430.94499999984947
3430.96199999984947
3431.09499999984945
3431.24599999984943
3431.38999999984942
3431.5609999998494
3431.70199999984938
3431.84299999984937
3432.84499999984926
3433.01799999984924
3433.16799999984922
3433.31899999984921
3433.47299999984919
3433.69299999984916
3433.79699999984915
3433.94399999984914
3434.06099999984912
3434.2409999998491
3434.38499999984909
3434.52499999984907
3434.69299999984906
3434.85999999984904
3435.03399999984902
3435.213999999849
3435.37099999984898
3435.71999999984894
3435.84799999984893
3435.97999999984891
3436.27899999984888
3436.41699999984886
3436.55999999984885
3436.71399999984883
3436.86499999984882
3437.0289999998488
3437.28699999984877
3437.36299999984876
3437.50499999984875
3437.65899999984873
3437.80599999984871
3437.9519999998487
3438.10299999984868
3438.27799999984866
3438.45299999984864
3438.61499999984862
3438.77399999984861
3438.7939999998486
3438.95699999984859
3439.10099999984857
3439.25399999984855
3439.39099999984854
3439.56399999984852
3439.7399999998485
3439.84999999984849
3439.98999999984847
3440.17899999984845
3440.34499999984843
3440.51299999984841
3440.70999999984839
3440.86399999984838
3440.88099999984837
3441.00299999984836
3441.16099999984834
3443.97499999984803
3444.11899999984802
3444.292999999848
3444.47499999984798
3444.64899999984796
3444.81699999984794
3444.99299999984792
3445.1789999998479
3445.35199999984788
3445.49499999984787
3445.63399999984785
3445.79299999984783
3445.94099999984782
3446.0909999998478
3446.22799999984778
3446.35799999984777
3446.53899999984775
3446.72299999984773
3446.89499999984771
3447.08399999984769
3447.22399999984768
3447.35799999984766
3447.49499999984764
3447.64799999984763
3447.79299999984761
3447.97399999984759
3448.13699999984757
3448.33099999984755
3448.49899999984753
3448.64399999984752
3448.65799999984752
3448.8179999998475
3448.97499999984748
3449.16699999984746
3449.35099999984744
3449.49599999984742
3453.02699999984704
3453.18699999984702
3453.370999999847
3453.52899999984698
3453.70299999984696
3453.86499999984694
3454.01699999984693
3454.18099999984691
3454.3009999998469
3471.04799999984505
3471.17999999984504
3471.32699999984502
3471.477999999845
3471.62799999984499
3471.77899999984497
3471.92899999984495
3472.09499999984494
3472.26199999984492
3472.4189999998449
3472.55699999984488
3472.73499999984487
3472.87099999984485
3473.01299999984483
3473.15499999984482
3473.3029999998448
3473.44399999984479
3473.62999999984477
3473.80699999984475
3473.94499999984473
3474.11399999984471
3474.2589999998447
3474.39999999984468
3474.56099999984466
3474.71499999984465
3474.84799999984463
3475.51099999984456
3475.53299999984456
3475.65699999984454
3475.80999999984453
3475.97199999984451
3476.15499999984449
3476.30799999984447
3476.46999999984445
3476.60299999984444
3476.73999999984442
3476.89299999984441
3477.05499999984439
3477.19899999984437
3477.36299999984436
3477.50399999984434
3477.67199999984432
3477.79899999984431
3477.93199999984429
3479.40999999984413
3479.57599999984411
3479.75799999984409
3479.90399999984408
3480.06499999984406
3480.20499999984404
3480.37499999984402
3480.52099999984401
3480.65399999984399
3480.79199999984398
3480.94699999984396
3481.07599999984395
3482.71199999984377
3482.87199999984375
3483.00099999984373
3486.22299999984338
3486.37699999984336
3486.53399999984335
3486.70999999984333
3486.86399999984331
3487.01699999984329
3487.17799999984327
3487.33399999984326
3487.49699999984324
3487.66399999984322
3487.8329999998432
3487.98299999984319
3488.14099999984317
3488.28299999984315
3488.40899999984314
3488.55899999984312
3489.55999999984301
3489.713999999843
3489.88499999984298
3490.05199999984296
3490.23799999984294
3490.41899999984292
3490.5649999998429
3490.74199999984288
3490.87399999984287
3490.99699999984285
3491.84699999984276
3492.03499999984274
3492.21999999984272
3492.3949999998427
3492.57399999984268
3492.70799999984267
3492.88799999984265
3493.04699999984263
3493.19399999984261
3493.36599999984259
3493.51899999984258
3493.66399999984256
3494.73499999984244
3494.91499999984242
3495.0979999998424
3495.26999999984238
3495.45999999984236
3495.59999999984235
3495.75199999984233
3495.89799999984231
3496.0399999998423
3496.22099999984228
3496.37799999984226
3496.59599999984224
3496.77699999984222
3496.9199999998422
3497.11099999984218
3497.25699999984216
3497.39399999984215
3499.10699999984196
3499.26399999984194
3499.43699999984192
3499.59599999984191
3499.78399999984189
3499.91499999984187
3500.04699999984186
3500.17999999984184
3500.33099999984183
3500.48499999984181
3500.68199999984179
3500.82199999984177
0
0
0
0
0
0
0
0
0
0
0
0
0
3600.00099999983085
0
0
0
0
0
0
