8
11
19
8
11
19
IPPneo1.12
sacch1
0
4
11
13
24
12
14
55
22
4
.3
1
1278
1278
1
594
594
1
1
1
1
1
1
1
1
1
1
1
1
1
1
1
1
1
1
1
1
1277
-1
30.3249999999999882
30.8859999999999877
31.0329999999999876
31.1729999999999875
138.794000000000082
265.258000000000194
265.731000000000194
266.063000000000195
267.726000000000196
268.836000000000197
269.187000000000197
341.298000000000261
341.431000000000262
341.585000000000262
341.728000000000262
341.876000000000262
342.027000000000262
342.178000000000262
342.337000000000262
343.667000000000264
343.808000000000264
343.976000000000264
344.148000000000264
344.316000000000264
344.480000000000264
344.635000000000264
345.897000000000266
346.056000000000266
346.215000000000266
346.390000000000266
346.572000000000266
347.129000000000267
347.276000000000267
347.443000000000267
347.614000000000267
349.119000000000268
349.260000000000269
349.419000000000269
349.591000000000269
349.773000000000269
350.99400000000027
351.13600000000027
351.29800000000027
351.46600000000027
351.653000000000271
351.829000000000271
352.010000000000271
352.170000000000271
352.322000000000271
353.523000000000272
353.684000000000272
353.854000000000273
354.032000000000273
354.633000000000273
354.802000000000273
354.971000000000274
355.140000000000274
355.292000000000274
356.395000000000275
356.546000000000275
356.710000000000275
357.162000000000276
357.335000000000276
357.504000000000276
357.676000000000276
362.37800000000028
405.368000000000318
405.516000000000319
405.671000000000319
405.834000000000319
406.000000000000319
406.163000000000319
406.321000000000319
407.02400000000032
407.16300000000032
407.32200000000032
407.50300000000032
407.67100000000032
407.836000000000321
408.997000000000322
409.145000000000322
409.310000000000322
409.478000000000322
409.667000000000322
409.784000000000322
409.971000000000322
410.903000000000323
411.058000000000323
411.223000000000324
411.397000000000324
411.844000000000324
412.143000000000324
412.284000000000325
503.556000000000406
503.973000000000406
504.314000000000406
504.976000000000407
505.476000000000407
505.918000000000408
506.379000000000408
506.397000000000408
506.519000000000408
506.658000000000408
508.08800000000041
508.24100000000041
508.40000000000041
508.57100000000041
508.74600000000041
508.93000000000041
509.10100000000041
509.278000000000411
509.451000000000411
509.581000000000411
509.761000000000411
509.936000000000411
510.126000000000411
510.332000000000412
511.321000000000412
511.477000000000413
511.675000000000413
511.848000000000413
512.026000000000413
512.649000000000414
512.802000000000414
512.980000000000414
513.200000000000414
513.362000000000414
513.542000000000414
514.276000000000415
514.408000000000415
514.582000000000415
514.756000000000416
514.930000000000416
515.114000000000416
515.305000000000416
515.481000000000416
515.653000000000416
515.820000000000416
515.996000000000417
516.153000000000417
516.333000000000417
517.248000000000418
517.415000000000418
517.602000000000418
517.770000000000418
517.951000000000418
518.136000000000418
518.318000000000419
519.22400000000042
519.37200000000042
519.53500000000042
519.71200000000042
519.88800000000042
520.07400000000042
520.980000000000421
521.139000000000421
521.307000000000421
521.481000000000421
521.662000000000422
521.842000000000422
522.040000000000422
522.210000000000422
522.377000000000422
522.552000000000422
522.715000000000423
523.332000000000423
523.488000000000423
523.652000000000423
523.826000000000424
524.009000000000424
524.190000000000424
524.377000000000424
524.563000000000424
524.717000000000424
525.813000000000425
525.965000000000425
526.135000000000426
526.313000000000426
526.498000000000426
526.700000000000426
526.885000000000426
527.075000000000426
551.297000000000448
551.581000000000448
551.722000000000448
551.900000000000448
552.039000000000449
552.190000000000449
552.346000000000449
552.513000000000449
552.682000000000449
552.855000000000449
553.69800000000045
553.84500000000045
554.01000000000045
554.191000000000451
554.361000000000451
554.535000000000451
555.401000000000452
555.553000000000452
555.727000000000452
555.922000000000452
556.109000000000452
556.263000000000452
556.459000000000453
557.305000000000453
557.472000000000453
557.642000000000454
557.818000000000454
558.001000000000454
558.190000000000454
558.331000000000454
558.459000000000454
558.682000000000454
558.870000000000455
559.067000000000455
560.267000000000456
560.422000000000456
560.602000000000456
560.789000000000456
560.967000000000457
561.100000000000457
561.275000000000457
561.907000000000457
562.053000000000458
562.230000000000458
562.420000000000458
562.604000000000458
563.358000000000459
563.493000000000459
563.661000000000459
563.840000000000459
564.032000000000459
564.215000000000459
572.197000000000467
572.337000000000467
572.487000000000467
572.647000000000467
572.812000000000467
573.002000000000467
575.55000000000047
577.338000000000471
577.453000000000471
577.597000000000471
577.766000000000471
577.939000000000472
578.119000000000472
578.295000000000472
680.236000000000562
680.358000000000563
680.500000000000563
680.705000000000563
680.865000000000563
754.863000000000629
755.541000000000629
756.85600000000063
757.001000000000631
757.161000000000631
757.331000000000631
757.506000000000631
757.687000000000631
757.866000000000631
758.043000000000632
758.216000000000632
758.397000000000632
758.567000000000632
758.696000000000632
758.887000000000632
759.630000000000633
759.787000000000633
759.967000000000633
760.142000000000633
760.314000000000634
760.512000000000634
760.694000000000634
760.845000000000634
761.022000000000634
761.204000000000634
762.115000000000635
762.268000000000635
762.441000000000636
762.623000000000636
762.836000000000636
763.010000000000636
763.190000000000636
764.228000000000637
764.393000000000637
764.569000000000637
764.769000000000638
764.979000000000638
765.170000000000638
765.349000000000638
766.354000000000639
766.522000000000639
766.700000000000639
766.885000000000639
767.07000000000064
767.25700000000064
768.586000000000641
768.745000000000641
768.917000000000641
769.094000000000641
769.288000000000642
769.476000000000642
769.694000000000642
769.873000000000642
770.053000000000642
770.815000000000643
770.964000000000643
771.136000000000643
771.312000000000643
771.493000000000644
771.673000000000644
771.837000000000644
772.018000000000644
772.198000000000644
772.372000000000644
773.251000000000645
773.408000000000645
773.579000000000645
773.761000000000646
773.937000000000646
774.115000000000646
774.288000000000646
774.464000000000646
774.644000000000646
775.219000000000647
775.401000000000647
775.583000000000647
775.866000000000647
776.194000000000648
776.390000000000648
786.761000000000657
786.916000000000657
787.084000000000657
787.257000000000658
787.434000000000658
787.611000000000658
787.785000000000658
787.971000000000658
789.020000000000659
789.212000000000659
789.380000000000659
789.58900000000066
796.929000000000666
798.615000000000668
849.284000000000713
849.459000000000713
911.070000000000768
911.221000000000768
911.385000000000768
911.547000000000768
911.733000000000768
911.893000000000768
912.094000000000768
932.853000000000787
933.004000000000787
933.164000000000787
933.324000000000787
933.498000000000787
933.676000000000788
933.882000000000788
934.421000000000788
934.582000000000788
934.748000000000788
934.925000000000789
945.109000000000798
945.207000000000798
945.462000000000798
1101.33000000000094
1101.47600000000094
1101.63500000000094
1101.80400000000094
1102.01000000000094
1102.34100000000094
1102.51000000000094
1102.68900000000094
1102.91200000000094
1103.05400000000094
1103.25900000000094
1103.68200000000094
1103.84700000000094
1104.01900000000094
1104.20700000000094
1104.42500000000094
1104.60900000000094
1104.73700000000094
1104.92500000000094
1183.96700000000101
1184.30800000000101
1184.32600000000101
1184.69000000000101
1186.97700000000101
1186.99800000000101
1220.86600000000104
1221.38000000000104
1221.53300000000104
1221.70100000000104
1221.88300000000104
1222.08200000000104
1222.24000000000104
1222.42600000000104
1222.63900000000104
1222.81000000000104
1223.00300000000104
1223.21600000000104
1223.37800000000104
1223.56600000000104
1223.75700000000105
1223.96200000000105
1224.16300000000105
1225.21400000000105
1225.37500000000105
1225.56800000000105
1225.76500000000105
1226.00100000000105
1226.48300000000105
1226.65300000000105
1226.84000000000105
1227.04800000000105
1227.25100000000105
1227.44800000000105
1228.53100000000105
1228.70500000000105
1228.90600000000105
1229.11500000000105
1229.32400000000105
1230.08700000000105
1230.26100000000105
1230.45700000000105
1230.68700000000105
1230.88100000000105
1231.07400000000105
1236.79400000000106
1236.94700000000106
1237.11300000000106
1237.28800000000106
1237.46500000000106
1237.65700000000106
1237.84600000000106
1238.04100000000106
1239.68000000000106
1239.83800000000106
1240.02200000000106
1240.20200000000106
1240.39600000000106
1240.57700000000106
1240.76700000000106
1241.55900000000106
1241.75400000000106
1241.92900000000106
1242.14300000000106
1242.36100000000106
1242.57200000000106
1244.28500000000106
1244.44800000000106
1244.62900000000106
1244.81200000000106
1244.99800000000106
1245.20200000000106
1245.40800000000106
1245.60100000000106
1246.56800000000107
1246.72700000000107
1246.93100000000107
1247.10600000000107
1247.30800000000107
1247.52800000000107
1248.95400000000107
1249.12700000000107
1249.32000000000107
1249.50500000000107
1249.73600000000107
1249.92900000000107
1250.12800000000107
1251.56200000000107
1251.73000000000107
1251.92500000000107
1252.13700000000107
1252.34000000000107
1252.48200000000107
1252.68300000000107
1252.89100000000107
1254.35200000000107
1254.54400000000107
1254.75200000000107
1254.96900000000107
1255.17600000000107
1255.37700000000107
1256.55900000000107
1256.73800000000107
1256.93200000000107
1257.13900000000107
1257.32400000000108
1257.51000000000108
1258.70200000000108
1258.87200000000108
1259.07700000000108
1287.3640000000011
1287.8940000000011
1288.0340000000011
1288.1950000000011
1288.3790000000011
1288.5650000000011
1368.90800000000117
1369.07000000000117
1369.24400000000117
1561.55600000000135
1561.69900000000135
1561.85500000000135
1562.02200000000135
1562.20000000000135
1562.39300000000135
1562.59400000000135
1562.79500000000135
1562.99500000000135
1563.19600000000135
1563.37100000000135
1563.51900000000135
1563.74600000000135
1567.23700000000135
1567.39800000000135
1567.57300000000135
1567.77200000000135
1567.95700000000135
1759.75100000000152
1830.98700000000158
1973.11900000000171
1973.26100000000171
1973.41600000000171
1973.59000000000171
1973.77400000000171
1973.95800000000171
1974.13900000000171
1974.32600000000171
1974.35900000000171
1974.51700000000171
1974.72800000000171
1976.46700000000171
1976.61100000000171
1976.79800000000171
1976.98900000000171
1977.18200000000171
1977.37900000000171
1977.57600000000171
1977.76600000000171
1977.96100000000172
1978.16000000000172
1979.10800000000172
1979.26400000000172
1979.46600000000172
1979.67200000000172
1979.92300000000172
1980.08700000000172
1980.28700000000172
1980.49200000000172
1980.69000000000172
1980.91800000000172
1981.10300000000172
1981.30100000000172
1981.51000000000172
1982.41500000000172
1982.58800000000172
1982.79500000000172
1983.02300000000172
1983.23800000000172
1983.44500000000172
1983.64500000000172
1983.83900000000172
1984.03700000000172
1985.40400000000172
1985.56700000000172
1985.76600000000172
1985.96300000000172
1986.16900000000172
1986.37200000000172
1986.58100000000172
1986.79200000000172
1987.01000000000172
1987.22500000000172
1987.43400000000172
1987.65200000000172
1987.86600000000172
1988.06900000000172
1992.16300000000173
1992.29000000000173
1992.44200000000173
1992.60300000000173
1992.76000000000173
1992.93200000000173
1993.10800000000173
1993.28200000000173
1993.46000000000173
1993.64700000000173
1993.83800000000173
1994.04300000000173
1994.94200000000173
1995.10300000000173
1995.26600000000173
1995.43200000000173
1995.60600000000173
1995.79100000000173
1995.97700000000173
1996.18500000000173
1996.39000000000173
1996.60700000000173
1996.83800000000173
1997.04700000000173
1997.24500000000173
1997.77300000000173
1997.94300000000173
1998.12300000000173
1998.31000000000173
1998.49700000000173
1998.72000000000173
1998.90800000000173
1999.09900000000173
1999.29600000000173
2000.22300000000173
2000.37500000000173
2000.55100000000174
2000.73600000000174
2000.91700000000174
2001.10100000000174
2001.70300000000174
2001.87300000000174
2002.04900000000174
2002.23200000000174
2002.43000000000174
2002.58300000000174
2002.78100000000174
2003.49400000000174
2003.64600000000174
2003.81200000000174
2003.98200000000174
2004.16100000000174
2004.35400000000174
2004.52200000000174
2005.40900000000174
2005.56200000000174
2005.72300000000174
2005.88800000000174
2006.05900000000174
2006.25000000000174
2006.43400000000174
2006.61400000000174
2006.78200000000174
2006.95900000000174
2007.14000000000174
2007.31900000000174
2007.49600000000174
2007.67300000000174
2007.85900000000174
2008.03100000000174
2008.16500000000174
2008.32000000000174
2008.49600000000174
2008.68600000000174
2008.86500000000174
2009.04700000000174
2009.22500000000174
2009.40900000000174
2009.58000000000174
2009.75600000000174
2009.93000000000174
2010.12300000000174
2010.29600000000174
2010.46300000000174
2010.63800000000174
2011.39100000000174
2011.57300000000174
2011.75200000000174
2011.93500000000175
2012.12800000000175
2012.33700000000175
2012.54400000000175
2012.78100000000175
2012.97700000000175
2013.16600000000175
2014.10600000000175
2014.27600000000175
2014.44900000000175
2014.62500000000175
2014.81800000000175
2014.99800000000175
2015.17000000000175
2015.36300000000175
2015.55800000000175
2015.75300000000175
2015.95200000000175
2016.17300000000175
2016.37100000000175
2016.55500000000175
2016.74900000000175
2016.94300000000175
2017.12200000000175
2017.31200000000175
2017.49800000000175
2017.69200000000175
2017.88300000000175
2018.07500000000175
2018.26600000000175
2019.21100000000175
2019.36100000000175
2019.53900000000175
2019.72700000000175
2019.93100000000175
2020.11300000000175
2020.29200000000175
2020.48800000000175
2020.68200000000175
2020.88500000000175
2021.08100000000175
2021.27900000000175
2021.47600000000175
2021.67600000000175
2021.87900000000175
2023.09900000000176
2023.25100000000176
2023.41900000000176
2023.62200000000176
2023.81000000000176
2024.01100000000176
2024.21500000000176
2024.41900000000176
2025.04500000000176
2025.20900000000176
2025.40100000000176
2025.59400000000176
2025.77200000000176
2025.98300000000176
2026.18300000000176
2026.37600000000176
2026.59100000000176
2026.78200000000176
2026.97500000000176
2027.16800000000176
2028.13100000000176
2028.43400000000176
2028.61100000000176
2028.79500000000176
2028.98000000000176
2029.20500000000176
2029.37500000000176
2029.82300000000176
2029.97000000000176
2030.22000000000176
2030.41100000000176
2030.59600000000176
2030.83900000000176
2030.99600000000176
2031.18800000000176
2031.38700000000176
2031.60100000000176
2031.79600000000176
2031.99300000000176
2032.19500000000176
2032.40900000000176
2032.61100000000176
2034.20800000000176
2034.37400000000177
2034.55600000000177
2034.75500000000177
2034.95400000000177
2035.14200000000177
2035.33900000000177
2035.54300000000177
2035.73800000000177
2035.94900000000177
2036.17900000000177
2038.08400000000177
2038.24000000000177
2038.41900000000177
2038.60800000000177
2038.79700000000177
2038.99100000000177
2039.20300000000177
2039.40600000000177
2039.60200000000177
2039.80200000000177
2043.02600000000177
2043.19300000000177
2043.36900000000177
2043.54600000000177
2043.74900000000177
2044.53500000000177
2044.68900000000177
2049.96100000000156
2050.10100000000155
2050.27100000000153
2050.45400000000151
2050.65600000000148
2050.85900000000146
2051.06300000000144
2052.40300000000129
2052.57000000000127
2052.76200000000125
2052.96400000000123
2053.14500000000121
2053.33500000000119
2053.53200000000117
2084.94199999999771
2085.08899999999769
2085.24299999999768
2085.41399999999766
2085.57499999999764
2085.74499999999762
2085.9319999999976
2086.11599999999758
2086.31199999999756
2086.49499999999754
2086.68699999999752
2087.24399999999746
2087.40199999999744
2087.58999999999742
2087.7809999999974
2087.97899999999737
2088.16099999999735
2089.05599999999726
2089.22599999999724
2089.42399999999722
2218.450999999983
2218.97399999998295
2219.23899999998292
2219.47899999998289
2219.65799999998287
2220.01199999998283
2220.70799999998276
2220.92299999998273
2221.05899999998272
2222.01899999998261
2222.94999999998251
2223.20899999998248
2223.32899999998247
2223.45399999998245
2224.79299999998231
2225.36399999998224
2225.8029999999822
2225.96599999998218
2226.14399999998216
2226.33599999998214
2226.52199999998212
2226.7059999999821
2226.88999999998208
2227.10099999998205
2227.98499999998195
2228.14999999998194
2228.36599999998191
2228.55899999998189
2228.72999999998187
2228.90899999998185
2230.10199999998172
2230.2689999999817
2230.46399999998168
2230.65999999998166
2230.85899999998164
2231.05799999998162
2232.59699999998145
2233.69599999998133
2233.86099999998131
2234.04299999998129
2234.26699999998126
2239.03999999998074
2239.18199999998072
2239.3519999999807
2332.56499999997044
2511.7959999999507
2514.96999999995035
2520.59999999994973
2522.6629999999495
2578.74599999994332
2578.89699999994331
2579.06399999994329
2579.23499999994327
2579.41499999994325
2579.59699999994323
2579.77999999994321
2579.96099999994319
2580.14899999994317
2580.33899999994315
2580.7549999999431
2580.92199999994308
2581.11599999994306
2581.30699999994304
2581.49699999994302
2581.716999999943
2581.88599999994298
2582.09999999994295
2582.28099999994293
2582.47399999994291
2583.58199999994279
2583.75199999994277
2583.93899999994275
2584.13899999994273
2584.32899999994271
2584.51799999994269
2584.70999999994267
2584.90199999994265
2585.97899999994253
2586.17099999994251
2586.36299999994249
2586.55999999994246
2586.76299999994244
2586.95999999994242
2587.1579999999424
2588.12699999994229
2588.30399999994227
2588.50499999994225
2588.71499999994223
2588.9219999999422
2589.12699999994218
2589.33199999994216
2589.56799999994213
2590.58999999994202
2590.780999999942
2590.99599999994197
2591.19699999994195
2591.42599999994193
2592.51299999994181
2592.69899999994179
2592.90199999994176
2848.80199999991358
3013.96699999989539
3292.72499999986469
3292.87799999986467
3293.03599999986466
3293.19699999986464
3293.36199999986462
3293.5399999998646
3293.71599999986458
3293.88899999986456
3294.08299999986454
3295.07599999986443
3295.25999999986441
3295.42999999986439
3295.60799999986437
3295.79799999986435
3295.99899999986433
3296.18299999986431
3296.40099999986429
3296.60099999986426
3296.79899999986424
3297.04499999986421
3297.1909999998642
3297.37599999986418
3297.57999999986416
3297.79299999986413
3297.97699999986411
3298.16799999986409
3298.36599999986407
3298.56199999986405
3298.76299999986403
3298.960999999864
3299.98799999986389
3300.16699999986387
3300.34499999986385
3300.54599999986383
3300.73699999986381
3300.92399999986379
3301.10999999986377
3301.30799999986375
3301.51199999986372
3301.7309999998637
3301.92199999986368
3302.11299999986366
3302.30399999986364
3302.51499999986361
3302.71999999986359
3302.91799999986357
3303.12099999986355
3304.20199999986343
3304.37099999986341
3304.56099999986339
3304.74399999986337
3304.94799999986334
3305.13199999986332
3305.3149999998633
3305.50899999986328
3305.71499999986326
3305.91599999986324
3306.10399999986322
3306.3029999998632
3306.49499999986317
3306.69099999986315
3306.88199999986313
3307.07899999986311
3308.23699999986298
3308.38799999986297
3308.58099999986294
3308.78899999986292
3308.9759999998629
3309.19599999986288
3309.40999999986285
3309.60799999986283
3309.80499999986281
3310.01099999986279
3310.94899999986268
3311.10599999986267
3311.28599999986265
3311.46899999986263
3311.65599999986261
3311.85199999986258
3312.04999999986256
3312.24299999986254
3312.44999999986252
3312.6609999998625
3312.89799999986247
3314.25399999986232
3314.4209999998623
3314.60899999986228
3314.79399999986226
3314.98499999986224
3315.17599999986222
3315.3689999998622
3315.56799999986217
3315.77399999986215
3315.99999999986213
3316.18899999986211
3316.36199999986209
3316.55399999986207
3317.24199999986199
3317.41299999986197
3317.61999999986195
3317.81199999986193
3318.00099999986191
3318.17899999986189
3318.35699999986187
3318.53599999986185
3318.72599999986183
3318.91299999986181
3319.53099999986174
3319.71099999986172
3319.8999999998617
3320.09799999986168
3320.29899999986165
3320.49099999986163
3320.69499999986161
3320.87199999986159
3321.06799999986157
3321.26099999986155
3321.58599999986151
3321.77899999986149
3321.95299999986147
3322.13799999986145
3322.32599999986143
3322.53199999986141
3322.76799999986138
3322.96699999986136
3323.16999999986134
3323.36599999986132
3323.56099999986129
3326.55499999986096
3326.74199999986094
3326.90299999986093
3327.07799999986091
3327.26599999986089
3327.44899999986087
3327.63599999986085
3327.83499999986082
3328.0709999998608
3328.25899999986078
3328.44999999986076
3328.63199999986074
3328.82099999986072
3329.01299999986069
3329.21099999986067
3329.43699999986065
3329.62199999986063
3329.81699999986061
3329.99999999986059
3330.14999999986057
3330.33699999986055
3330.53799999986053
3330.7379999998605
3330.92499999986048
3331.14099999986046
3331.32899999986044
3331.52599999986042
3333.34799999986022
3333.57099999986019
3333.74599999986017
3333.94099999986015
3334.14099999986013
3334.34299999986011
3334.55099999986008
3334.75799999986006
3334.97599999986004
3335.18599999986001
3337.34399999985978
3337.51499999985976
3337.69599999985974
3337.89299999985972
3338.11699999985969
3338.29399999985967
3338.62899999985964
3338.82799999985961
3339.03499999985959
3339.25999999985957
3339.47699999985954
3339.67799999985952
3339.8959999998595
3341.15799999985936
3341.32699999985934
3341.52999999985932
3341.74999999985929
3341.95399999985927
3342.13599999985925
3342.32399999985923
3342.51699999985921
3342.70399999985919
3342.89799999985916
3343.10299999985914
3343.31199999985912
3343.5269999998591
3343.76799999985907
3343.97999999985905
3344.21099999985902
3344.411999999859
3344.61099999985898
3344.81199999985895
3345.01599999985893
3345.22199999985891
3346.62599999985875
3347.06899999985871
3347.22899999985869
3347.43699999985866
3347.63399999985864
3347.85699999985862
3348.0619999998586
3348.26699999985857
3348.46499999985855
3348.65999999985853
3348.84699999985851
3349.04599999985849
3349.24299999985847
3349.43399999985844
3349.62499999985842
3349.8479999998584
3350.04799999985838
3350.24699999985836
3351.50399999985822
3351.6559999998582
3351.84499999985818
3352.04399999985816
3352.23799999985814
3352.43499999985811
3352.63499999985809
3352.84799999985807
3353.08699999985804
3353.27799999985802
3353.463999999858
3353.66199999985798
3356.07799999985771
3356.24999999985769
3356.43299999985767
3356.68099999985765
3356.88099999985762
3357.0779999998576
3357.28099999985758
3357.49999999985756
3357.70699999985753
3357.89399999985751
3358.10299999985749
3358.30199999985747
3358.50099999985745
3358.72599999985742
3359.76899999985731
3359.93999999985729
3360.15499999985726
3360.41199999985724
3360.61899999985721
3360.83199999985719
3361.04199999985717
3361.23799999985714
3361.44599999985712
3361.6689999998571
3361.90099999985707
3362.09799999985705
3362.30299999985703
3362.520999999857
3362.74099999985698
3362.95899999985696
3363.15299999985693
3364.23699999985681
3364.4059999998568
3364.60899999985677
3364.85499999985675
3365.05699999985672
3365.2599999998567
3365.80399999985664
3365.92999999985663
3366.11499999985661
3366.29399999985659
3366.49199999985657
3366.68599999985654
3368.37499999985636
3368.56099999985634
3383.15799999985473
3383.30899999985471
3384.3139999998546
3384.44999999985459
3384.61299999985457
3384.78199999985455
3384.96899999985453
3385.17499999985451
3385.36299999985449
3385.58899999985446
3385.72399999985445
3385.90799999985443
3386.09499999985441
3386.29399999985439
3387.82599999985422
3388.0159999998542
3388.19399999985418
3388.37499999985416
3388.56599999985414
3388.76399999985411
3388.95399999985409
3389.14999999985407
3389.36399999985405
3389.98999999985398
3390.16899999985396
3390.36299999985394
3391.17799999985385
3391.33699999985383
3391.54399999985381
3391.74499999985378
3391.95599999985376
3392.19399999985374
3393.31599999985361
3393.51199999985359
3393.70499999985357
3393.88699999985355
3397.33399999985317
3397.48899999985315
3397.67099999985313
3397.85299999985311
3398.03999999985309
3398.22699999985307
3398.41999999985305
3398.61399999985303
3399.06699999985298
3399.23899999985296
3399.44499999985294
3399.66099999985291
3399.85499999985289
3403.09099999985254
3403.24099999985252
3403.4259999998525
3403.63999999985248
3403.84599999985245
3408.51999999985194
3408.67699999985192
3408.8489999998519
3409.02999999985188
3409.22799999985186
3409.42299999985184
3409.65599999985181
3409.86799999985179
3410.04599999985177
3410.48399999985172
3410.6499999998517
3410.84099999985168
3411.03699999985166
3411.23499999985164
3411.44699999985162
3411.64599999985159
3412.14599999985154
3412.33299999985152
3439.35499999984854
3439.51699999984852
3439.6919999998485
3439.87599999984848
3440.05799999984846
3484.49999999984357
3488.63299999984311
3489.58099999984301
-2
30.4039999999999881
30.9449999999999877
31.0949999999999875
31.2729999999999874
139.051000000000082
265.317000000000194
265.949000000000195
266.297000000000195
267.758000000000196
268.912000000000197
269.454000000000198
341.351000000000262
341.497000000000262
341.643000000000262
341.792000000000262
341.944000000000262
342.097000000000262
342.249000000000262
342.400000000000262
343.720000000000264
343.886000000000264
344.058000000000264
344.223000000000264
344.380000000000264
344.536000000000264
344.701000000000264
345.966000000000266
346.126000000000266
346.292000000000266
346.467000000000266
346.601000000000266
347.185000000000267
347.346000000000267
347.516000000000267
347.694000000000267
349.170000000000268
349.331000000000269
349.502000000000269
349.677000000000269
349.859000000000269
351.04700000000027
351.20600000000027
351.37600000000027
351.549000000000271
351.728000000000271
351.908000000000271
352.065000000000271
352.210000000000271
352.418000000000271
353.589000000000272
353.760000000000273
353.936000000000273
354.117000000000273
354.705000000000273
354.874000000000274
355.039000000000274
355.192000000000274
355.374000000000274
356.455000000000275
356.617000000000275
356.788000000000275
357.230000000000276
357.406000000000276
357.575000000000276
357.754000000000276
362.44700000000028
405.433000000000318
405.592000000000319
405.750000000000319
405.919000000000319
406.077000000000319
406.235000000000319
406.387000000000319
407.07200000000032
407.23100000000032
407.39500000000032
407.58000000000032
407.74600000000032
407.896000000000321
409.056000000000322
409.221000000000322
409.385000000000322
409.561000000000322
409.697000000000322
409.863000000000322
409.993000000000322
410.966000000000323
411.129000000000324
411.298000000000324
411.481000000000324
411.916000000000324
412.181000000000324
412.368000000000325
503.596000000000406
504.138000000000406
504.614000000000407
505.030000000000407
505.567000000000407
506.345000000000408
506.385000000000408
506.445000000000408
506.599000000000408
506.745000000000408
508.14600000000041
508.30900000000041
508.47900000000041
508.65500000000041
508.82700000000041
509.01100000000041
509.181000000000411
509.354000000000411
509.491000000000411
509.664000000000411
509.840000000000411
510.023000000000411
510.216000000000412
510.408000000000412
511.390000000000413
511.560000000000413
511.755000000000413
511.926000000000413
512.102000000000413
512.716000000000414
512.878000000000414
513.062000000000414
513.262000000000414
513.438000000000414
513.596000000000414
514.314000000000415
514.486000000000415
514.653000000000415
514.832000000000416
515.009000000000416
515.201000000000416
515.377000000000416
515.537000000000416
515.687000000000416
515.896000000000417
516.048000000000417
516.231000000000417
516.416000000000417
517.317000000000418
517.488000000000418
517.675000000000418
517.849000000000418
518.033000000000418
518.217000000000419
518.384000000000419
519.28800000000042
519.44600000000042
519.61800000000042
519.78800000000042
519.97200000000042
520.15400000000042
521.052000000000421
521.214000000000421
521.388000000000421
521.565000000000422
521.742000000000422
521.925000000000422
522.119000000000422
522.280000000000422
522.452000000000422
522.619000000000422
522.781000000000423
523.399000000000423
523.558000000000423
523.732000000000423
523.910000000000424
524.093000000000424
524.278000000000424
524.462000000000424
524.618000000000424
524.796000000000424
525.878000000000425
526.038000000000426
526.216000000000426
526.400000000000426
526.584000000000426
526.784000000000426
526.971000000000426
527.151000000000427
551.347000000000448
551.639000000000448
551.787000000000448
551.952000000000449
552.107000000000449
552.259000000000449
552.423000000000449
552.592000000000449
552.761000000000449
552.937000000000449
553.75700000000045
553.91600000000045
554.08700000000045
554.266000000000451
554.438000000000451
554.607000000000451
555.462000000000452
555.632000000000452
555.820000000000452
556.006000000000452
556.164000000000452
556.351000000000452
556.499000000000453
557.374000000000453
557.540000000000454
557.717000000000454
557.896000000000454
558.081000000000454
558.226000000000454
558.353000000000454
558.545000000000454
558.759000000000455
558.959000000000455
559.148000000000455
560.330000000000456
560.500000000000456
560.680000000000456
560.859000000000456
561.006000000000457
561.170000000000457
561.341000000000457
561.956000000000457
562.125000000000458
562.311000000000458
562.496000000000458
562.652000000000458
563.395000000000459
563.563000000000459
563.738000000000459
563.925000000000459
564.113000000000459
564.29000000000046
572.237000000000467
572.391000000000467
572.556000000000467
572.720000000000467
572.892000000000467
573.081000000000467
575.57500000000047
577.373000000000471
577.517000000000471
577.680000000000471
577.853000000000472
578.028000000000472
578.202000000000472
578.375000000000472
680.270000000000562
680.416000000000563
680.564000000000563
680.729000000000563
680.889000000000563
755.122000000000629
755.611000000000629
756.916000000000631
757.076000000000631
757.246000000000631
757.425000000000631
757.602000000000631
757.774000000000631
757.947000000000632
758.120000000000632
758.298000000000632
758.467000000000632
758.611000000000632
758.785000000000632
758.963000000000632
759.690000000000633
759.860000000000633
760.040000000000633
760.216000000000634
760.403000000000634
760.592000000000634
760.742000000000634
760.922000000000634
761.102000000000634
761.276000000000634
762.171000000000635
762.342000000000635
762.524000000000636
762.709000000000636
762.909000000000636
763.092000000000636
763.266000000000636
764.301000000000637
764.476000000000637
764.668000000000638
764.867000000000638
765.065000000000638
765.247000000000638
765.410000000000638
766.423000000000639
766.601000000000639
766.787000000000639
766.97000000000064
767.15300000000064
767.33500000000064
768.650000000000641
768.815000000000641
768.997000000000641
769.178000000000642
769.376000000000642
769.565000000000642
769.773000000000642
769.949000000000642
770.088000000000642
770.866000000000643
771.037000000000643
771.211000000000643
771.391000000000643
771.571000000000644
771.737000000000644
771.911000000000644
772.093000000000644
772.267000000000644
772.440000000000644
773.308000000000645
773.480000000000645
773.655000000000646
773.839000000000646
774.013000000000646
774.189000000000646
774.358000000000646
774.542000000000646
774.692000000000646
775.292000000000647
775.469000000000647
775.614000000000647
775.936000000000647
776.273000000000648
776.480000000000648
786.825000000000657
786.998000000000657
787.169000000000657
787.344000000000658
787.520000000000658
787.691000000000658
787.868000000000658
788.037000000000658
789.085000000000659
789.262000000000659
789.45300000000066
789.65900000000066
797.198000000000666
798.685000000000668
849.455000000000713
849.550000000000713
911.127000000000768
911.285000000000768
911.452000000000768
911.613000000000768
911.795000000000768
911.966000000000768
912.148000000000768
932.912000000000787
933.081000000000787
933.238000000000787
933.404000000000787
933.580000000000788
933.764000000000788
933.955000000000788
934.482000000000788
934.648000000000788
934.826000000000789
935.000000000000789
945.199000000000798
945.268000000000798
945.494000000000798
1101.38800000000094
1101.54500000000094
1101.70300000000094
1101.87300000000094
1102.04900000000094
1102.41000000000094
1102.58500000000094
1102.76400000000094
1102.94800000000094
1103.13100000000094
1103.32800000000094
1103.74200000000094
1103.91500000000094
1104.09600000000094
1104.27800000000094
1104.49200000000094
1104.62800000000094
1104.81500000000094
1104.99700000000094
1184.02000000000101
1184.32100000000101
1184.32900000000101
1184.82400000000101
1186.99600000000101
1187.01600000000101
1220.93700000000104
1221.44000000000104
1221.60900000000104
1221.78700000000104
1221.96400000000104
1222.14300000000104
1222.32400000000104
1222.51300000000104
1222.69900000000104
1222.89500000000104
1223.08100000000104
1223.26900000000104
1223.45300000000104
1223.64500000000105
1223.83700000000105
1224.04100000000105
1224.23800000000105
1225.27100000000105
1225.45100000000105
1225.65100000000105
1225.84100000000105
1226.05600000000105
1226.55000000000105
1226.73000000000105
1226.93300000000105
1227.13300000000105
1227.33500000000105
1227.52800000000105
1228.59600000000105
1228.78800000000105
1228.99900000000105
1229.19000000000105
1229.38600000000105
1230.14900000000105
1230.34300000000105
1230.53900000000105
1230.76000000000105
1230.95500000000105
1231.14600000000105
1236.85500000000106
1237.01600000000106
1237.19200000000106
1237.36400000000106
1237.54200000000106
1237.73400000000106
1237.92500000000106
1238.12100000000106
1239.74400000000106
1239.91400000000106
1240.09600000000106
1240.27600000000106
1240.46600000000106
1240.65700000000106
1240.84300000000106
1241.62500000000106
1241.81100000000106
1242.02100000000106
1242.23700000000106
1242.44500000000106
1242.66400000000106
1244.35200000000106
1244.52100000000106
1244.70600000000106
1244.89300000000106
1245.08700000000106
1245.28300000000106
1245.47400000000106
1245.66700000000106
1246.62300000000107
1246.79400000000107
1246.98700000000107
1247.19000000000107
1247.39300000000107
1247.59600000000107
1249.02400000000107
1249.21200000000107
1249.40300000000107
1249.60300000000107
1249.81600000000107
1250.00900000000107
1250.20600000000107
1251.62300000000107
1251.80600000000107
1252.01100000000107
1252.21400000000107
1252.37600000000107
1252.56300000000107
1252.76500000000107
1252.96300000000107
1254.43400000000107
1254.63200000000107
1254.83600000000107
1255.03700000000107
1255.25200000000107
1255.45500000000107
1256.62200000000107
1256.81000000000107
1257.00100000000107
1257.20700000000107
1257.39600000000108
1257.58400000000108
1258.76500000000108
1258.94400000000108
1259.15300000000108
1287.3930000000011
1287.9430000000011
1288.1030000000011
1288.2760000000011
1288.4600000000011
1288.6460000000011
1368.96400000000117
1369.13600000000117
1369.32000000000117
1561.60900000000135
1561.76200000000135
1561.93400000000135
1562.11200000000135
1562.29600000000135
1562.49100000000135
1562.69100000000135
1562.88900000000135
1563.08300000000135
1563.26200000000135
1563.40800000000135
1563.61200000000135
1563.82200000000135
1567.30000000000135
1567.47300000000135
1567.66200000000135
1567.85400000000135
1568.03700000000135
1759.77400000000152
1831.05000000000158
1973.17100000000171
1973.32900000000171
1973.49700000000171
1973.67500000000171
1973.85900000000171
1974.04100000000171
1974.22200000000171
1974.34600000000171
1974.41300000000171
1974.61100000000171
1974.81600000000171
1976.52300000000171
1976.69200000000171
1976.89100000000171
1977.08300000000171
1977.27300000000171
1977.47000000000171
1977.66000000000171
1977.85300000000172
1978.05100000000172
1978.23900000000172
1979.16100000000172
1979.35100000000172
1979.56300000000172
1979.76500000000172
1979.97300000000172
1980.17400000000172
1980.37300000000172
1980.57500000000172
1980.77100000000172
1980.99300000000172
1981.18100000000172
1981.38500000000172
1981.58700000000172
1982.48400000000172
1982.67800000000172
1982.89200000000172
1983.12000000000172
1983.32600000000172
1983.53000000000172
1983.72800000000172
1983.92000000000172
1984.11900000000172
1985.47000000000172
1985.65500000000172
1985.85800000000172
1986.06000000000172
1986.26500000000172
1986.47200000000172
1986.67700000000172
1986.88100000000172
1987.08600000000172
1987.31900000000172
1987.53500000000172
1987.74700000000172
1987.95300000000172
1988.16100000000172
1992.20500000000173
1992.35500000000173
1992.51100000000173
1992.67300000000173
1992.83500000000173
1993.00200000000173
1993.18500000000173
1993.35900000000173
1993.54100000000173
1993.73100000000173
1993.92900000000173
1994.12100000000173
1994.99500000000173
1995.17200000000173
1995.33500000000173
1995.50300000000173
1995.68100000000173
1995.87200000000173
1996.06400000000173
1996.27700000000173
1996.48500000000173
1996.70100000000173
1996.92800000000173
1997.12600000000173
1997.27900000000173
1997.84200000000173
1998.02000000000173
1998.20100000000173
1998.39400000000173
1998.58800000000173
1998.80500000000173
1998.99400000000173
1999.18400000000173
1999.37400000000173
2000.27600000000174
2000.44600000000174
2000.62600000000174
2000.80400000000174
2000.99300000000174
2001.18500000000174
2001.77200000000174
2001.94100000000174
2002.12500000000174
2002.31800000000174
2002.48700000000174
2002.67100000000174
2002.81600000000174
2003.55300000000174
2003.72100000000174
2003.88700000000174
2004.06400000000174
2004.24800000000174
2004.42400000000174
2004.59700000000174
2005.47000000000174
2005.62900000000174
2005.78600000000174
2005.95500000000174
2006.13700000000174
2006.32800000000174
2006.50200000000174
2006.68400000000174
2006.85500000000174
2007.04100000000174
2007.22300000000174
2007.39500000000174
2007.57100000000174
2007.75400000000174
2007.93400000000174
2008.06900000000174
2008.21700000000174
2008.40000000000174
2008.58100000000174
2008.75700000000174
2008.93400000000174
2009.11000000000174
2009.32400000000174
2009.48200000000174
2009.66200000000174
2009.84000000000174
2010.02900000000174
2010.21500000000174
2010.37400000000174
2010.52800000000174
2010.71000000000174
2011.47200000000174
2011.65500000000174
2011.83600000000175
2012.02300000000175
2012.22700000000175
2012.43500000000175
2012.64200000000175
2012.87000000000175
2013.06300000000175
2013.23600000000175
2014.17900000000175
2014.35800000000175
2014.52600000000175
2014.70900000000175
2014.89700000000175
2015.06700000000175
2015.26000000000175
2015.44900000000175
2015.65000000000175
2015.84000000000175
2016.04300000000175
2016.26400000000175
2016.45600000000175
2016.64100000000175
2016.83400000000175
2017.01300000000175
2017.20200000000175
2017.39400000000175
2017.58600000000175
2017.77600000000175
2017.96600000000175
2018.16700000000175
2018.29400000000175
2019.26600000000175
2019.43900000000175
2019.62100000000175
2019.80600000000175
2020.01000000000175
2020.18900000000175
2020.37600000000175
2020.57000000000175
2020.77300000000175
2020.96700000000175
2021.16500000000175
2021.36300000000175
2021.56500000000175
2021.76200000000175
2021.96000000000175
2023.15600000000176
2023.32300000000176
2023.50400000000176
2023.70600000000176
2023.90100000000176
2024.10200000000176
2024.30600000000176
2024.50100000000176
2025.10900000000176
2025.28700000000176
2025.48300000000176
2025.66900000000176
2025.85900000000176
2026.05800000000176
2026.26200000000176
2026.45500000000176
2026.66900000000176
2026.86200000000176
2027.05600000000176
2027.25300000000176
2028.18700000000176
2028.51000000000176
2028.68500000000176
2028.87400000000176
2029.05900000000176
2029.27200000000176
2029.40600000000176
2029.87000000000176
2030.03200000000176
2030.29000000000176
2030.47800000000176
2030.67400000000176
2030.87100000000176
2031.08100000000176
2031.27600000000176
2031.48000000000176
2031.68400000000176
2031.88400000000176
2032.08200000000176
2032.27700000000176
2032.49500000000176
2032.69100000000176
2034.27200000000176
2034.44800000000177
2034.63800000000177
2034.83600000000177
2035.03400000000177
2035.23100000000177
2035.42000000000177
2035.62700000000177
2035.82900000000177
2036.03600000000177
2036.25300000000177
2038.14800000000177
2038.32500000000177
2038.50800000000177
2038.69400000000177
2038.87900000000177
2039.07500000000177
2039.28100000000177
2039.48500000000177
2039.68800000000177
2039.88300000000177
2043.09100000000177
2043.27200000000177
2043.44600000000177
2043.62600000000177
2043.82300000000177
2044.57700000000177
2044.75400000000177
2050.01400000000156
2050.18000000000154
2050.35400000000152
2050.5470000000015
2050.75100000000147
2050.94300000000145
2051.13300000000143
2052.47200000000128
2052.66000000000126
2052.85100000000124
2053.04000000000122
2053.2250000000012
2053.41400000000118
2053.59600000000116
2084.9859999999977
2085.15199999999769
2085.31099999999767
2085.48699999999765
2085.65599999999763
2085.83599999999761
2086.01899999999759
2086.20099999999757
2086.38799999999755
2086.57099999999753
2086.70999999999751
2087.30099999999745
2087.48199999999743
2087.67599999999741
2087.86799999999739
2088.04999999999737
2088.23499999999735
2089.11899999999725
2089.30799999999723
2089.50599999999721
2218.477999999983
2219.01199999998294
2219.26199999998292
2219.54799999998288
2219.67699999998287
2220.12799999998282
2220.77599999998275
2220.96599999998273
2221.13899999998271
2222.06399999998261
2222.9949999999825
2223.27999999998247
2223.42799999998246
2223.57799999998244
2224.8819999999823
2225.43799999998224
2225.87699999998219
2226.05599999998217
2226.24099999998215
2226.42599999998213
2226.61099999998211
2226.79099999998209
2226.97399999998207
2227.16999999998204
2228.05199999998195
2228.23699999998193
2228.4459999999819
2228.62699999998188
2228.80499999998186
2228.98299999998184
2230.17199999998171
2230.35999999998169
2230.55299999998167
2230.75199999998165
2230.94399999998163
2231.13199999998161
2233.09899999998139
2233.76499999998132
2233.9409999999813
2234.13099999998128
2234.32099999998126
2239.08699999998073
2239.25299999998071
2239.4179999999807
2332.63099999997043
2511.87399999995069
2515.02999999995034
2520.66699999994972
2522.7139999999495
2578.80099999994332
2578.9639999999433
2579.13599999994328
2579.31399999994326
2579.49499999994324
2579.67899999994322
2579.8609999999432
2580.04199999994318
2580.22699999994316
2580.36299999994315
2580.8159999999431
2581.00599999994308
2581.19999999994305
2581.39099999994303
2581.58299999994301
2581.77099999994299
2581.96699999994297
2582.17399999994295
2582.36199999994293
2582.5509999999429
2583.64499999994278
2583.82299999994276
2584.01799999994274
2584.21999999994272
2584.4139999999427
2584.60399999994268
2584.79499999994266
2584.97899999994264
2586.06199999994252
2586.2549999999425
2586.45499999994248
2586.64899999994245
2586.84499999994243
2587.04199999994241
2587.20699999994239
2588.19699999994228
2588.38799999994226
2588.59299999994224
2588.80899999994222
2589.01299999994219
2589.21499999994217
2589.41499999994215
2589.60099999994213
2590.66199999994201
2590.85999999994199
2591.07799999994197
2591.28299999994194
2591.48999999994192
2592.5809999999418
2592.78699999994178
2592.99599999994175
2848.85299999991358
3014.00599999989539
3292.77299999986469
3292.93699999986467
3293.09999999986465
3293.26299999986463
3293.43299999986461
3293.61199999986459
3293.78999999986457
3293.95799999986456
3294.14399999986453
3295.13799999986442
3295.3269999998644
3295.50399999986438
3295.68899999986436
3295.88299999986434
3296.06699999986432
3296.2509999998643
3296.44599999986428
3296.64299999986426
3296.86399999986423
3297.07299999986421
3297.26799999986419
3297.46299999986417
3297.66599999986415
3297.86799999986412
3298.0499999998641
3298.24999999986408
3298.44699999986406
3298.64399999986404
3298.84599999986402
3299.023999999864
3300.04699999986388
3300.22199999986386
3300.41799999986384
3300.61699999986382
3300.8109999998638
3300.99599999986378
3301.19099999986376
3301.39199999986374
3301.59299999986371
3301.80799999986369
3302.00499999986367
3302.19099999986365
3302.39499999986363
3302.5999999998636
3302.79999999986358
3303.00099999986356
3303.18899999986354
3304.26099999986342
3304.4479999998634
3304.63099999986338
3304.81899999986336
3305.02399999986334
3305.20899999986332
3305.39899999986329
3305.59499999986327
3305.79799999986325
3305.99299999986323
3306.18599999986321
3306.37799999986319
3306.57299999986317
3306.76999999986314
3306.96399999986312
3307.1569999998631
3308.28799999986298
3308.46199999986296
3308.66499999986294
3308.85399999986291
3309.05999999986289
3309.28799999986287
3309.48899999986284
3309.69299999986282
3309.8869999998628
3310.05199999986278
3311.00199999986268
3311.17999999986266
3311.36699999986264
3311.54999999986262
3311.7439999998626
3311.93699999986257
3312.13199999986255
3312.33799999986253
3312.55299999986251
3312.74899999986249
3312.96699999986246
3314.31799999986231
3314.49499999986229
3314.69399999986227
3314.87699999986225
3315.06899999986223
3315.26099999986221
3315.45499999986219
3315.65699999986216
3315.85799999986214
3316.07299999986212
3316.2549999998621
3316.44299999986208
3316.58599999986206
3317.30199999986198
3317.49099999986196
3317.69999999986194
3317.89299999986192
3318.0739999998619
3318.24599999986188
3318.42799999986186
3318.61199999986184
3318.79999999986182
3318.9929999998618
3319.60299999986173
3319.79499999986171
3319.99199999986169
3320.18899999986167
3320.38499999986164
3320.57699999986162
3320.7649999998616
3320.95199999986158
3321.14499999986156
3321.33899999986154
3321.6639999998615
3321.84799999986148
3322.02699999986146
3322.20999999986144
3322.40599999986142
3322.6199999998614
3322.85199999986137
3323.05499999986135
3323.25899999986133
3323.44699999986131
3323.61599999986129
3326.62099999986096
3326.80799999986094
3326.98099999986092
3327.1609999998609
3327.34499999986088
3327.52999999986086
3327.71899999986084
3327.92199999986081
3328.15499999986079
3328.33799999986077
3328.52599999986075
3328.71299999986073
3328.90199999986071
3329.09599999986068
3329.29099999986066
3329.50999999986064
3329.70199999986062
3329.8889999998606
3330.04199999986058
3330.22599999986056
3330.41499999986054
3330.61599999986052
3330.8089999998605
3331.00499999986047
3331.22399999986045
3331.41199999986043
3331.58899999986041
3333.41099999986021
3333.64299999986018
3333.83299999986016
3334.03199999986014
3334.23599999986012
3334.4349999998601
3334.64099999986007
3334.84999999986005
3335.06499999986003
3335.26699999986
3337.41599999985977
3337.59599999985975
3337.78799999985973
3337.98499999985971
3338.18399999985968
3338.38599999985966
3338.72299999985962
3338.9219999998596
3339.13599999985958
3339.35599999985956
3339.56499999985953
3339.76599999985951
3339.94599999985949
3341.22199999985935
3341.40499999985933
3341.61199999985931
3341.82799999985928
3342.02099999985926
3342.20499999985924
3342.40199999985922
3342.5989999998592
3342.78299999985918
3342.97999999985916
3343.20099999985913
3343.40999999985911
3343.61999999985909
3343.84599999985906
3344.07099999985904
3344.29599999985901
3344.49199999985899
3344.70099999985897
3344.90399999985894
3345.10199999985892
3345.24699999985891
3346.69199999985875
3347.1349999998587
3347.30399999985868
3347.51399999985866
3347.73499999985863
3347.94799999985861
3348.15099999985859
3348.35799999985856
3348.54899999985854
3348.73999999985852
3348.9349999998585
3349.13399999985848
3349.32699999985846
3349.51999999985844
3349.71999999985841
3349.93699999985839
3350.13799999985837
3350.27199999985835
3351.55999999985821
3351.72799999985819
3351.92799999985817
3352.12899999985815
3352.32499999985813
3352.5239999998581
3352.72899999985808
3352.93899999985806
3353.16999999985803
3353.35399999985801
3353.54699999985799
3353.74399999985797
3356.14699999985771
3356.33399999985768
3356.53099999985766
3356.77499999985764
3356.97199999985761
3357.16999999985759
3357.38299999985757
3357.59199999985755
3357.77899999985753
3357.9789999998575
3358.18999999985748
3358.38199999985746
3358.58899999985744
3358.75099999985742
3359.8339999998573
3360.01999999985728
3360.24399999985725
3360.49699999985723
3360.7089999998572
3360.92099999985718
3361.12899999985716
3361.32999999985713
3361.53599999985711
3361.75899999985709
3361.98299999985706
3362.18999999985704
3362.40099999985702
3362.61699999985699
3362.83099999985697
3363.04399999985695
3363.18099999985693
3364.29599999985681
3364.48599999985679
3364.69299999985676
3364.93599999985674
3365.13599999985672
3365.34399999985669
3365.82799999985664
3366.00199999985662
3366.1859999998566
3366.37799999985658
3366.57499999985656
3366.70499999985654
3368.43399999985635
3368.62699999985633
3383.21899999985472
3383.38999999985471
3384.3689999998546
3384.51799999985458
3384.68299999985456
3384.85999999985454
3385.05499999985452
3385.2529999998545
3385.43099999985448
3385.62599999985446
3385.80099999985444
3385.98899999985442
3386.1789999998544
3386.38099999985438
3387.89399999985421
3388.08999999985419
3388.27499999985417
3388.46299999985415
3388.65599999985413
3388.8479999998541
3389.03899999985408
3389.24499999985406
3389.45099999985404
3390.06299999985397
3390.24899999985395
3390.44599999985393
3391.22899999985384
3391.41399999985382
3391.6249999998538
3391.84299999985377
3392.04699999985375
3392.27199999985373
3393.3809999998536
3393.57499999985358
3393.76799999985356
3393.96299999985354
3397.39799999985316
3397.57199999985314
3397.75699999985312
3397.9399999998531
3398.12199999985308
3398.31099999985306
3398.49999999985304
3398.65899999985302
3399.12299999985297
3399.32099999985295
3399.53499999985293
3399.7389999998529
3399.93399999985288
3403.13999999985253
3403.32499999985251
3403.51799999985249
3403.72399999985247
3403.92299999985244
3408.57999999985193
3408.75199999985191
3408.93199999985189
3409.11799999985187
3409.31799999985185
3409.50499999985183
3409.7359999998518
3409.93099999985178
3410.08499999985176
3410.53899999985172
3410.72499999985169
3410.92099999985167
3411.11999999985165
3411.32199999985163
3411.52499999985161
3411.72599999985158
3412.21099999985153
3412.40899999985151
3439.41699999984853
3439.58899999984852
3439.7659999998485
3439.95299999984848
3440.13799999984846
3484.57199999984356
3488.66599999984311
3489.637999999843
593
-3
99.9800000000000472
101.2990000000000483
106.6270000000000531
106.8260000000000532
106.9640000000000534
107.1350000000000535
109.5260000000000556
109.7050000000000558
109.8810000000000559
110.0600000000000561
110.2360000000000563
113.6830000000000593
113.8600000000000595
114.0360000000000596
114.2200000000000598
114.40700000000006
114.5930000000000601
114.7280000000000603
224.371000000000158
224.525000000000158
224.671000000000158
224.831000000000158
224.993000000000158
226.451000000000159
226.59200000000016
226.73800000000016
226.89700000000016
227.06000000000016
227.22500000000016
227.39500000000016
227.946000000000161
228.104000000000161
228.240000000000161
228.401000000000161
228.568000000000161
228.736000000000162
228.902000000000162
232.442000000000165
232.577000000000165
232.728000000000165
232.884000000000165
233.040000000000165
233.211000000000165
233.381000000000166
233.558000000000166
233.732000000000166
233.888000000000166
236.623000000000169
236.769000000000169
236.934000000000169
237.065000000000169
237.160000000000169
237.339000000000169
237.516000000000169
237.691000000000169
237.86800000000017
238.03800000000017
240.461000000000172
240.615000000000172
240.785000000000172
240.973000000000172
241.168000000000173
241.353000000000173
241.531000000000173
241.705000000000173
241.864000000000173
242.030000000000173
244.192000000000175
244.340000000000175
244.516000000000176
244.700000000000176
244.887000000000176
245.061000000000176
283.31500000000021
283.44000000000021
283.57200000000021
283.71800000000021
283.87200000000021
284.033000000000211
284.197000000000211
284.366000000000211
287.239000000000213
287.582000000000214
287.930000000000214
288.338000000000214
288.552000000000215
288.948000000000215
289.073000000000215
289.214000000000215
289.373000000000215
289.529000000000215
289.693000000000216
289.853000000000216
289.997000000000216
369.454000000000286
369.590000000000287
369.718000000000287
369.874000000000287
370.014000000000287
433.697000000000344
433.821000000000344
433.953000000000344
434.099000000000344
434.256000000000344
434.399000000000344
434.543000000000344
434.692000000000344
434.849000000000345
435.004000000000345
435.159000000000345
435.308000000000345
435.452000000000345
581.995000000000475
585.071000000000478
585.199000000000478
585.345000000000478
585.508000000000478
585.675000000000478
585.862000000000479
704.704000000000584
706.116000000000585
706.248000000000586
706.396000000000586
706.557000000000586
706.718000000000586
706.889000000000586
707.056000000000586
707.240000000000586
707.422000000000587
707.609000000000587
707.780000000000587
707.955000000000587
708.926000000000588
709.074000000000588
709.235000000000588
709.399000000000588
709.558000000000588
709.730000000000589
709.892000000000589
710.070000000000589
710.266000000000589
710.461000000000589
711.65100000000059
711.80800000000059
711.904000000000591
711.989000000000591
712.161000000000591
712.345000000000591
712.530000000000591
712.713000000000591
712.883000000000591
713.050000000000592
713.229000000000592
714.150000000000593
714.317000000000593
714.511000000000593
714.696000000000593
714.870000000000593
715.057000000000593
715.234000000000594
715.414000000000594
715.608000000000594
715.786000000000594
715.964000000000594
716.139000000000594
960.830000000000812
960.965000000000812
961.124000000000812
961.304000000000812
961.484000000000812
961.665000000000812
961.843000000000813
962.016000000000813
962.190000000000813
962.361000000000813
962.550000000000813
962.734000000000813
963.525000000000814
963.756000000000814
963.914000000000814
964.108000000000815
964.295000000000815
964.497000000000815
964.688000000000815
964.874000000000815
965.069000000000815
965.287000000000816
965.471000000000816
966.592000000000817
967.289000000000817
967.511000000000818
967.724000000000818
967.837000000000818
967.916000000000818
968.074000000000818
968.248000000000818
968.454000000000818
968.627000000000819
968.801000000000819
968.992000000000819
969.190000000000819
970.19900000000082
970.36300000000082
970.55800000000082
970.74600000000082
970.879000000000821
970.995000000000821
971.356000000000821
971.478000000000821
971.647000000000821
971.856000000000822
972.025000000000822
972.209000000000822
972.369000000000822
972.527000000000822
976.699000000000826
977.011000000000826
977.179000000000826
977.335000000000826
977.493000000000826
977.667000000000827
977.849000000000827
978.034000000000827
978.228000000000827
978.419000000000827
978.607000000000828
978.786000000000828
1467.06300000000126
1467.27200000000126
1467.39400000000126
1467.54200000000126
1467.70100000000126
1467.87500000000126
1468.04800000000126
1468.22400000000126
1468.40200000000126
1468.57800000000126
1468.75900000000126
1468.93200000000126
1469.12000000000126
1469.29500000000126
1469.44300000000126
1469.64600000000126
1469.83800000000126
1470.04800000000126
1470.27500000000126
1470.41400000000126
1470.94500000000126
1471.13000000000126
1471.34200000000126
1471.52300000000127
1471.71900000000127
1471.91000000000127
1472.09700000000127
1472.28400000000127
1472.50600000000127
1472.69300000000127
1472.88600000000127
1473.08300000000127
1473.28800000000127
1473.48300000000127
1474.87000000000127
1475.02400000000127
1475.22400000000127
1475.41000000000127
1475.61100000000127
1475.81800000000127
1476.01400000000127
1476.22200000000127
1476.46700000000127
1476.66300000000127
1476.85400000000127
1477.06400000000127
1477.22600000000127
1477.34200000000127
1477.54400000000127
1477.77600000000127
1477.93900000000127
1478.06600000000127
1478.20800000000127
1478.41500000000127
1478.61000000000127
1478.80800000000127
1478.98900000000127
1479.11700000000127
1479.20900000000127
1479.41300000000127
1479.62700000000127
1479.79800000000127
1479.95700000000127
1480.13600000000127
1480.33100000000127
1480.53600000000127
1480.73600000000127
1481.92100000000127
1482.08100000000127
1482.25900000000127
1482.44100000000128
1482.52200000000128
1482.72600000000128
1483.26400000000128
1483.38200000000128
1483.55300000000128
1483.68900000000128
1483.80300000000128
1484.01600000000128
1484.20900000000128
1484.38600000000128
1484.56100000000128
1484.76800000000128
1484.96700000000128
1485.19100000000128
1485.39000000000128
1485.57200000000128
1485.77000000000128
1485.97800000000128
1486.19800000000128
1487.08200000000128
1487.24500000000128
1487.55700000000128
1487.71400000000128
1487.88200000000128
1488.06400000000128
1488.25900000000128
1489.24200000000128
1489.40600000000128
1489.61500000000128
1489.81300000000128
1490.03300000000128
1490.25400000000128
1490.66500000000128
1491.46000000000128
1491.61300000000128
1491.79600000000128
1491.90600000000128
1492.09900000000128
1492.30000000000128
1492.50800000000128
1493.24300000000128
1493.40800000000128
1493.57000000000128
1493.66000000000128
1493.87600000000129
1494.10500000000129
1494.31500000000129
1494.48600000000129
1494.68500000000129
1494.90900000000129
1495.02000000000129
1495.21300000000129
1495.40300000000129
1495.55300000000129
1495.64800000000129
1495.85000000000129
1496.07000000000129
1496.25600000000129
1496.43600000000129
1496.64000000000129
1496.85000000000129
1498.80200000000129
1498.95500000000129
1499.16600000000129
1499.34800000000129
1499.53100000000129
1499.72000000000129
1499.90700000000129
1500.12900000000129
1500.20700000000129
1500.31600000000129
1500.53800000000129
1500.76700000000129
1500.97500000000129
1501.19000000000129
1502.43000000000129
1502.60700000000129
1502.81100000000129
1503.02300000000129
1503.23000000000129
1503.44900000000129
1503.64700000000129
1503.85000000000129
1504.04600000000129
1505.0190000000013
1505.1780000000013
1505.3710000000013
1505.5780000000013
1505.7850000000013
1505.9900000000013
1506.1860000000013
1506.3850000000013
1506.5600000000013
1506.7600000000013
1506.9760000000013
1507.1750000000013
1507.3850000000013
1507.6000000000013
1507.7490000000013
1507.9450000000013
1508.1470000000013
1508.3420000000013
1508.5410000000013
1508.7480000000013
1508.9480000000013
1509.1420000000013
1509.3480000000013
1509.5470000000013
1510.1070000000013
1510.2400000000013
1510.4300000000013
1510.5950000000013
1510.7490000000013
1510.9310000000013
1511.1220000000013
1511.3160000000013
1511.5020000000013
1511.6800000000013
1511.8680000000013
1512.0710000000013
1512.2480000000013
1512.4360000000013
1512.6290000000013
1514.9930000000013
1515.1350000000013
1515.3250000000013
1515.5090000000013
1515.6590000000013
1515.7470000000013
1515.9400000000013
1516.1450000000013
1516.3450000000013
1516.54200000000131
1517.33200000000131
1517.50200000000131
1517.69600000000131
1517.85000000000131
1517.94800000000131
1518.14000000000131
1518.31900000000131
1518.50300000000131
1518.67800000000131
1518.86000000000131
1519.07800000000131
1519.26800000000131
1519.41600000000131
1519.60300000000131
1519.80200000000131
1519.99500000000131
1520.21300000000131
1520.39200000000131
1521.55600000000131
1578.49500000000136
1578.72800000000136
1578.85900000000136
1579.01300000000136
1579.20500000000136
1579.38700000000136
1579.56900000000136
1579.75900000000136
1579.89300000000136
1579.99900000000136
1580.19400000000136
1580.38100000000136
1580.58300000000136
1580.78300000000136
1581.59100000000136
1581.73600000000136
1581.90700000000136
1582.09900000000136
1582.29000000000136
1582.47600000000136
1582.66400000000136
1582.86800000000136
1583.08400000000136
1583.28000000000136
1584.09400000000137
1584.26800000000137
1584.45300000000137
1584.65700000000137
1585.22400000000137
1586.73500000000137
1586.86600000000137
1587.44200000000137
1587.73100000000137
1587.87900000000137
1588.02500000000137
1588.11100000000137
1588.29300000000137
1588.47200000000137
1588.68100000000137
1588.87500000000137
2208.92099999998405
2209.05599999998404
2209.21099999998402
2209.387999999984
2209.56299999998398
2209.74299999998396
2209.91599999998394
2365.43199999996682
2365.52199999996681
2365.75099999996678
2366.4669999999667
2366.85999999996666
2367.12299999996663
2505.56899999995138
2505.69499999995137
2506.18899999995132
2654.21999999993501
2654.361999999935
2654.51599999993498
2654.68399999993496
2654.86699999993494
2655.05499999993492
2655.2389999999349
2655.42799999993488
2655.62399999993486
2655.82499999993483
2656.02099999993481
2656.21399999993479
2656.74599999993473
2657.16399999993469
2657.61599999993464
2657.78099999993462
2657.9669999999346
2658.14599999993458
2658.44299999993455
2658.60299999993453
2658.76999999993451
2658.93699999993449
2659.10599999993447
2659.27599999993445
2659.46799999993443
2659.70099999993441
2660.46999999993432
2660.6419999999343
2661.01499999993426
2661.12299999993425
2661.23299999993424
2661.35799999993423
2661.46899999993421
2661.74799999993418
2661.90299999993417
2662.25199999993413
2663.00699999993404
2663.23899999993402
2663.67299999993397
2664.00399999993393
2664.38099999993389
2664.62499999993387
2664.90399999993384
2665.15699999993381
2665.53699999993377
2666.95999999993361
2667.50299999993355
2667.9639999999335
2668.92399999993339
2669.08999999993337
2669.47499999993333
2669.50199999993333
2669.66999999993331
2669.7519999999333
2669.90499999993328
2670.03999999993327
2670.47899999993322
2670.59999999993321
2670.87499999993318
2671.16099999993315
2671.52299999993311
2671.87699999993307
2672.07599999993305
2672.17999999993303
2672.26899999993302
2672.446999999933
2672.60599999993299
2672.83899999993296
2673.34299999993291
2673.66199999993287
2675.89899999993262
2676.01499999993261
2676.0949999999326
2676.18499999993259
2678.15799999993238
2678.67199999993232
2678.69299999993232
2678.95599999993229
2679.23799999993226
2679.40799999993224
2679.58699999993222
2679.7859999999322
2679.96299999993218
2681.08399999993205
2681.65099999993199
2681.87999999993197
2950.11699999990242
-4
100.0400000000000472
101.3590000000000484
106.6830000000000531
106.8530000000000533
107.0280000000000534
107.2000000000000536
109.5900000000000557
109.7730000000000558
109.953000000000056
110.1330000000000562
110.3090000000000563
113.7590000000000594
113.9430000000000596
114.1180000000000597
114.3100000000000599
114.49300000000006
114.6380000000000602
114.7510000000000603
224.438000000000158
224.589000000000158
224.744000000000158
224.902000000000158
225.067000000000158
226.49800000000016
226.65500000000016
226.81300000000016
226.97200000000016
227.13800000000016
227.30100000000016
227.43500000000016
228.003000000000161
228.139000000000161
228.294000000000161
228.474000000000161
228.644000000000161
228.816000000000162
228.974000000000162
232.497000000000165
232.649000000000165
232.805000000000165
232.962000000000165
233.130000000000165
233.302000000000166
233.474000000000166
233.640000000000166
233.795000000000166
233.925000000000166
236.688000000000169
236.850000000000169
237.021000000000169
237.122000000000169
237.254000000000169
237.432000000000169
237.599000000000169
237.77900000000017
237.94900000000017
238.10400000000017
240.533000000000172
240.701000000000172
240.875000000000172
241.078000000000172
241.267000000000173
241.448000000000173
241.617000000000173
241.774000000000173
241.933000000000173
242.067000000000173
244.260000000000175
244.428000000000175
244.616000000000176
244.793000000000176
244.968000000000176
245.087000000000176
283.36600000000021
283.50100000000021
283.65000000000021
283.80200000000021
283.962000000000211
284.123000000000211
284.284000000000211
284.434000000000211
287.342000000000214
287.730000000000214
288.103000000000214
288.499000000000215
288.643000000000215
289.005000000000215
289.144000000000215
289.300000000000215
289.454000000000215
289.619000000000216
289.778000000000216
289.915000000000216
290.027000000000216
369.509000000000287
369.642000000000287
369.783000000000287
369.935000000000287
370.084000000000287
433.748000000000344
433.884000000000344
434.025000000000344
434.178000000000344
434.323000000000344
434.470000000000344
434.614000000000344
434.770000000000344
434.925000000000345
435.076000000000345
435.225000000000345
435.364000000000345
435.506000000000345
582.042000000000475
585.127000000000478
585.273000000000478
585.435000000000478
585.603000000000478
585.776000000000479
585.937000000000479
704.744000000000584
706.176000000000586
706.321000000000586
706.485000000000586
706.656000000000586
706.810000000000586
706.979000000000586
707.153000000000586
707.341000000000587
707.519000000000587
707.691000000000587
707.872000000000587
708.039000000000587
708.993000000000588
709.153000000000588
709.317000000000588
709.475000000000588
709.645000000000589
709.806000000000589
709.983000000000589
710.172000000000589
710.371000000000589
710.522000000000589
711.72600000000059
711.877000000000591
711.928000000000591
712.074000000000591
712.252000000000591
712.440000000000591
712.625000000000591
712.791000000000591
712.959000000000592
713.132000000000592
713.256000000000592
714.230000000000593
714.406000000000593
714.600000000000593
714.779000000000593
714.956000000000593
715.138000000000594
715.318000000000594
715.504000000000594
715.688000000000594
715.865000000000594
716.040000000000594
716.188000000000594
960.890000000000812
961.046000000000812
961.225000000000812
961.404000000000812
961.582000000000812
961.755000000000813
961.930000000000813
962.097000000000813
962.269000000000813
962.450000000000813
962.640000000000813
962.781000000000813
963.561000000000814
963.815000000000814
964.000000000000814
964.204000000000815
964.394000000000815
964.591000000000815
964.776000000000815
964.964000000000815
965.150000000000816
965.361000000000816
965.544000000000816
966.683000000000817
967.372000000000818
967.550000000000818
967.797000000000818
967.899000000000818
967.989000000000818
968.163000000000818
968.343000000000818
968.535000000000818
968.709000000000819
968.894000000000819
969.093000000000819
969.272000000000819
970.27100000000082
970.46000000000082
970.64900000000082
970.842000000000821
970.901000000000821
971.089000000000821
971.382000000000821
971.557000000000821
971.736000000000821
971.929000000000822
972.101000000000822
972.268000000000822
972.430000000000822
972.569000000000822
976.783000000000826
977.081000000000826
977.254000000000826
977.416000000000826
977.586000000000827
977.768000000000827
977.954000000000827
978.136000000000827
978.327000000000827
978.511000000000827
978.689000000000828
978.821000000000828
1467.08400000000126
1467.32700000000126
1467.46600000000126
1467.62300000000126
1467.79400000000126
1467.97700000000126
1468.14400000000126
1468.31500000000126
1468.49200000000126
1468.66500000000126
1468.84400000000126
1469.03000000000126
1469.20400000000126
1469.34500000000126
1469.53200000000126
1469.74200000000126
1469.93500000000126
1470.13900000000126
1470.32700000000126
1470.44700000000126
1471.03800000000126
1471.22300000000126
1471.42000000000127
1471.62100000000127
1471.82000000000127
1472.00700000000127
1472.19100000000127
1472.38100000000127
1472.59800000000127
1472.79500000000127
1472.98700000000127
1473.19100000000127
1473.39000000000127
1473.58100000000127
1474.94300000000127
1475.12900000000127
1475.31600000000127
1475.51100000000127
1475.71700000000127
1475.92000000000127
1476.13000000000127
1476.33800000000127
1476.56000000000127
1476.75400000000127
1476.96100000000127
1477.17700000000127
1477.27900000000127
1477.44100000000127
1477.63400000000127
1477.84900000000127
1478.04000000000127
1478.13900000000127
1478.30900000000127
1478.51600000000127
1478.71000000000127
1478.89000000000127
1479.09600000000127
1479.14500000000127
1479.31100000000127
1479.51700000000127
1479.71200000000127
1479.86000000000127
1480.03800000000127
1480.23200000000127
1480.43800000000127
1480.63100000000127
1480.84500000000127
1482.00200000000127
1482.17400000000127
1482.36500000000127
1482.48100000000128
1482.63400000000128
1482.83900000000128
1483.31000000000128
1483.46700000000128
1483.65500000000128
1483.74600000000128
1483.91200000000128
1484.11100000000128
1484.28300000000128
1484.46900000000128
1484.66900000000128
1484.87100000000128
1485.07800000000128
1485.27600000000128
1485.47000000000128
1485.67600000000128
1485.87100000000128
1486.07400000000128
1486.22400000000128
1487.15600000000128
1487.34600000000128
1487.61800000000128
1487.78800000000128
1487.96700000000128
1488.16000000000128
1488.33900000000128
1489.31900000000128
1489.51100000000128
1489.71900000000128
1489.92900000000128
1490.14800000000128
1490.37000000000128
1490.68500000000128
1491.52700000000128
1491.72200000000128
1491.81900000000128
1491.99900000000128
1492.19900000000128
1492.39500000000128
1492.58700000000128
1493.31500000000128
1493.50400000000128
1493.59000000000128
1493.77100000000128
1493.97300000000129
1494.19400000000129
1494.39400000000129
1494.58200000000129
1494.79500000000129
1494.96300000000129
1495.11000000000129
1495.30600000000129
1495.50200000000129
1495.58700000000129
1495.75100000000129
1495.95500000000129
1496.16000000000129
1496.34000000000129
1496.53800000000129
1496.74500000000129
1496.94200000000129
1498.87500000000129
1499.04000000000129
1499.25500000000129
1499.44100000000129
1499.62500000000129
1499.81300000000129
1500.02000000000129
1500.20500000000129
1500.25200000000129
1500.43200000000129
1500.64200000000129
1500.87500000000129
1501.08700000000129
1501.29400000000129
1502.51000000000129
1502.71500000000129
1502.92200000000129
1503.14000000000129
1503.35300000000129
1503.54700000000129
1503.75100000000129
1503.96200000000129
1504.16000000000129
1505.0950000000013
1505.2770000000013
1505.4790000000013
1505.6680000000013
1505.8680000000013
1506.0860000000013
1506.2870000000013
1506.4620000000013
1506.6720000000013
1506.8790000000013
1507.0890000000013
1507.2800000000013
1507.4790000000013
1507.6520000000013
1507.8490000000013
1508.0430000000013
1508.2400000000013
1508.4350000000013
1508.6350000000013
1508.8450000000013
1509.0420000000013
1509.2450000000013
1509.4410000000013
1509.6200000000013
1510.1330000000013
1510.3170000000013
1510.4910000000013
1510.6450000000013
1510.8320000000013
1511.0180000000013
1511.2120000000013
1511.3980000000013
1511.5810000000013
1511.7710000000013
1511.9510000000013
1512.1510000000013
1512.3410000000013
1512.5320000000013
1512.6860000000013
1515.0600000000013
1515.2330000000013
1515.4290000000013
1515.6150000000013
1515.6890000000013
1515.8520000000013
1516.0450000000013
1516.2420000000013
1516.44900000000131
1516.60400000000131
1517.40900000000131
1517.59800000000131
1517.80100000000131
1517.87700000000131
1518.04800000000131
1518.23100000000131
1518.41000000000131
1518.58200000000131
1518.76600000000131
1518.95700000000131
1519.17400000000131
1519.31800000000131
1519.50400000000131
1519.70200000000131
1519.89700000000131
1520.08700000000131
1520.28600000000131
1520.43600000000131
1521.62500000000131
1578.53200000000136
1578.78200000000136
1578.93700000000136
1579.10800000000136
1579.31000000000136
1579.47500000000136
1579.66500000000136
1579.85000000000136
1579.94300000000136
1580.09600000000136
1580.29700000000136
1580.49000000000136
1580.68200000000136
1580.86200000000136
1581.64100000000136
1581.81700000000136
1582.00700000000136
1582.19500000000136
1582.38400000000136
1582.58000000000136
1582.75900000000136
1582.96500000000136
1583.18100000000136
1583.32400000000136
1584.16900000000137
1584.36000000000137
1584.55100000000137
1584.75100000000137
1585.27500000000137
1586.78100000000137
1586.91000000000137
1587.47400000000137
1587.80100000000137
1587.96400000000137
1588.05200000000137
1588.20100000000137
1588.38100000000137
1588.56900000000137
1588.78000000000137
1588.89700000000137
2208.97899999998405
2209.13399999998403
2209.30299999998401
2209.47999999998399
2209.65499999998397
2209.82599999998395
2209.99399999998394
2365.46899999996681
2365.5429999999668
2365.80799999996678
2366.5209999999667
2366.90199999996666
2367.18699999996662
2505.61499999995138
2505.76999999995136
2506.22899999995131
2654.282999999935
2654.43499999993499
2654.60399999993497
2654.78299999993495
2654.96999999993493
2655.14899999993491
2655.33599999993489
2655.53599999993487
2655.73299999993485
2655.92699999993482
2656.1109999999348
2656.30299999993478
2656.81399999993473
2657.25899999993468
2657.68599999993463
2657.84999999993461
2658.04599999993459
2658.22299999993457
2658.50799999993454
2658.67299999993452
2658.8399999999345
2659.01199999993448
2659.18199999993447
2659.36899999993444
2659.56599999993442
2659.7909999999344
2660.50799999993432
2660.6829999999343
2661.07399999993426
2661.18699999993424
2661.29399999993423
2661.41899999993422
2661.52399999993421
2661.81199999993418
2661.94999999993416
2662.27699999993412
2663.07399999993404
2663.57299999993398
2663.96699999993394
2664.3339999999339
2664.56399999993387
2664.73999999993385
2665.11999999993381
2665.2189999999338
2665.71999999993375
2667.46899999993355
2667.62999999993353
2668.30199999993346
2668.96899999993339
2669.29999999993335
2669.48299999993333
2669.64999999993331
2669.7449999999333
2669.7849999999333
2670.01299999993327
2670.37799999993323
2670.53799999993321
2670.6659999999332
2670.94699999993317
2671.30899999993313
2671.69199999993309
2672.03099999993305
2672.10099999993304
2672.23599999993303
2672.40599999993301
2672.495999999933
2672.67799999993298
2672.92599999993295
2673.4249999999329
2673.80899999993285
2675.93199999993262
2676.05899999993261
2676.1369999999326
2676.35999999993257
2678.26099999993236
2678.68399999993232
2678.77299999993231
2679.08999999993227
2679.35299999993224
2679.51699999993223
2679.62099999993221
2679.90299999993218
2680.02699999993217
2681.14399999993205
2681.68199999993199
2681.92599999993196
2950.14299999990242
0
0
0
0
0
0
0
0
0
0
0
0
0
3600.00099999983085
0
0
0
0
0
0
