8
14
19
8
14
19
IPPneo1.13
test1
0
1
12
17
28
13
21
53
22
4
.3
1
962
962
1
922
922
1
1
1
1
1
1
1
1
1
1
1
1
1
1
1
1
1
1
1
1
961
-1
14.11500000000000028
14.23200000000000028
14.35200000000000029
14.48200000000000029
14.61400000000000029
14.75400000000000029
14.8910000000000003
15.0240000000000003
15.1630000000000003
15.2940000000000003
15.46000000000000031
15.56800000000000031
15.70000000000000031
15.83000000000000032
15.97200000000000032
16.5019999999999999
16.6239999999999998
17.0479999999999994
17.1799999999999993
17.3129999999999992
18.0139999999999986
18.1419999999999985
18.2849999999999984
18.4349999999999983
19.3099999999999975
19.4639999999999974
20.0369999999999969
20.1919999999999968
20.3149999999999967
20.4749999999999965
20.6399999999999964
20.8129999999999962
20.9899999999999961
21.4129999999999957
21.5369999999999956
21.6759999999999955
22.8949999999999945
23.0379999999999944
23.524999999999994
23.6539999999999938
23.7949999999999937
43.8319999999999973
43.9519999999999974
63.3980000000000147
63.5060000000000148
63.779000000000015
63.9030000000000151
64.0260000000000152
64.5400000000000157
65.3530000000000164
65.4900000000000165
65.6410000000000166
65.7990000000000168
65.977000000000017
66.1490000000000171
66.3220000000000173
66.5060000000000174
66.6920000000000176
66.8710000000000177
67.0500000000000179
67.2350000000000181
89.7530000000000381
90.2980000000000386
90.5260000000000388
90.6370000000000389
90.805000000000039
90.9550000000000391
91.1170000000000393
91.2770000000000394
91.4740000000000396
141.368000000000084
141.492000000000084
141.576000000000084
141.701000000000084
141.842000000000084
141.998000000000084
142.132000000000085
142.292000000000085
142.473000000000085
142.635000000000085
142.804000000000085
142.978000000000085
143.148000000000085
143.330000000000086
143.652000000000086
143.813000000000086
143.980000000000086
144.147000000000086
144.322000000000087
144.501000000000087
144.678000000000087
144.856000000000087
145.057000000000087
145.229000000000087
145.422000000000088
145.612000000000088
145.802000000000088
145.987000000000088
146.112000000000088
146.282000000000088
146.461000000000088
146.686000000000089
146.869000000000089
147.045000000000089
147.331000000000089
147.68300000000009
147.85300000000009
148.01100000000009
148.17800000000009
148.36400000000009
148.54500000000009
148.71900000000009
148.893000000000091
149.068000000000091
149.286000000000091
152.986000000000094
153.074000000000094
153.403000000000095
153.537000000000095
153.629000000000095
153.776000000000095
153.906000000000095
154.040000000000095
154.188000000000095
154.348000000000095
154.497000000000096
154.658000000000096
154.736000000000096
154.813000000000096
154.971000000000096
155.103000000000096
155.260000000000096
155.429000000000096
230.770000000000163
230.992000000000164
231.109000000000164
231.275000000000164
231.400000000000164
231.556000000000164
231.700000000000164
231.899000000000164
232.488000000000165
232.735000000000165
232.944000000000165
233.175000000000165
233.641000000000166
234.539000000000167
234.836000000000167
234.960000000000167
235.291000000000167
235.448000000000167
235.597000000000168
235.747000000000168
235.912000000000168
236.078000000000168
236.260000000000168
236.533000000000168
236.721000000000169
236.854000000000169
236.988000000000169
238.21400000000017
238.38600000000017
238.53300000000017
238.69500000000017
238.889000000000171
238.922000000000171
239.353000000000171
239.558000000000171
239.747000000000171
239.767000000000171
240.021000000000172
240.273000000000172
240.488000000000172
319.653000000000242
319.757000000000242
319.880000000000242
319.966000000000243
320.088000000000243
389.495000000000304
389.621000000000304
399.514000000000313
399.633000000000313
399.758000000000313
399.895000000000314
400.055000000000314
400.215000000000314
400.366000000000314
400.519000000000314
400.677000000000314
400.840000000000314
400.924000000000314
400.995000000000314
401.159000000000315
401.325000000000315
401.667000000000315
401.878000000000315
401.991000000000315
402.209000000000316
402.334000000000316
402.429000000000316
402.495000000000316
402.592000000000316
402.686000000000316
402.952000000000316
403.042000000000316
403.096000000000316
403.173000000000316
403.536000000000317
403.663000000000317
403.790000000000317
494.525000000000398
552.046000000000449
552.174000000000449
552.287000000000449
552.538000000000449
552.702000000000449
552.921000000000449
553.12000000000045
554.00400000000045
554.874000000000451
555.016000000000451
555.168000000000451
555.494000000000452
555.661000000000452
582.200000000000475
582.493000000000476
582.658000000000476
582.825000000000476
582.990000000000476
583.151000000000476
583.319000000000476
583.491000000000477
583.655000000000477
583.814000000000477
583.996000000000477
584.629000000000478
584.813000000000478
584.996000000000478
585.187000000000478
585.383000000000478
585.593000000000478
585.759000000000479
585.947000000000479
586.144000000000479
586.335000000000479
586.524000000000479
586.710000000000479
586.91400000000048
587.09300000000048
587.29200000000048
587.50600000000048
587.73100000000048
587.83500000000048
587.92600000000048
588.125000000000481
588.301000000000481
588.528000000000481
588.737000000000481
588.939000000000481
589.130000000000482
589.331000000000482
589.509000000000482
589.692000000000482
589.920000000000482
590.131000000000482
590.352000000000483
590.541000000000483
590.722000000000483
590.912000000000483
591.105000000000483
591.305000000000484
591.498000000000484
591.703000000000484
591.882000000000484
592.096000000000484
592.292000000000484
592.486000000000485
592.683000000000485
592.882000000000485
593.093000000000485
593.287000000000485
593.473000000000485
593.677000000000486
593.859000000000486
594.055000000000486
594.263000000000486
594.502000000000486
594.643000000000486
595.415000000000487
595.522000000000487
595.621000000000487
595.737000000000487
595.928000000000488
596.120000000000488
596.309000000000488
596.541000000000488
596.740000000000488
596.964000000000488
597.176000000000489
597.391000000000489
597.592000000000489
598.96000000000049
599.255000000000491
599.751000000000491
599.920000000000491
600.070000000000491
600.223000000000491
600.396000000000492
600.573000000000492
600.759000000000492
600.969000000000492
601.300000000000492
601.486000000000492
601.680000000000493
601.867000000000493
602.465000000000493
603.638000000000494
604.023000000000495
604.203000000000495
604.341000000000495
605.151000000000496
605.285000000000496
605.396000000000496
605.477000000000496
605.868000000000496
606.041000000000497
606.214000000000497
606.397000000000497
606.692000000000497
606.898000000000497
607.740000000000498
610.2200000000005
610.3350000000005
610.495000000000501
610.655000000000501
610.806000000000501
610.984000000000501
611.124000000000501
611.226000000000501
611.313000000000501
612.000000000000502
612.136000000000502
612.286000000000502
612.468000000000502
612.670000000000502
612.787000000000503
612.858000000000503
613.032000000000503
613.221000000000503
613.427000000000503
613.670000000000503
613.782000000000503
613.893000000000504
614.082000000000504
614.271000000000504
614.482000000000504
614.599000000000504
614.812000000000504
615.012000000000505
615.203000000000505
615.413000000000505
615.586000000000505
615.766000000000505
617.528000000000507
617.635000000000507
617.938000000000507
618.170000000000507
618.334000000000508
618.524000000000508
618.698000000000508
618.894000000000508
619.143000000000508
619.353000000000508
619.564000000000509
619.761000000000509
619.978000000000509
620.204000000000509
620.292000000000509
621.07900000000051
621.54800000000051
621.70600000000051
621.878000000000511
622.064000000000511
622.287000000000511
622.503000000000511
622.737000000000511
622.946000000000512
623.139000000000512
623.338000000000512
623.564000000000512
623.792000000000512
624.010000000000512
624.220000000000513
624.431000000000513
624.540000000000513
624.762000000000513
624.937000000000513
625.135000000000514
625.360000000000514
625.508000000000514
625.703000000000514
625.926000000000514
626.034000000000514
626.228000000000514
626.406000000000515
626.608000000000515
626.790000000000515
627.092000000000515
627.297000000000516
627.490000000000516
627.707000000000516
628.805000000000517
628.967000000000517
629.647000000000518
629.824000000000518
630.956000000000519
631.231000000000519
631.313000000000519
631.385000000000519
631.584000000000519
631.775000000000519
631.96300000000052
632.14000000000052
632.33000000000052
632.97300000000052
633.207000000000521
633.393000000000521
633.504000000000521
633.982000000000521
634.008000000000521
634.180000000000522
634.792000000000522
634.816000000000522
634.905000000000522
635.127000000000522
635.186000000000522
635.260000000000522
635.460000000000523
635.660000000000523
636.752000000000524
637.112000000000524
637.318000000000524
637.459000000000524
640.758000000000527
640.893000000000528
641.072000000000528
641.259000000000528
641.443000000000528
641.634000000000528
641.828000000000528
642.010000000000528
642.227000000000529
642.455000000000529
643.70600000000053
643.91700000000053
647.899000000000534
649.098000000000535
649.233000000000535
649.385000000000535
649.554000000000535
649.737000000000535
649.874000000000536
650.042000000000536
650.220000000000536
650.513000000000536
650.764000000000536
651.268000000000537
651.488000000000537
651.892000000000537
652.069000000000537
652.250000000000538
652.443000000000538
652.679000000000538
652.926000000000538
653.035000000000538
653.136000000000538
653.328000000000539
653.864000000000539
653.980000000000539
654.201000000000539
654.240000000000539
654.288000000000539
654.49200000000054
654.62100000000054
654.88300000000054
655.07000000000054
655.33500000000054
655.49000000000054
655.579000000000541
655.693000000000541
655.866000000000541
657.058000000000542
657.252000000000542
660.297000000000545
660.530000000000545
661.899000000000546
662.035000000000546
665.412000000000549
666.60900000000055
669.273000000000553
669.391000000000553
669.490000000000553
669.904000000000553
670.056000000000553
670.220000000000554
670.390000000000554
670.581000000000554
670.727000000000554
670.906000000000554
671.073000000000554
671.242000000000554
671.422000000000555
671.610000000000555
671.847000000000555
672.033000000000555
672.221000000000555
672.774000000000556
672.887000000000556
672.994000000000556
673.189000000000556
673.362000000000556
673.564000000000557
674.296000000000557
674.493000000000557
674.663000000000558
674.848000000000558
675.029000000000558
675.262000000000558
675.470000000000558
675.714000000000558
675.990000000000559
676.197000000000559
676.381000000000559
676.573000000000559
676.764000000000559
676.96300000000056
677.43900000000056
677.88500000000056
678.01400000000056
678.149000000000561
678.289000000000561
678.498000000000561
678.624000000000561
678.829000000000561
678.953000000000561
679.039000000000561
679.107000000000561
679.201000000000562
679.268000000000562
679.432000000000562
679.608000000000562
679.771000000000562
679.938000000000562
680.055000000000562
680.156000000000562
680.385000000000563
680.570000000000563
680.751000000000563
680.959000000000563
681.179000000000563
681.368000000000564
681.893000000000564
682.002000000000564
682.107000000000564
682.316000000000564
682.616000000000565
682.797000000000565
683.084000000000565
683.309000000000565
683.511000000000565
683.575000000000565
684.982000000000567
685.650000000000567
685.771000000000567
685.912000000000568
686.059000000000568
686.179000000000568
686.315000000000568
686.440000000000568
686.577000000000568
686.739000000000568
686.943000000000568
687.099000000000569
687.266000000000569
687.384000000000569
687.477000000000569
687.717000000000569
687.899000000000569
688.091000000000569
688.25700000000057
688.37400000000057
688.50400000000057
688.60400000000057
688.75000000000057
688.81400000000057
688.97700000000057
689.30600000000057
689.743000000000571
689.927000000000571
690.152000000000571
690.247000000000571
690.680000000000572
690.825000000000572
691.104000000000572
691.262000000000572
691.462000000000572
698.345000000000579
698.475000000000579
698.612000000000579
698.829000000000579
699.241000000000579
700.18100000000058
700.26600000000058
700.48600000000058
700.621000000000581
700.678000000000581
700.687000000000581
700.711000000000581
700.730000000000581
700.778000000000581
700.853000000000581
700.893000000000581
701.022000000000581
701.048000000000581
701.214000000000581
701.320000000000581
701.571000000000581
703.268000000000583
703.375000000000583
703.452000000000583
703.517000000000583
703.708000000000583
703.760000000000583
703.837000000000583
704.010000000000584
704.048000000000584
704.760000000000584
704.870000000000584
704.984000000000584
705.095000000000585
705.212000000000585
705.312000000000585
705.390000000000585
705.450000000000585
705.542000000000585
705.623000000000585
706.144000000000586
706.313000000000586
706.479000000000586
706.650000000000586
706.833000000000586
707.041000000000586
707.331000000000586
707.672000000000587
707.776000000000587
707.995000000000587
708.168000000000587
708.367000000000587
708.555000000000588
709.148000000000588
709.788000000000589
710.128000000000589
710.222000000000589
710.286000000000589
710.86400000000059
710.92200000000059
711.02600000000059
711.12000000000059
711.29200000000059
711.54100000000059
711.66100000000059
711.71600000000059
711.989000000000591
712.301000000000591
712.822000000000591
713.279000000000592
713.333000000000592
713.630000000000592
713.789000000000592
717.309000000000595
718.751000000000597
720.013000000000598
720.250000000000598
720.879000000000599
721.007000000000599
722.1570000000006
722.2390000000006
722.9730000000006
723.155000000000601
723.274000000000601
723.919000000000601
723.980000000000601
724.020000000000601
724.034000000000601
724.082000000000601
724.150000000000602
724.176000000000602
724.470000000000602
724.537000000000602
724.671000000000602
726.600000000000604
726.769000000000604
727.880000000000605
728.506000000000605
728.667000000000606
735.237000000000611
735.406000000000611
735.543000000000612
735.694000000000612
793.171000000000663
793.547000000000663
793.649000000000663
793.770000000000663
793.979000000000664
794.097000000000664
794.242000000000664
794.392000000000664
794.516000000000664
794.561000000000664
795.018000000000664
795.094000000000664
795.142000000000665
795.192000000000665
795.209000000000665
795.240000000000665
795.458000000000665
795.615000000000665
795.698000000000665
795.713000000000665
795.936000000000665
795.949000000000665
796.004000000000665
796.072000000000665
796.159000000000665
796.448000000000666
796.730000000000666
796.855000000000666
796.963000000000666
796.999000000000666
798.043000000000667
798.442000000000667
798.567000000000668
798.974000000000668
799.133000000000668
799.289000000000668
799.463000000000668
799.640000000000668
799.794000000000669
799.980000000000669
800.303000000000669
800.471000000000669
800.638000000000669
800.85700000000067
800.98600000000067
801.07000000000067
801.12100000000067
801.26200000000067
801.28300000000067
801.45200000000067
801.69100000000067
801.75500000000067
801.863000000000671
963.644000000000814
963.853000000000814
964.108000000000815
964.158000000000815
964.233000000000815
964.400000000000815
964.554000000000815
964.705000000000815
1259.65500000000108
1259.80000000000108
1259.85000000000108
1260.05700000000108
1260.18700000000108
1260.32000000000108
1260.49100000000108
1260.63600000000108
1260.79800000000108
1261.28100000000108
1261.44100000000108
1261.60700000000108
1261.79800000000108
1262.01600000000108
1262.22300000000108
1262.51200000000108
1262.69400000000108
1262.86200000000108
1263.07600000000108
1263.26000000000108
1263.44700000000108
1263.73300000000108
1263.99400000000108
1264.18900000000108
1264.41000000000108
1264.61800000000108
1264.79500000000108
1264.99700000000108
1265.21300000000108
1265.41100000000108
1354.50700000000116
1355.62000000000116
1355.92900000000116
1356.28500000000116
1357.30800000000116
1363.84400000000117
1363.89400000000117
1364.14800000000117
1364.67900000000117
1364.85000000000117
1485.32900000000128
1493.33700000000128
1494.03200000000129
1494.19600000000129
1494.36300000000129
1494.52700000000129
1494.76700000000129
1495.20400000000129
1495.27800000000129
1495.88200000000129
1495.95700000000129
1496.10300000000129
1496.61000000000129
1496.77400000000129
1497.43000000000129
1497.58900000000129
1497.84300000000129
1497.96400000000129
1498.41500000000129
1498.77800000000129
1499.67900000000129
1505.9530000000013
1506.6730000000013
1506.6930000000013
1513.5440000000013
1513.6550000000013
1514.1840000000013
1514.3630000000013
1514.5340000000013
1514.7080000000013
1514.8960000000013
1515.3300000000013
1515.4780000000013
1515.6940000000013
1515.8730000000013
1516.0630000000013
1516.2490000000013
1516.42800000000131
1516.62900000000131
1516.95700000000131
1517.14800000000131
1517.33600000000131
1517.52300000000131
1517.64000000000131
1517.77500000000131
1517.96700000000131
1518.19900000000131
1518.41300000000131
1518.93200000000131
1519.12200000000131
1519.33600000000131
1784.69200000000154
2221.09199999998271
2221.37499999998268
2221.59799999998266
2221.71799999998264
2221.84899999998263
2222.02199999998261
2222.46499999998256
2222.58499999998255
2222.72199999998253
2222.86199999998252
2222.92499999998251
2222.9919999999825
2223.0229999999825
2223.15699999998249
2223.23999999998248
2223.30599999998247
2223.49799999998245
2223.58199999998244
2223.59399999998244
2223.68399999998243
2223.76699999998242
2223.87099999998241
2224.29199999998236
2224.46399999998234
2224.76799999998231
2224.8819999999823
2224.99999999998228
2225.10899999998227
2225.13899999998227
2225.21999999998226
2225.50999999998223
2225.59399999998222
2225.67999999998221
2225.7409999999822
2225.7569999999822
2225.95199999998218
2226.53599999998211
2227.35999999998202
2227.75599999998198
2227.88099999998197
2228.16299999998194
2228.31099999998192
2228.4569999999819
2228.59799999998189
2228.73899999998187
2228.78999999998187
2228.90799999998185
2228.95899999998185
2229.28899999998181
2229.3869999999818
2229.93699999998174
2230.03599999998173
2230.06899999998173
2230.08099999998172
2230.13599999998172
2230.17499999998171
2230.3289999999817
2230.38999999998169
2230.55399999998167
2230.78999999998165
2231.27199999998159
2231.41099999998158
2231.68399999998155
2232.35399999998147
2232.60799999998145
2232.74799999998143
2232.89699999998141
2233.0539999999814
2233.20299999998138
2233.39399999998136
2233.56699999998134
2233.98199999998129
2234.10999999998128
2234.25999999998126
2234.32199999998126
2234.44999999998124
2234.51099999998124
2234.60499999998123
2234.76499999998121
2235.43599999998113
2237.73499999998088
2237.84799999998087
2238.05899999998085
2238.24099999998083
2238.87999999998075
2241.36499999998048
2242.05499999998041
2242.28699999998038
2242.38899999998037
2242.54499999998035
2242.61299999998034
2242.73399999998033
2242.75399999998033
2242.82799999998032
2242.89499999998031
2243.63899999998023
2243.77499999998022
2243.8929999999802
2243.9559999999802
-2
14.16600000000000028
14.28700000000000028
14.42100000000000029
14.55300000000000029
14.69300000000000029
14.8270000000000003
14.9650000000000003
15.1000000000000003
15.2280000000000003
15.37000000000000031
15.50800000000000031
15.63800000000000031
15.76400000000000032
15.90200000000000032
16.0220000000000003
16.5309999999999999
16.6559999999999998
17.1059999999999994
17.2389999999999993
17.3899999999999991
18.0779999999999986
18.2139999999999984
18.3659999999999983
18.4949999999999982
19.3609999999999975
19.5129999999999973
20.0709999999999969
20.2339999999999967
20.4039999999999966
20.5639999999999965
20.7359999999999963
20.9129999999999962
21.085999999999996
21.4459999999999957
21.5879999999999956
21.7589999999999954
22.9959999999999944
23.1099999999999943
23.5969999999999939
23.7259999999999938
23.8779999999999936
43.8849999999999973
43.9999999999999974
63.4470000000000147
63.5580000000000148
63.837000000000015
63.9520000000000152
64.0990000000000153
64.5710000000000157
65.4430000000000165
65.5820000000000166
65.7420000000000167
65.9010000000000169
66.1070000000000171
66.2510000000000172
66.4180000000000173
66.5990000000000175
66.7910000000000177
66.9860000000000178
67.142000000000018
67.3040000000000181
89.8100000000000381
90.3650000000000386
90.6320000000000388
90.7210000000000389
90.8720000000000391
91.0570000000000392
91.1950000000000393
91.4450000000000396
91.5540000000000397
141.407000000000084
141.516000000000084
141.634000000000084
141.758000000000084
141.927000000000084
142.083000000000085
142.271000000000085
142.431000000000085
142.602000000000085
142.725000000000085
142.894000000000085
143.092000000000085
143.257000000000086
143.400000000000086
143.770000000000086
143.917000000000086
144.074000000000086
144.241000000000086
144.410000000000087
144.603000000000087
144.807000000000087
145.028000000000087
145.175000000000087
145.354000000000087
145.563000000000088
145.708000000000088
145.923000000000088
146.022000000000088
146.257000000000088
146.400000000000088
146.604000000000089
146.865000000000089
146.976000000000089
147.140000000000089
147.346000000000089
147.77200000000009
147.95700000000009
148.12400000000009
148.28300000000009
148.47600000000009
148.62700000000009
148.802000000000091
148.992000000000091
149.197000000000091
149.381000000000091
153.027000000000094
153.113000000000094
153.438000000000095
153.571000000000095
153.669000000000095
153.840000000000095
153.958000000000095
154.116000000000095
154.266000000000095
154.419000000000096
154.566000000000096
154.731000000000096
154.748000000000096
154.930000000000096
155.046000000000096
155.188000000000096
155.346000000000096
155.498000000000096
230.811000000000163
231.026000000000164
231.150000000000164
231.332000000000164
231.475000000000164
231.616000000000164
231.795000000000164
231.963000000000164
232.606000000000165
232.816000000000165
233.051000000000165
233.308000000000166
234.272000000000166
234.577000000000167
234.911000000000167
235.122000000000167
235.367000000000167
235.514000000000168
235.670000000000168
235.839000000000168
236.008000000000168
236.207000000000168
236.416000000000168
236.648000000000169
236.799000000000169
236.884000000000169
237.185000000000169
238.25900000000017
238.45700000000017
238.61600000000017
238.78300000000017
238.915000000000171
238.945000000000171
239.389000000000171
239.624000000000171
239.760000000000171
239.925000000000171
240.141000000000172
240.391000000000172
240.554000000000172
319.677000000000242
319.787000000000242
319.903000000000242
320.021000000000243
320.137000000000243
389.548000000000304
389.688000000000304
399.574000000000313
399.693000000000313
399.821000000000313
399.972000000000314
400.162000000000314
400.297000000000314
400.435000000000314
400.611000000000314
400.759000000000314
400.915000000000314
400.941000000000314
401.078000000000315
401.238000000000315
401.407000000000315
401.706000000000315
401.909000000000315
402.027000000000315
402.269000000000316
402.402000000000316
402.444000000000316
402.544000000000316
402.629000000000316
402.929000000000316
403.005000000000316
403.082000000000316
403.119000000000316
403.248000000000316
403.571000000000317
403.697000000000317
403.837000000000317
494.570000000000398
552.080000000000449
552.212000000000449
552.343000000000449
552.588000000000449
552.718000000000449
552.969000000000449
553.17900000000045
554.04500000000045
554.948000000000451
555.080000000000451
555.251000000000452
555.569000000000452
555.747000000000452
582.254000000000476
582.570000000000476
582.778000000000476
582.907000000000476
583.088000000000476
583.238000000000476
583.420000000000476
583.563000000000477
583.718000000000477
583.875000000000477
584.026000000000477
584.710000000000478
584.900000000000478
585.087000000000478
585.312000000000478
585.498000000000478
585.718000000000479
585.860000000000479
586.103000000000479
586.302000000000479
586.439000000000479
586.641000000000479
586.81300000000048
587.01100000000048
587.18200000000048
587.39500000000048
587.60800000000048
587.82300000000048
587.84800000000048
588.018000000000481
588.225000000000481
588.437000000000481
588.681000000000481
588.892000000000481
589.054000000000482
589.258000000000482
589.421000000000482
589.636000000000482
589.800000000000482
590.023000000000482
590.240000000000483
590.449000000000483
590.628000000000483
590.835000000000483
591.024000000000483
591.218000000000483
591.408000000000484
591.598000000000484
591.775000000000484
591.976000000000484
592.194000000000484
592.392000000000484
592.579000000000485
592.807000000000485
592.990000000000485
593.201000000000485
593.378000000000485
593.556000000000486
593.789000000000486
593.963000000000486
594.157000000000486
594.365000000000486
594.553000000000486
594.729000000000487
595.443000000000487
595.609000000000487
595.661000000000487
595.832000000000488
596.019000000000488
596.220000000000488
596.394000000000488
596.654000000000488
596.853000000000488
597.071000000000489
597.296000000000489
597.504000000000489
597.680000000000489
598.98800000000049
599.294000000000491
599.876000000000491
599.991000000000491
600.146000000000491
600.314000000000492
600.492000000000492
600.687000000000492
600.845000000000492
601.017000000000492
601.340000000000492
601.593000000000493
601.774000000000493
601.961000000000493
602.714000000000494
603.699000000000494
604.028000000000495
604.214000000000495
604.418000000000495
605.224000000000496
605.316000000000496
605.420000000000496
605.731000000000496
605.946000000000496
606.132000000000497
606.312000000000497
606.586000000000497
606.835000000000497
607.019000000000497
607.786000000000498
610.2470000000005
610.3980000000005
610.540000000000501
610.706000000000501
610.875000000000501
611.043000000000501
611.205000000000501
611.243000000000501
611.401000000000501
612.036000000000502
612.202000000000502
612.363000000000502
612.555000000000502
612.754000000000503
612.803000000000503
612.979000000000503
613.136000000000503
613.312000000000503
613.536000000000503
613.763000000000503
613.815000000000504
613.997000000000504
614.192000000000504
614.386000000000504
614.515000000000504
614.709000000000504
614.928000000000504
615.118000000000505
615.298000000000505
615.519000000000505
615.673000000000505
615.854000000000505
617.558000000000507
617.665000000000507
617.966000000000507
618.261000000000507
618.453000000000508
618.628000000000508
618.832000000000508
619.124000000000508
619.266000000000508
619.480000000000509
619.668000000000509
619.896000000000509
620.098000000000509
620.235000000000509
620.334000000000509
621.11700000000051
621.63200000000051
621.796000000000511
621.981000000000511
622.179000000000511
622.413000000000511
622.607000000000511
622.834000000000512
623.049000000000512
623.276000000000512
623.453000000000512
623.686000000000512
623.899000000000512
624.119000000000513
624.321000000000513
624.457000000000513
624.652000000000513
624.852000000000513
625.041000000000513
625.247000000000514
625.422000000000514
625.591000000000514
625.804000000000514
626.028000000000514
626.179000000000514
626.340000000000515
626.521000000000515
626.716000000000515
627.037000000000515
627.226000000000515
627.399000000000516
627.595000000000516
628.491000000000516
628.852000000000517
629.060000000000517
629.715000000000518
629.909000000000518
631.024000000000519
631.293000000000519
631.320000000000519
631.477000000000519
631.677000000000519
631.87200000000052
632.07900000000052
632.27700000000052
632.41800000000052
633.171000000000521
633.358000000000521
633.463000000000521
633.783000000000521
634.003000000000521
634.097000000000522
634.298000000000522
634.810000000000522
634.851000000000522
634.919000000000522
635.168000000000522
635.226000000000522
635.403000000000523
635.578000000000523
635.763000000000523
636.815000000000524
637.187000000000524
637.366000000000524
637.542000000000525
640.824000000000528
640.985000000000528
641.173000000000528
641.338000000000528
641.506000000000528
641.743000000000528
641.930000000000528
642.111000000000529
642.329000000000529
642.546000000000529
643.73900000000053
643.95300000000053
647.925000000000534
649.164000000000535
649.330000000000535
649.472000000000535
649.631000000000535
649.802000000000535
649.978000000000536
650.135000000000536
650.306000000000536
650.540000000000536
651.066000000000537
651.475000000000537
651.497000000000537
651.966000000000537
652.162000000000538
652.353000000000538
652.587000000000538
652.854000000000538
652.961000000000538
653.064000000000538
653.224000000000538
653.401000000000539
653.922000000000539
654.031000000000539
654.232000000000539
654.255000000000539
654.34100000000054
654.55500000000054
654.75600000000054
654.98500000000054
655.09200000000054
655.41900000000054
655.569000000000541
655.606000000000541
655.794000000000541
655.968000000000541
657.170000000000542
657.354000000000542
660.326000000000545
660.554000000000545
661.933000000000546
662.073000000000546
665.454000000000549
667.044000000000551
669.298000000000553
669.426000000000553
669.537000000000553
669.974000000000553
670.143000000000554
670.336000000000554
670.510000000000554
670.663000000000554
670.842000000000554
671.006000000000554
671.177000000000554
671.330000000000555
671.518000000000555
671.791000000000555
671.969000000000555
672.131000000000555
672.332000000000555
672.857000000000556
672.929000000000556
673.103000000000556
673.280000000000556
673.462000000000556
673.657000000000557
674.371000000000557
674.565000000000557
674.768000000000558
674.960000000000558
675.155000000000558
675.372000000000558
675.577000000000558
675.822000000000559
676.107000000000559
676.310000000000559
676.481000000000559
676.695000000000559
676.86000000000056
677.04000000000056
677.48700000000056
677.92600000000056
678.05600000000056
678.204000000000561
678.327000000000561
678.537000000000561
678.667000000000561
678.892000000000561
679.025000000000561
679.045000000000561
679.183000000000562
679.205000000000562
679.362000000000562
679.508000000000562
679.716000000000562
679.882000000000562
680.046000000000562
680.077000000000562
680.270000000000562
680.486000000000563
680.674000000000563
680.870000000000563
681.074000000000563
681.277000000000563
681.465000000000564
681.992000000000564
682.029000000000564
682.211000000000564
682.397000000000564
682.729000000000565
682.886000000000565
683.192000000000565
683.390000000000565
683.562000000000565
683.587000000000565
685.013000000000567
685.693000000000567
685.814000000000567
685.948000000000568
686.099000000000568
686.228000000000568
686.381000000000568
686.508000000000568
686.656000000000568
686.837000000000568
687.032000000000568
687.206000000000569
687.370000000000569
687.425000000000569
687.677000000000569
687.839000000000569
688.016000000000569
688.19600000000057
688.36600000000057
688.46600000000057
688.58500000000057
688.74900000000057
688.77400000000057
688.91700000000057
689.04300000000057
689.402000000000571
689.838000000000571
690.088000000000571
690.238000000000571
690.600000000000572
690.808000000000572
691.028000000000572
691.187000000000572
691.404000000000572
691.575000000000573
698.390000000000579
698.501000000000579
698.649000000000579
698.870000000000579
699.45300000000058
700.26400000000058
700.34400000000058
700.549000000000581
700.670000000000581
700.684000000000581
700.692000000000581
700.723000000000581
700.751000000000581
700.851000000000581
700.892000000000581
701.019000000000581
701.035000000000581
701.193000000000581
701.313000000000581
701.570000000000581
703.223000000000583
703.284000000000583
703.416000000000583
703.504000000000583
703.684000000000583
703.755000000000583
703.833000000000583
704.003000000000584
704.042000000000584
704.492000000000584
704.789000000000584
704.896000000000584
705.025000000000584
705.137000000000585
705.242000000000585
705.383000000000585
705.400000000000585
705.537000000000585
705.621000000000585
706.073000000000585
706.244000000000586
706.418000000000586
706.609000000000586
706.766000000000586
706.972000000000586
707.235000000000586
707.412000000000587
707.728000000000587
707.816000000000587
708.080000000000587
708.327000000000587
708.467000000000588
708.648000000000588
709.770000000000589
709.818000000000589
710.200000000000589
710.240000000000589
710.477000000000589
710.89800000000059
710.93200000000059
711.04300000000059
711.23700000000059
711.36400000000059
711.55000000000059
711.68400000000059
711.74500000000059
712.046000000000591
712.800000000000591
713.085000000000592
713.308000000000592
713.549000000000592
713.696000000000592
713.925000000000592
717.390000000000596
718.758000000000597
720.063000000000598
720.294000000000598
720.968000000000599
721.032000000000599
722.1930000000006
722.9020000000006
723.0410000000006
723.226000000000601
723.332000000000601
723.939000000000601
724.001000000000601
724.029000000000601
724.071000000000601
724.136000000000601
724.161000000000602
724.467000000000602
724.524000000000602
724.624000000000602
724.707000000000602
726.646000000000604
726.805000000000604
727.933000000000605
728.612000000000605
728.792000000000606
735.311000000000611
735.499000000000612
735.610000000000612
735.744000000000612
793.220000000000663
793.570000000000663
793.690000000000663
793.811000000000663
794.038000000000664
794.173000000000664
794.319000000000664
794.462000000000664
794.530000000000664
794.997000000000664
795.080000000000664
795.113000000000664
795.186000000000665
795.206000000000665
795.234000000000665
795.454000000000665
795.607000000000665
795.687000000000665
795.705000000000665
795.915000000000665
795.942000000000665
795.991000000000665
796.017000000000665
796.150000000000665
796.446000000000666
796.700000000000666
796.775000000000666
796.957000000000666
796.987000000000666
798.031000000000667
798.067000000000667
798.480000000000668
798.619000000000668
799.057000000000668
799.204000000000668
799.395000000000668
799.559000000000668
799.722000000000669
799.916000000000669
800.059000000000669
800.385000000000669
800.593000000000669
800.73000000000067
800.95100000000067
801.03800000000067
801.11700000000067
801.19000000000067
801.27300000000067
801.35600000000067
801.52400000000067
801.74400000000067
801.83000000000067
801.939000000000671
963.667000000000814
963.884000000000814
964.157000000000815
964.166000000000815
964.283000000000815
964.457000000000815
964.634000000000815
964.804000000000815
1259.68300000000108
1259.81500000000108
1259.89200000000108
1260.11000000000108
1260.23300000000108
1260.39700000000108
1260.56600000000108
1260.75000000000108
1260.89800000000108
1261.39500000000108
1261.53100000000108
1261.70100000000108
1261.89700000000108
1262.12900000000108
1262.30900000000108
1262.59700000000108
1262.77500000000108
1262.96400000000108
1263.16900000000108
1263.35400000000108
1263.54000000000108
1263.82100000000108
1264.08100000000108
1264.28600000000108
1264.51800000000108
1264.72400000000108
1264.88900000000108
1265.10500000000108
1265.32600000000108
1265.50000000000108
1354.54100000000116
1355.66100000000116
1356.00200000000116
1356.37200000000116
1357.34400000000116
1363.88200000000117
1363.93500000000117
1364.18600000000117
1364.74700000000117
1364.93600000000117
1485.47700000000128
1493.39300000000128
1494.08000000000129
1494.24400000000129
1494.45000000000129
1494.63100000000129
1494.86700000000129
1495.23500000000129
1495.34100000000129
1495.90300000000129
1496.01800000000129
1496.27400000000129
1496.64900000000129
1496.87800000000129
1497.44800000000129
1497.67400000000129
1497.91000000000129
1498.04700000000129
1498.70700000000129
1498.88800000000129
1499.75000000000129
1505.9930000000013
1506.6830000000013
1506.7360000000013
1513.6160000000013
1513.7190000000013
1514.2710000000013
1514.4460000000013
1514.6340000000013
1514.8030000000013
1514.9850000000013
1515.4290000000013
1515.5770000000013
1515.7840000000013
1515.9690000000013
1516.1540000000013
1516.3530000000013
1516.53000000000131
1516.71800000000131
1517.05200000000131
1517.24800000000131
1517.43100000000131
1517.62800000000131
1517.73200000000131
1517.87300000000131
1518.06900000000131
1518.31100000000131
1518.50800000000131
1519.02900000000131
1519.22800000000131
1519.42600000000131
1784.75100000000154
2221.12799999998271
2221.40799999998268
2221.64799999998265
2221.77399999998264
2221.92299999998262
2222.05899999998261
2222.50699999998256
2222.62599999998254
2222.76399999998253
2222.88899999998252
2222.95899999998251
2223.0139999999825
2223.12299999998249
2223.23399999998248
2223.25799999998248
2223.37999999998246
2223.56799999998244
2223.58799999998244
2223.65299999998243
2223.73299999998242
2223.81799999998241
2223.9279999999824
2224.32699999998236
2224.49099999998234
2224.78899999998231
2224.92499999998229
2225.04299999998228
2225.13799999998227
2225.20499999998226
2225.47299999998223
2225.58199999998222
2225.61299999998222
2225.7259999999822
2225.7529999999822
2225.94099999998218
2226.18099999998215
2226.58499999998211
2227.37599999998202
2227.78699999998198
2227.92099999998196
2228.22399999998193
2228.36099999998191
2228.5099999999819
2228.64499999998188
2228.78799999998187
2228.81499999998186
2228.95699999998185
2228.97899999998185
2229.3509999999818
2229.3979999999818
2229.98599999998173
2230.05399999998173
2230.07799999998172
2230.09699999998172
2230.16699999998171
2230.2869999999817
2230.38699999998169
2230.50099999998168
2230.76399999998165
2230.93899999998163
2231.30999999998159
2231.44399999998157
2231.71399999998154
2232.38699999998147
2232.66499999998144
2232.80699999998142
2232.9769999999814
2233.13599999998139
2233.31399999998137
2233.50099999998135
2233.64499999998133
2234.03199999998129
2234.16399999998127
2234.29499999998126
2234.40999999998125
2234.48899999998124
2234.53699999998123
2234.66399999998122
2234.8159999999812
2235.51899999998112
2237.78499999998088
2237.93299999998086
2238.14899999998084
2238.32799999998082
2239.02099999998074
2241.41299999998048
2242.0699999999804
2242.30299999998038
2242.42699999998036
2242.58999999998035
2242.62499999998034
2242.74599999998033
2242.81599999998032
2242.84199999998032
2243.61899999998023
2243.76899999998022
2243.8909999999802
2243.9419999999802
2244.09599999998018
921
-3
2.90400000000000005
3.02200000000000005
3.15300000000000005
3.26600000000000006
3.39700000000000006
3.54000000000000006
3.67700000000000006
3.82600000000000007
3.95900000000000007
4.10400000000000007
4.23900000000000008
4.36900000000000008
4.50800000000000008
4.63500000000000008
4.76800000000000009
4.89600000000000009
5.03200000000000009
5.17200000000000009
5.2840000000000001
5.4440000000000001
5.5720000000000001
5.72300000000000011
6.35100000000000012
6.48800000000000012
6.61700000000000012
6.75700000000000013
6.89000000000000013
7.03700000000000013
7.17300000000000014
7.32200000000000014
7.45400000000000014
7.60400000000000014
7.74300000000000015
7.88500000000000015
8.02200000000000015
8.16400000000000016
47.8980000000000009
48.037000000000001
48.1740000000000011
48.3130000000000013
48.4560000000000014
48.6040000000000015
48.7550000000000017
48.9060000000000018
49.0590000000000019
49.2100000000000021
49.3640000000000022
49.5190000000000023
49.6830000000000025
49.8500000000000026
50.0180000000000028
50.1990000000000029
50.3550000000000031
50.5050000000000032
50.6650000000000034
50.8300000000000035
50.9990000000000036
51.1830000000000038
51.355000000000004
51.5340000000000041
51.7080000000000043
51.9000000000000044
52.0740000000000046
52.2540000000000048
52.4270000000000049
52.6110000000000051
53.5230000000000059
53.603000000000006
53.7570000000000061
53.9140000000000062
54.0700000000000064
54.2320000000000065
54.3820000000000067
54.5470000000000068
54.7030000000000069
54.8600000000000071
55.0190000000000072
55.1750000000000074
55.3360000000000075
55.5100000000000077
55.6690000000000078
55.843000000000008
56.0100000000000081
56.1900000000000083
56.3600000000000084
56.5250000000000086
56.6890000000000087
56.8650000000000089
94.5840000000000424
94.7490000000000425
94.8870000000000426
95.0320000000000428
95.1830000000000429
95.338000000000043
95.5010000000000432
95.6710000000000433
95.8360000000000435
96.0020000000000436
96.1770000000000438
96.3500000000000439
96.5230000000000441
96.6920000000000442
96.8780000000000444
97.0480000000000446
97.2280000000000447
97.4080000000000449
97.589000000000045
97.7690000000000452
97.8860000000000453
97.9560000000000454
98.1400000000000455
98.3210000000000457
98.5100000000000458
98.696000000000046
98.8880000000000462
99.0750000000000463
99.2920000000000465
99.4890000000000467
99.6580000000000469
99.847000000000047
100.5390000000000476
100.6370000000000477
100.8080000000000479
100.959000000000048
101.1330000000000482
101.2900000000000483
101.4520000000000485
101.6290000000000486
101.8000000000000488
101.9740000000000489
102.1670000000000491
102.3570000000000493
102.5330000000000494
102.7010000000000496
102.8790000000000497
103.0570000000000499
103.2520000000000501
103.4430000000000502
103.6260000000000504
103.8190000000000506
104.0840000000000508
104.272000000000051
104.4550000000000511
104.6330000000000513
104.8200000000000514
165.081000000000105
165.526000000000105
165.814000000000106
336.227000000000257
336.352000000000257
336.502000000000257
336.651000000000257
336.801000000000258
336.957000000000258
337.106000000000258
337.261000000000258
337.421000000000258
337.587000000000258
338.382000000000259
338.525000000000259
338.853000000000259
339.017000000000259
339.20100000000026
339.37100000000026
339.54800000000026
339.72900000000026
339.90700000000026
340.08200000000026
340.268000000000261
340.412000000000261
340.585000000000261
340.765000000000261
340.939000000000261
341.116000000000261
341.297000000000261
341.483000000000262
341.672000000000262
342.033000000000262
342.216000000000262
342.417000000000262
342.613000000000263
342.798000000000263
342.979000000000263
343.193000000000263
343.370000000000263
343.551000000000263
343.713000000000264
343.886000000000264
344.003000000000264
344.063000000000264
344.128000000000264
344.333000000000264
344.520000000000264
344.976000000000265
345.132000000000265
345.318000000000265
345.497000000000265
345.674000000000265
345.874000000000266
346.033000000000266
346.212000000000266
346.400000000000266
346.585000000000266
346.770000000000266
346.906000000000266
346.970000000000266
347.170000000000267
347.650000000000267
347.821000000000267
347.981000000000267
348.143000000000268
348.317000000000268
348.582000000000268
348.753000000000268
348.950000000000268
349.140000000000268
349.318000000000269
349.494000000000269
349.688000000000269
350.195000000000269
350.79400000000027
353.244000000000272
353.290000000000272
353.405000000000272
354.758000000000273
354.923000000000274
355.036000000000274
355.976000000000275
355.996000000000275
356.016000000000275
356.037000000000275
356.046000000000275
356.057000000000275
356.067000000000275
356.077000000000275
356.087000000000275
356.097000000000275
356.116000000000275
356.136000000000275
356.156000000000275
356.177000000000275
356.187000000000275
356.198000000000275
356.217000000000275
356.239000000000275
356.259000000000275
356.279000000000275
356.299000000000275
356.417000000000275
356.427000000000275
356.497000000000275
356.690000000000275
356.807000000000275
356.816000000000275
356.896000000000275
356.916000000000275
357.538000000000276
357.546000000000276
357.557000000000276
357.578000000000276
357.859000000000276
357.879000000000276
358.079000000000276
358.141000000000276
358.369000000000277
358.797000000000277
358.856000000000277
358.936000000000277
358.944000000000277
358.955000000000277
358.965000000000277
359.034000000000277
359.226000000000277
359.317000000000277
359.336000000000278
359.376000000000278
359.396000000000278
359.415000000000278
359.435000000000278
359.456000000000278
359.526000000000278
359.615000000000278
359.625000000000278
359.634000000000278
360.435000000000278
360.494000000000279
360.585000000000279
360.595000000000279
360.616000000000279
360.636000000000279
360.656000000000279
360.677000000000279
360.697000000000279
360.836000000000279
755.129000000000629
755.633000000000629
755.74200000000063
756.27100000000063
756.55000000000063
756.68500000000063
756.84000000000063
757.011000000000631
757.177000000000631
757.538000000000631
806.544000000000675
806.653000000000675
806.784000000000675
806.937000000000675
807.109000000000675
807.262000000000675
810.910000000000678
812.36800000000068
812.48700000000068
812.71900000000068
812.84700000000068
813.781000000000681
813.926000000000681
814.064000000000681
814.230000000000682
814.390000000000682
814.580000000000682
814.782000000000682
814.938000000000682
815.108000000000682
815.280000000000682
815.446000000000683
815.624000000000683
815.795000000000683
815.980000000000683
816.160000000000683
816.336000000000683
816.446000000000683
816.561000000000684
816.740000000000684
816.921000000000684
817.111000000000684
817.295000000000684
817.398000000000684
817.503000000000684
817.691000000000685
817.867000000000685
818.040000000000685
818.238000000000685
818.420000000000685
818.607000000000685
818.844000000000686
819.038000000000686
819.166000000000686
819.287000000000686
819.486000000000686
819.670000000000686
819.839000000000686
820.020000000000687
820.217000000000687
820.382000000000687
820.565000000000687
821.131000000000688
822.090000000000688
822.239000000000689
822.408000000000689
822.580000000000689
822.754000000000689
822.934000000000689
823.105000000000689
823.29100000000069
823.48100000000069
823.66300000000069
823.82800000000069
824.01100000000069
824.25000000000069
824.456000000000691
824.660000000000691
824.851000000000691
825.023000000000691
825.246000000000691
825.452000000000691
825.652000000000692
825.883000000000692
826.068000000000692
826.267000000000692
826.462000000000692
826.646000000000692
826.772000000000693
826.912000000000693
827.116000000000693
827.299000000000693
827.512000000000693
827.761000000000694
827.946000000000694
828.562000000000694
828.758000000000694
828.943000000000695
829.138000000000695
829.322000000000695
829.508000000000695
829.622000000000695
829.757000000000695
829.950000000000695
830.136000000000696
830.418000000000696
830.639000000000696
830.830000000000696
831.027000000000696
831.240000000000697
831.423000000000697
831.725000000000697
831.921000000000697
832.118000000000697
832.304000000000698
832.517000000000698
832.706000000000698
832.898000000000698
833.024000000000698
833.139000000000698
833.245000000000698
833.451000000000699
834.002000000000699
835.956000000000701
836.124000000000701
836.333000000000701
837.147000000000702
837.358000000000702
837.675000000000702
837.738000000000702
838.164000000000703
838.395000000000703
838.504000000000703
838.734000000000703
838.837000000000703
838.939000000000703
839.045000000000704
839.168000000000704
839.362000000000704
839.486000000000704
839.603000000000704
839.672000000000704
839.754000000000704
840.265000000000705
840.954000000000705
841.090000000000705
841.255000000000706
841.457000000000706
841.640000000000706
841.852000000000706
842.020000000000706
842.259000000000706
842.435000000000706
842.612000000000707
842.793000000000707
842.985000000000707
843.169000000000707
843.276000000000707
843.389000000000707
843.584000000000708
843.776000000000708
843.963000000000708
844.462000000000708
844.638000000000709
844.859000000000709
845.048000000000709
845.233000000000709
845.491000000000709
845.79800000000071
846.12800000000071
847.669000000000711
847.789000000000711
848.303000000000712
848.462000000000712
856.373000000000719
856.486000000000719
856.599000000000719
856.715000000000719
856.800000000000719
856.934000000000719
857.05500000000072
857.97800000000072
858.04300000000072
858.14100000000072
862.602000000000724
862.792000000000725
862.851000000000725
863.582000000000725
863.670000000000725
864.025000000000726
864.164000000000726
864.313000000000726
864.470000000000726
864.812000000000726
864.906000000000726
865.024000000000727
865.333000000000727
866.156000000000728
866.517000000000728
866.728000000000728
867.296000000000729
867.429000000000729
867.609000000000729
867.772000000000729
867.933000000000729
868.157000000000729
868.32700000000073
868.50200000000073
868.67600000000073
868.83900000000073
868.94400000000073
869.04800000000073
869.23700000000073
869.682000000000731
869.794000000000731
869.909000000000731
870.067000000000731
870.254000000000731
870.374000000000731
870.475000000000731
870.683000000000732
870.871000000000732
871.061000000000732
871.247000000000732
871.554000000000732
871.733000000000733
871.937000000000733
872.121000000000733
872.609000000000733
873.138000000000734
873.231000000000734
873.306000000000734
873.471000000000734
873.682000000000734
873.855000000000734
874.013000000000735
874.177000000000735
874.356000000000735
874.535000000000735
874.652000000000735
874.752000000000735
874.962000000000735
875.155000000000736
875.344000000000736
875.451000000000736
875.585000000000736
875.812000000000736
876.201000000000737
876.302000000000737
876.768000000000737
877.212000000000737
877.759000000000738
878.199000000000738
878.345000000000738
878.498000000000739
878.701000000000739
879.056000000000739
879.461000000000739
880.23600000000074
880.33600000000074
880.997000000000741
881.151000000000741
881.191000000000741
881.304000000000741
882.267000000000742
882.660000000000742
882.780000000000742
882.978000000000743
883.270000000000743
884.675000000000744
885.251000000000745
885.503000000000745
885.561000000000745
885.691000000000745
885.901000000000745
886.125000000000745
886.214000000000745
886.530000000000746
886.683000000000746
1080.43200000000092
1080.85700000000092
1080.99800000000092
1081.14600000000092
1081.30500000000092
1081.83100000000092
1082.40800000000092
1082.58300000000092
1082.74900000000092
1082.89900000000092
1083.06300000000092
1083.24000000000092
1083.41000000000092
1083.57400000000092
1083.75000000000092
1083.92200000000092
1084.09500000000092
1084.29400000000092
1084.49700000000092
1084.67500000000092
1084.85200000000092
1085.02900000000092
1085.21100000000092
1085.40000000000092
1085.89200000000092
1086.06100000000092
1086.26300000000092
1086.42500000000092
1086.59000000000092
1086.78000000000092
1086.97600000000092
1087.18400000000092
1087.68100000000092
1088.46600000000092
1088.66100000000093
1088.83300000000093
1089.01600000000093
1089.30500000000093
1093.10700000000093
1093.26300000000093
1093.91500000000093
1093.92700000000093
1097.51500000000093
1097.75300000000093
1099.15900000000093
1099.47500000000093
1099.60900000000093
1099.75300000000094
1100.04500000000094
1100.21200000000094
1100.39100000000094
1100.56500000000094
1100.82200000000094
1101.16400000000094
1101.38300000000094
1101.61400000000094
1101.71400000000094
1101.81900000000094
1101.87200000000094
1102.79800000000094
1103.02100000000094
1103.08900000000094
1103.64800000000094
1103.65700000000094
1103.66800000000094
1103.67700000000094
1103.68800000000094
1103.69800000000094
1103.70800000000094
1104.04700000000094
1104.06600000000094
1104.18800000000094
1104.20800000000094
1104.22800000000094
1104.24800000000094
1104.26800000000094
1104.28800000000094
1104.30900000000094
1104.48500000000094
1104.72500000000094
1104.76900000000094
1104.96500000000094
1106.96300000000094
1107.76900000000094
1107.77800000000094
1110.04400000000094
1110.05200000000094
1110.06300000000094
1113.12600000000095
1113.41600000000095
1113.63600000000095
1113.67200000000095
1114.35600000000095
1118.07100000000095
1120.90700000000095
1121.59400000000095
1121.79800000000095
1122.01600000000095
1123.84700000000096
1124.05600000000096
1126.48900000000096
1127.02200000000096
1129.64400000000096
1132.28400000000096
1132.50900000000096
1149.28200000000098
1149.43000000000098
1149.48800000000098
1151.32100000000098
1153.37200000000098
1156.88400000000099
1157.22400000000099
1158.36400000000099
1161.15400000000099
1162.52300000000099
1162.59000000000099
1163.35400000000099
1163.61400000000099
1163.88000000000099
1175.398000000001
1176.335000000001
1176.364000000001
1176.512000000001
1177.017000000001
1183.76300000000101
1183.92000000000101
1184.06700000000101
1184.86100000000101
1184.87800000000101
1184.89800000000101
1184.90800000000101
1184.91900000000101
1185.51900000000101
1185.83900000000101
1185.85900000000101
1186.00800000000101
1186.01600000000101
1188.15200000000101
1188.17300000000101
1188.19500000000101
1188.21500000000101
1188.35100000000101
1188.91100000000101
1188.95200000000101
1188.97300000000101
1189.04800000000101
1189.09100000000101
1189.11300000000101
1189.16500000000101
1189.26900000000101
1189.37200000000101
1189.38100000000101
1189.39000000000101
1189.41000000000101
1189.43000000000101
1189.44100000000101
1189.45100000000101
1189.47100000000101
1189.50000000000101
1189.59300000000101
1189.61100000000101
1189.76900000000102
1191.80500000000102
1191.82500000000102
1191.84500000000102
1191.86500000000102
1191.88500000000102
1191.90500000000102
1191.92500000000102
1191.94500000000102
1191.96500000000102
1191.98500000000102
1192.00500000000102
1192.01500000000102
1192.02500000000102
1192.04500000000102
1192.05500000000102
1192.06500000000102
1192.07500000000102
1192.08500000000102
1192.09500000000102
1192.10500000000102
1192.11500000000102
1192.12500000000102
1192.13500000000102
1192.14500000000102
1192.15500000000102
1192.16500000000102
1192.17500000000102
1192.18500000000102
1192.26500000000102
1192.28500000000102
1192.30500000000102
1192.31500000000102
1192.38500000000102
1192.39500000000102
1192.40500000000102
1192.50400000000102
1192.52400000000102
1192.58400000000102
1192.59500000000102
1192.60500000000102
1192.62700000000102
1192.64600000000102
1192.65500000000102
1192.66500000000102
1192.73400000000102
1192.78700000000102
1192.83100000000102
1192.90500000000102
1192.92700000000102
1192.94300000000102
1193.02300000000102
1193.04300000000102
1193.24300000000102
1193.34300000000102
1193.35300000000102
1196.19700000000102
1196.21700000000102
1196.23700000000102
1196.41700000000102
1196.43700000000102
1200.39100000000102
1200.40000000000102
1200.40900000000102
1201.80700000000103
1201.81700000000103
1201.82800000000103
1201.84900000000103
1201.86900000000103
1201.88900000000103
1201.89800000000103
1201.90700000000103
1202.00600000000103
1202.22700000000103
1202.34500000000103
1202.36600000000103
1202.50500000000103
1202.54500000000103
1202.56700000000103
1202.58700000000103
1202.60800000000103
1202.62800000000103
1202.64900000000103
1202.76800000000103
1202.78700000000103
1202.80800000000103
1202.82800000000103
1218.84100000000104
1221.00500000000104
1221.13000000000104
1221.80000000000104
1223.27300000000104
1223.40700000000104
1223.55400000000104
1223.86200000000105
1223.87100000000105
1225.09000000000105
1225.39000000000105
1225.83600000000105
1226.20800000000105
1226.66800000000105
1227.01500000000105
1227.15900000000105
1227.39600000000105
1227.55700000000105
1227.71200000000105
1227.72200000000105
1227.73300000000105
1227.75100000000105
1227.86800000000105
1227.98900000000105
1228.11200000000105
1228.12300000000105
1228.13200000000105
1228.14200000000105
1228.15200000000105
1239.40100000000106
1239.59100000000106
1239.97000000000106
1239.98000000000106
1239.98700000000106
1240.03000000000106
1240.41700000000106
1240.50700000000106
1240.51700000000106
1244.22000000000106
1244.24000000000106
1244.26300000000106
1244.69400000000106
1244.69900000000106
1697.09700000000147
1698.24100000000147
1698.28200000000147
1698.40900000000147
1698.60400000000147
1699.29000000000147
1699.61300000000147
1699.77300000000147
1699.93200000000147
1700.09800000000147
1700.26100000000147
1700.44400000000147
1700.61000000000147
1700.81600000000147
1701.11100000000147
1701.29600000000147
1701.47200000000147
1701.68800000000147
1701.94700000000147
1702.13500000000147
1702.48900000000147
1702.75100000000147
1702.96200000000147
1703.21200000000147
1703.40200000000147
1703.60100000000147
1703.77000000000147
1703.97600000000147
1704.15700000000147
1704.32500000000147
1704.56000000000147
1704.75900000000147
1705.04800000000147
1705.51800000000147
1705.63700000000147
1706.31900000000147
1706.44300000000147
1706.55300000000147
1706.68500000000147
1706.79300000000147
1707.64600000000147
1707.93100000000148
1708.29100000000148
1709.19900000000148
1709.46900000000148
1709.62300000000148
1710.66900000000148
1715.43600000000148
1720.74800000000149
1720.80300000000149
1720.92600000000149
1721.00500000000149
1721.10400000000149
1721.16800000000149
1724.19700000000149
1726.15800000000149
1728.40400000000149
-4
2.95300000000000005
3.08700000000000005
3.20300000000000005
3.33300000000000006
3.47500000000000006
3.61500000000000006
3.76200000000000007
3.89800000000000007
4.04200000000000007
4.17800000000000007
4.30800000000000008
4.44300000000000008
4.56700000000000008
4.71500000000000008
4.84000000000000009
4.96900000000000009
5.10400000000000009
5.2210000000000001
5.3640000000000001
5.5080000000000001
5.6480000000000001
5.77500000000000011
6.40900000000000012
6.54200000000000012
6.68400000000000013
6.82300000000000013
6.96500000000000013
7.10400000000000014
7.25000000000000014
7.38800000000000014
7.54000000000000014
7.67900000000000015
7.81200000000000015
7.96200000000000015
8.08700000000000016
8.21300000000000016
47.961000000000001
48.1070000000000011
48.2410000000000012
48.4380000000000014
48.5380000000000015
48.7420000000000016
48.8540000000000017
48.9930000000000019
49.147000000000002
49.2900000000000021
49.4410000000000023
49.6000000000000024
49.7660000000000026
49.9380000000000027
50.1130000000000029
50.293000000000003
50.4260000000000031
50.5840000000000033
50.7510000000000034
50.9220000000000036
51.1020000000000037
51.2810000000000039
51.449000000000004
51.6530000000000042
51.8110000000000044
52.0630000000000046
52.1720000000000047
52.3540000000000049
52.505000000000005
52.6750000000000051
53.5370000000000059
53.686000000000006
53.8440000000000062
53.9990000000000063
54.1570000000000065
54.3220000000000066
54.4700000000000067
54.6280000000000069
54.811000000000007
54.9570000000000072
55.1120000000000073
55.2790000000000074
55.4470000000000076
55.5900000000000077
55.7860000000000079
55.929000000000008
56.1110000000000082
56.2850000000000083
56.4470000000000085
56.6040000000000086
56.7730000000000088
56.9390000000000089
94.6460000000000424
94.8080000000000426
94.9600000000000427
95.1310000000000428
95.267000000000043
95.4720000000000432
95.5920000000000433
95.8070000000000434
95.9300000000000436
96.1040000000000437
96.2870000000000439
96.463000000000044
96.6160000000000442
96.7970000000000443
96.9700000000000445
97.1420000000000446
97.3290000000000448
97.528000000000045
97.6840000000000451
97.8850000000000453
97.8930000000000453
98.0780000000000455
98.2260000000000456
98.4260000000000458
98.5990000000000459
98.8000000000000461
98.9920000000000463
99.2190000000000465
99.4310000000000467
99.5950000000000468
99.761000000000047
99.9270000000000471
100.5670000000000477
100.7260000000000478
100.882000000000048
101.0520000000000481
101.2390000000000483
101.3720000000000484
101.5490000000000486
101.7330000000000487
101.9080000000000489
102.078000000000049
102.2670000000000492
102.4490000000000494
102.6260000000000495
102.8270000000000497
103.0130000000000498
103.24000000000005
103.3980000000000502
103.5830000000000504
103.7840000000000505
104.0640000000000508
104.2300000000000509
104.4010000000000511
104.5860000000000512
104.7310000000000514
104.8880000000000515
165.121000000000105
165.554000000000105
165.845000000000106
336.282000000000257
336.421000000000257
336.598000000000257
336.757000000000257
336.885000000000258
337.035000000000258
337.196000000000258
337.348000000000258
337.542000000000258
337.690000000000258
338.464000000000259
338.617000000000259
338.944000000000259
339.11200000000026
339.29900000000026
339.47300000000026
339.65500000000026
339.85500000000026
339.99500000000026
340.16600000000026
340.357000000000261
340.503000000000261
340.673000000000261
340.854000000000261
341.042000000000261
341.214000000000261
341.417000000000262
341.602000000000262
341.949000000000262
342.154000000000262
342.333000000000262
342.530000000000263
342.713000000000263
342.907000000000263
343.096000000000263
343.293000000000263
343.479000000000263
343.646000000000264
343.815000000000264
343.999000000000264
344.023000000000264
344.071000000000264
344.243000000000264
344.426000000000264
344.615000000000264
345.058000000000265
345.240000000000265
345.427000000000265
345.599000000000265
345.780000000000265
345.947000000000266
346.120000000000266
346.303000000000266
346.505000000000266
346.710000000000266
346.889000000000266
346.918000000000266
347.086000000000267
347.278000000000267
347.725000000000267
347.901000000000267
348.061000000000267
348.231000000000268
348.403000000000268
348.673000000000268
348.849000000000268
349.045000000000268
349.230000000000268
349.414000000000269
349.585000000000269
349.719000000000269
350.249000000000269
350.89300000000027
353.260000000000272
353.391000000000272
354.206000000000273
354.845000000000274
355.035000000000274
355.975000000000274
355.995000000000275
356.015000000000275
356.035000000000275
356.045000000000275
356.055000000000275
356.065000000000275
356.075000000000275
356.085000000000275
356.095000000000275
356.115000000000275
356.135000000000275
356.155000000000275
356.175000000000275
356.185000000000275
356.194000000000275
356.205000000000275
356.225000000000275
356.245000000000275
356.264000000000275
356.284000000000275
356.304000000000275
356.425000000000275
356.433000000000275
356.557000000000275
356.765000000000275
356.814000000000275
356.825000000000275
356.914000000000275
356.924000000000275
357.544000000000276
357.554000000000276
357.564000000000276
357.584000000000276
357.863000000000276
357.882000000000276
358.082000000000276
358.255000000000277
358.681000000000277
358.854000000000277
358.863000000000277
358.943000000000277
358.953000000000277
358.964000000000277
358.971000000000277
359.044000000000277
359.263000000000277
359.322000000000277
359.374000000000278
359.382000000000278
359.403000000000278
359.433000000000278
359.443000000000278
359.513000000000278
359.612000000000278
359.623000000000278
359.632000000000278
360.431000000000278
360.442000000000278
360.583000000000279
360.592000000000279
360.602000000000279
360.622000000000279
360.642000000000279
360.662000000000279
360.680000000000279
360.700000000000279
360.881000000000279
755.164000000000629
755.663000000000629
755.78800000000063
756.29100000000063
756.61900000000063
756.76700000000063
756.931000000000631
757.105000000000631
757.263000000000631
757.582000000000631
806.596000000000675
806.719000000000675
806.864000000000675
807.022000000000675
807.196000000000675
807.353000000000675
810.989000000000679
812.41100000000068
812.52300000000068
812.78200000000068
812.92100000000068
813.851000000000681
814.008000000000681
814.177000000000681
814.315000000000682
814.479000000000682
814.657000000000682
814.847000000000682
815.067000000000682
815.197000000000682
815.360000000000682
815.528000000000683
815.699000000000683
815.877000000000683
816.066000000000683
816.245000000000683
816.436000000000684
816.503000000000684
816.644000000000684
816.824000000000684
817.001000000000684
817.193000000000684
817.385000000000684
817.424000000000684
817.583000000000684
817.769000000000685
817.939000000000685
818.132000000000685
818.327000000000685
818.511000000000685
818.796000000000686
818.943000000000686
819.121000000000686
819.220000000000686
819.382000000000686
819.565000000000686
819.748000000000686
819.930000000000687
820.114000000000687
820.318000000000687
820.470000000000687
820.644000000000687
821.204000000000688
822.161000000000689
822.326000000000689
822.510000000000689
822.673000000000689
822.852000000000689
823.037000000000689
823.21100000000069
823.39300000000069
823.57400000000069
823.75400000000069
823.92900000000069
824.10300000000069
824.34200000000069
824.553000000000691
824.747000000000691
824.927000000000691
825.123000000000691
825.352000000000691
825.538000000000692
825.750000000000692
825.974000000000692
826.160000000000692
826.381000000000692
826.555000000000692
826.755000000000693
826.843000000000693
827.014000000000693
827.207000000000693
827.404000000000693
827.611000000000693
827.855000000000694
828.031000000000694
828.649000000000694
828.850000000000694
829.060000000000695
829.234000000000695
829.414000000000695
829.611000000000695
829.664000000000695
829.860000000000695
830.053000000000696
830.412000000000696
830.547000000000696
830.746000000000696
830.928000000000696
831.120000000000696
831.332000000000697
831.463000000000697
831.807000000000697
832.000000000000697
832.217000000000698
832.403000000000698
832.626000000000698
832.799000000000698
833.001000000000698
833.045000000000698
833.241000000000698
833.365000000000698
833.506000000000699
834.017000000000699
836.042000000000701
836.214000000000701
836.416000000000701
837.326000000000702
837.450000000000702
837.734000000000702
837.787000000000702
838.206000000000703
838.442000000000703
838.540000000000703
838.776000000000703
838.880000000000703
838.981000000000703
839.086000000000704
839.200000000000704
839.404000000000704
839.517000000000704
839.669000000000704
839.679000000000704
839.823000000000704
840.312000000000705
841.026000000000705
841.162000000000705
841.340000000000706
841.560000000000706
841.738000000000706
841.945000000000706
842.119000000000706
842.362000000000706
842.561000000000707
842.731000000000707
842.900000000000707
843.093000000000707
843.265000000000707
843.326000000000707
843.508000000000708
843.690000000000708
843.874000000000708
844.068000000000708
844.569000000000708
844.801000000000709
844.964000000000709
845.147000000000709
845.429000000000709
845.659000000000709
846.07700000000071
846.16400000000071
847.711000000000711
847.834000000000711
848.382000000000712
848.531000000000712
856.413000000000719
856.534000000000719
856.646000000000719
856.755000000000719
856.846000000000719
856.98600000000072
857.11500000000072
858.04200000000072
858.05600000000072
858.17300000000072
862.630000000000724
862.833000000000725
863.380000000000725
863.613000000000725
863.715000000000726
864.113000000000726
864.233000000000726
864.393000000000726
864.564000000000726
864.882000000000726
865.003000000000727
865.106000000000727
865.407000000000727
866.364000000000728
866.533000000000728
866.756000000000728
867.365000000000729
867.561000000000729
867.724000000000729
867.880000000000729
868.119000000000729
868.250000000000729
868.44600000000073
868.60000000000073
868.79400000000073
868.93500000000073
868.96600000000073
869.14800000000073
869.32600000000073
869.781000000000731
869.856000000000731
869.991000000000731
870.161000000000731
870.350000000000731
870.419000000000731
870.618000000000732
870.780000000000732
870.969000000000732
871.182000000000732
871.366000000000732
871.648000000000732
871.823000000000733
872.024000000000733
872.208000000000733
873.126000000000734
873.171000000000734
873.253000000000734
873.376000000000734
873.556000000000734
873.774000000000734
873.926000000000734
874.119000000000735
874.307000000000735
874.478000000000735
874.640000000000735
874.678000000000735
874.857000000000735
875.067000000000736
875.259000000000736
875.448000000000736
875.521000000000736
875.722000000000736
875.899000000000736
876.233000000000737
876.343000000000737
876.844000000000737
877.287000000000738
877.826000000000738
878.259000000000738
878.412000000000738
878.573000000000739
878.786000000000739
879.172000000000739
879.63300000000074
880.28900000000074
880.39000000000074
881.060000000000741
881.167000000000741
881.213000000000741
881.336000000000741
882.340000000000742
882.767000000000742
882.852000000000742
883.168000000000743
883.453000000000743
884.712000000000744
885.327000000000745
885.554000000000745
885.642000000000745
885.880000000000745
885.959000000000745
886.173000000000745
886.429000000000746
886.532000000000746
886.778000000000746
1080.47300000000092
1080.92900000000092
1081.06800000000092
1081.21800000000092
1081.37900000000092
1081.90500000000092
1082.46700000000092
1082.64800000000092
1082.81700000000092
1082.98700000000092
1083.15600000000092
1083.33100000000092
1083.49100000000092
1083.65200000000092
1083.83000000000092
1084.00600000000092
1084.17600000000092
1084.36600000000092
1084.56400000000092
1084.76900000000092
1084.93100000000092
1085.11800000000092
1085.29000000000092
1085.47200000000092
1085.97000000000092
1086.13300000000092
1086.32000000000092
1086.49700000000092
1086.67400000000092
1086.86700000000092
1087.07100000000092
1087.27300000000092
1087.74900000000092
1088.58000000000093
1088.73300000000093
1088.90700000000093
1089.08700000000093
1089.38300000000093
1093.20600000000093
1093.30300000000093
1093.92000000000093
1095.27000000000093
1097.59900000000093
1098.38700000000093
1099.30500000000093
1099.53000000000093
1099.67600000000094
1099.82800000000094
1100.11000000000094
1100.31100000000094
1100.47400000000094
1100.69500000000094
1100.89300000000094
1101.18300000000094
1101.44100000000094
1101.66700000000094
1101.77100000000094
1101.87100000000094
1101.88000000000094
1102.94100000000094
1103.05500000000094
1103.64600000000094
1103.65600000000094
1103.66500000000094
1103.67600000000094
1103.68600000000094
1103.69600000000094
1103.70600000000094
1104.04500000000094
1104.06500000000094
1104.18400000000094
1104.19500000000094
1104.21500000000094
1104.23500000000094
1104.25400000000094
1104.27400000000094
1104.29400000000094
1104.31400000000094
1104.51500000000094
1104.73400000000094
1104.96300000000094
1106.95800000000094
1106.96700000000094
1107.77600000000094
1107.78700000000094
1110.05100000000094
1110.06200000000094
1110.07000000000094
1113.25400000000095
1113.62300000000095
1113.65900000000095
1113.72300000000095
1114.37900000000095
1118.53000000000095
1120.92200000000095
1121.64500000000095
1121.87400000000095
1122.04000000000095
1123.89200000000096
1124.10700000000096
1126.60900000000096
1128.23200000000096
1129.99700000000096
1132.43100000000096
1132.58600000000096
1149.38000000000098
1149.44700000000098
1150.66800000000098
1152.32700000000098
1153.39000000000098
1157.09300000000099
1158.29800000000099
1159.00900000000099
1162.43400000000099
1162.56600000000099
1163.34500000000099
1163.47200000000099
1163.69000000000099
1164.74800000000099
1175.781000000001
1176.353000000001
1176.400000000001
1176.951000000001
1183.73200000000101
1183.86700000000101
1184.05500000000101
1184.75700000000101
1184.87700000000101
1184.89700000000101
1184.90700000000101
1184.91700000000101
1185.04800000000101
1185.52600000000101
1185.84500000000101
1185.86500000000101
1186.01500000000101
1188.15100000000101
1188.17100000000101
1188.18100000000101
1188.20000000000101
1188.22000000000101
1188.90900000000101
1188.94900000000101
1188.95900000000101
1188.97900000000101
1189.08900000000101
1189.09900000000101
1189.11900000000101
1189.20700000000101
1189.30700000000101
1189.37800000000101
1189.38800000000101
1189.40900000000101
1189.42900000000101
1189.43900000000101
1189.44700000000101
1189.45800000000101
1189.49900000000101
1189.58700000000101
1189.59700000000101
1189.76800000000102
1191.80400000000102
1191.82400000000102
1191.84400000000102
1191.86400000000102
1191.88400000000102
1191.90400000000102
1191.92400000000102
1191.94400000000102
1191.96400000000102
1191.98400000000102
1192.00400000000102
1192.01400000000102
1192.02400000000102
1192.04300000000102
1192.05400000000102
1192.06300000000102
1192.07400000000102
1192.08300000000102
1192.09400000000102
1192.10300000000102
1192.11400000000102
1192.12300000000102
1192.13400000000102
1192.14300000000102
1192.15400000000102
1192.16300000000102
1192.17400000000102
1192.18300000000102
1192.26300000000102
1192.28300000000102
1192.30300000000102
1192.31300000000102
1192.38300000000102
1192.39300000000102
1192.40300000000102
1192.50300000000102
1192.52300000000102
1192.58300000000102
1192.59300000000102
1192.60200000000102
1192.61200000000102
1192.63200000000102
1192.65300000000102
1192.66200000000102
1192.67200000000102
1192.78200000000102
1192.79200000000102
1192.90200000000102
1192.91200000000102
1192.93000000000102
1193.02200000000102
1193.04200000000102
1193.24200000000102
1193.34200000000102
1193.35200000000102
1196.19600000000102
1196.21600000000102
1196.23600000000102
1196.41600000000102
1196.43600000000102
1200.38800000000102
1200.39800000000102
1200.40800000000102
1201.80500000000103
1201.81600000000103
1201.82500000000103
1201.83500000000103
1201.85500000000103
1201.87500000000103
1201.89500000000103
1201.90500000000103
1202.00500000000103
1202.12300000000103
1202.34400000000103
1202.36400000000103
1202.50400000000103
1202.54400000000103
1202.56400000000103
1202.57400000000103
1202.59300000000103
1202.61300000000103
1202.63300000000103
1202.65100000000103
1202.77300000000103
1202.79300000000103
1202.81100000000103
1202.83200000000103
1218.86000000000104
1221.07000000000104
1221.77900000000104
1222.08300000000104
1223.34000000000104
1223.48000000000104
1223.62100000000105
1223.86900000000105
1223.87800000000105
1225.36400000000105
1225.54500000000105
1225.96400000000105
1226.32300000000105
1226.75100000000105
1227.07500000000105
1227.30700000000105
1227.46700000000105
1227.71100000000105
1227.72100000000105
1227.73000000000105
1227.75000000000105
1227.86000000000105
1227.90000000000105
1228.11000000000105
1228.12000000000105
1228.12900000000105
1228.14000000000105
1228.14900000000105
1239.38800000000106
1239.58800000000106
1239.96500000000106
1239.97600000000106
1239.98600000000106
1240.00600000000106
1240.40500000000106
1240.50600000000106
1240.51600000000106
1244.21900000000106
1244.23900000000106
1244.24900000000106
1244.26800000000106
1244.69700000000106
1244.87900000000106
1697.12300000000147
1698.26800000000147
1698.31100000000147
1698.47900000000147
1698.62100000000147
1699.32100000000147
1699.67400000000147
1699.83400000000147
1700.00900000000147
1700.18300000000147
1700.34400000000147
1700.53700000000147
1700.69100000000147
1700.88900000000147
1701.19400000000147
1701.38500000000147
1701.55500000000147
1701.85500000000147
1702.02400000000147
1702.20800000000147
1702.54400000000147
1702.82600000000147
1703.03500000000147
1703.23300000000147
1703.44300000000147
1703.66700000000147
1703.85100000000147
1704.03500000000147
1704.23100000000147
1704.41500000000147
1704.64000000000147
1704.83200000000147
1705.12400000000147
1705.52400000000147
1705.71000000000147
1706.40300000000147
1706.52500000000147
1706.63100000000147
1706.74100000000147
1706.84900000000147
1707.68100000000148
1708.01400000000148
1708.54300000000148
1709.33800000000148
1709.55700000000148
1709.70200000000148
1711.10900000000148
1715.94500000000148
1720.79600000000149
1720.85200000000149
1720.99600000000149
1721.05400000000149
1721.16300000000149
1721.18600000000149
1724.26200000000149
1726.17300000000149
1728.48300000000149
0
0
0
0
0
0
0
0
0
0
0
0
0
3600.00099999983085
0
0
0
0
0
0
