8
14
19
8
14
19
IPPneo1.15
test1
0
3
12
17
34
13
19
31
22
4
.3
1
859
859
1
648
648
1
1
1
1
1
1
1
1
1
1
1
1
1
1
1
1
1
1
1
1
858
-1
12.03100000000000024
12.25100000000000024
12.37700000000000024
12.59300000000000025
12.71500000000000025
13.15500000000000026
132.938000000000076
134.340000000000078
134.856000000000078
134.980000000000078
135.097000000000078
135.218000000000078
136.026000000000079
136.148000000000079
136.290000000000079
136.42400000000008
136.57400000000008
136.70700000000008
136.83100000000008
137.774000000000081
137.910000000000081
138.048000000000081
138.196000000000081
138.336000000000081
138.634000000000081
138.759000000000082
139.446000000000082
139.572000000000082
139.705000000000082
139.836000000000083
140.296000000000083
140.408000000000083
140.551000000000083
140.696000000000083
140.840000000000083
140.990000000000084
141.141000000000084
141.289000000000084
141.708000000000084
141.844000000000084
142.000000000000084
143.155000000000086
143.302000000000086
143.456000000000086
143.596000000000086
143.753000000000086
143.916000000000086
144.067000000000086
144.223000000000086
144.380000000000087
144.508000000000087
144.670000000000087
144.818000000000087
144.992000000000087
145.135000000000087
145.281000000000087
145.437000000000088
145.709000000000088
145.840000000000088
145.994000000000088
146.162000000000088
146.315000000000088
146.466000000000088
146.631000000000089
146.775000000000089
146.918000000000089
147.067000000000089
148.19800000000009
148.31700000000009
148.34700000000009
148.41600000000009
148.46600000000009
148.47700000000009
148.48500000000009
148.65500000000009
148.809000000000091
148.966000000000091
149.112000000000091
149.239000000000091
149.406000000000091
149.990000000000092
150.115000000000092
150.261000000000092
150.415000000000092
150.846000000000092
150.978000000000092
151.116000000000093
151.386000000000093
151.540000000000093
151.665000000000093
151.800000000000093
151.963000000000093
152.118000000000093
152.271000000000094
152.398000000000094
152.527000000000094
153.350000000000095
153.498000000000095
153.628000000000095
153.767000000000095
153.919000000000095
154.075000000000095
154.231000000000095
154.388000000000095
154.553000000000096
154.700000000000096
154.847000000000096
155.019000000000096
155.175000000000096
155.333000000000096
155.486000000000096
155.645000000000097
155.815000000000097
155.969000000000097
156.114000000000097
156.264000000000097
157.451000000000098
157.591000000000098
157.749000000000098
157.905000000000099
158.047000000000099
158.210000000000099
158.358000000000099
158.515000000000099
158.672000000000099
158.837000000000099
158.9880000000001
159.1530000000001
159.3230000000001
159.5000000000001
159.9980000000001
160.150000000000101
160.299000000000101
160.459000000000101
160.628000000000101
160.790000000000101
160.879000000000101
160.961000000000101
161.383000000000102
161.468000000000102
161.604000000000102
161.757000000000102
161.922000000000102
162.087000000000102
162.161000000000102
162.247000000000102
162.423000000000103
162.578000000000103
162.735000000000103
162.894000000000103
163.069000000000103
163.407000000000103
163.490000000000104
163.602000000000104
163.757000000000104
163.917000000000104
164.196000000000104
164.386000000000104
164.549000000000104
164.750000000000105
164.872000000000105
165.045000000000105
165.200000000000105
165.350000000000105
165.520000000000105
165.726000000000106
165.896000000000106
166.049000000000106
166.399000000000106
166.744000000000106
166.934000000000107
167.091000000000107
167.469000000000107
167.666000000000107
167.847000000000107
168.026000000000108
168.198000000000108
168.363000000000108
168.476000000000108
168.547000000000108
168.932000000000108
169.004000000000108
169.095000000000109
169.325000000000109
169.522000000000109
169.707000000000109
169.936000000000109
170.090000000000109
170.45600000000011
170.58200000000011
170.73500000000011
170.91600000000011
190.839000000000128
190.951000000000128
191.088000000000128
191.171000000000128
191.294000000000128
192.431000000000129
192.585000000000129
192.74200000000013
192.94900000000013
193.23300000000013
193.37200000000013
296.270000000000221
296.430000000000222
296.569000000000222
296.760000000000222
296.783000000000222
297.471000000000223
297.608000000000223
297.723000000000223
297.852000000000223
298.012000000000223
298.307000000000223
298.419000000000223
298.553000000000224
298.703000000000224
298.862000000000224
299.012000000000224
299.308000000000224
299.442000000000224
299.765000000000225
300.082000000000225
300.233000000000225
300.419000000000225
300.859000000000226
301.001000000000226
301.170000000000226
301.333000000000226
301.529000000000226
301.650000000000226
301.851000000000226
301.960000000000227
302.005000000000227
302.342000000000227
302.488000000000227
302.651000000000227
302.806000000000227
302.983000000000227
303.177000000000228
303.524000000000228
303.665000000000228
303.814000000000228
303.996000000000228
304.165000000000228
304.315000000000229
304.486000000000229
304.660000000000229
304.831000000000229
305.013000000000229
305.184000000000229
305.50400000000023
305.81700000000023
305.98800000000023
306.14600000000023
306.30800000000023
306.490000000000231
306.968000000000231
307.130000000000231
307.310000000000231
307.475000000000231
307.782000000000232
307.989000000000232
308.139000000000232
308.305000000000232
308.486000000000232
308.652000000000232
309.092000000000233
309.262000000000233
309.447000000000233
309.635000000000233
309.768000000000233
309.932000000000234
310.099000000000234
310.273000000000234
310.428000000000234
310.603000000000234
310.784000000000234
311.131000000000235
311.303000000000235
311.484000000000235
311.643000000000235
311.816000000000235
311.990000000000235
312.109000000000236
312.185000000000236
312.377000000000236
312.592000000000236
312.763000000000236
312.950000000000236
313.101000000000236
313.269000000000237
313.447000000000237
313.614000000000237
313.796000000000237
314.046000000000237
314.177000000000237
314.359000000000238
314.528000000000238
314.712000000000238
314.907000000000238
315.077000000000238
320.923000000000243
322.229000000000245
323.048000000000245
323.229000000000245
323.366000000000246
323.523000000000246
323.689000000000246
323.854000000000246
324.027000000000246
324.203000000000246
324.375000000000246
324.555000000000247
324.741000000000247
324.885000000000247
325.049000000000247
325.221000000000247
325.388000000000247
325.564000000000248
325.738000000000248
325.909000000000248
326.086000000000248
326.288000000000248
326.479000000000248
326.657000000000248
326.867000000000249
327.041000000000249
327.222000000000249
327.403000000000249
327.622000000000249
327.81400000000025
328.01600000000025
328.24700000000025
328.42300000000025
328.62800000000025
328.81400000000025
329.004000000000251
329.220000000000251
329.421000000000251
329.626000000000251
329.821000000000251
330.010000000000251
330.192000000000252
330.625000000000252
330.784000000000252
426.796000000000337
594.098000000000486
594.438000000000486
594.721000000000487
595.265000000000487
595.431000000000487
595.593000000000487
595.754000000000487
596.146000000000488
693.195000000000574
700.918000000000581
701.998000000000582
704.904000000000584
705.079000000000585
705.242000000000585
1340.49100000000115
1340.81400000000115
1341.14400000000115
1424.43600000000122
1531.85100000000132
1581.66500000000136
2392.46599999996384
2392.96499999996378
2393.53499999996372
2393.7499999999637
2464.5529999999559
2464.69099999995589
2464.81799999995587
2465.24799999995582
2465.39299999995581
2466.59999999995568
2467.01999999995563
2467.3099999999556
2468.10099999995551
2468.29899999995549
2468.47099999995547
2468.79399999995543
2468.94999999995542
2469.29399999995538
2469.46299999995536
2469.63799999995534
2469.81699999995532
2470.0049999999553
2470.17199999995528
2470.34899999995526
2470.52199999995524
2470.73499999995522
2470.9129999999552
2471.08599999995518
2471.24899999995516
2471.43299999995514
2471.59499999995512
2471.7909999999551
2471.99999999995508
2472.17999999995506
2472.35699999995504
2472.53999999995502
2472.731999999955
2472.91799999995498
2473.10699999995496
2473.47299999995492
2473.6359999999549
2473.83199999995488
2474.00699999995486
2474.19199999995484
2474.40599999995482
2475.79099999995466
2475.94599999995465
2476.10499999995463
2476.28899999995461
2476.46899999995459
2476.63599999995457
2476.82099999995455
2477.03899999995453
2477.21299999995451
2477.38099999995449
2477.55999999995447
2478.1909999999544
2478.51599999995436
2478.70399999995434
2478.90199999995432
2480.44799999995415
2480.77399999995411
2480.96499999995409
2481.13299999995407
2481.89599999995399
2482.08199999995397
2482.26899999995395
2482.50899999995392
2483.02799999995387
2483.22299999995384
2483.5859999999538
2483.6659999999538
2484.27499999995373
2484.75199999995368
2484.87899999995366
2485.37799999995361
2485.68999999995357
2485.85399999995355
2486.05399999995353
2486.3819999999535
2487.16599999995341
2488.1479999999533
2488.27999999995329
2488.43799999995327
2488.61499999995325
2488.79399999995323
2488.97699999995321
2489.14699999995319
2489.32299999995317
2490.20399999995308
2490.36299999995306
2490.54699999995304
2490.72599999995302
2490.891999999953
2491.29799999995296
2492.31499999995284
2492.47699999995283
2492.63999999995281
2492.83099999995279
2492.99099999995277
2493.49599999995271
2493.6349999999527
2494.17399999995264
2494.33699999995262
2494.39099999995261
2494.4919999999526
2494.69199999995258
2494.86299999995256
2495.08099999995254
2495.21799999995252
2495.34699999995251
2495.51999999995249
2495.76999999995246
2495.92799999995244
2496.11899999995242
2496.3109999999524
2496.49699999995238
2496.74899999995235
2496.89899999995234
2497.06699999995232
2497.2649999999523
2497.42999999995228
2497.62799999995226
2497.81899999995224
2498.07099999995221
2498.27499999995219
2498.47899999995216
2498.99499999995211
2499.15699999995209
2499.34599999995207
2499.53099999995205
2499.76199999995202
2499.91499999995201
2499.933999999952
2500.06099999995199
2500.12399999995198
2500.38699999995195
2500.57999999995193
2501.08299999995188
2501.28999999995185
2501.66699999995181
2501.86299999995179
2502.06899999995177
2502.27199999995175
2502.43099999995173
2502.62999999995171
2502.86999999995168
2503.66499999995159
2503.83099999995157
2504.01399999995155
2504.18799999995154
2505.83599999995135
2505.99799999995134
2506.17199999995132
2506.60199999995127
2506.71399999995126
2506.83499999995124
2507.58199999995116
2507.73299999995114
2507.89599999995113
2508.05199999995111
2508.23699999995109
2508.43299999995107
2508.62399999995105
2508.81399999995103
2509.29299999995097
2509.35699999995097
2509.68699999995093
2510.00699999995089
2510.10899999995088
2510.22999999995087
2510.33399999995086
2510.44199999995085
2510.56099999995083
2510.72499999995082
2510.8799999999508
2511.05599999995078
2511.22699999995076
2511.39699999995074
2511.93499999995068
2512.40499999995063
2512.56299999995061
2512.75799999995059
2512.91399999995057
2513.11199999995055
2513.28199999995053
2513.48599999995051
2513.72499999995048
2513.90999999995046
2513.99299999995046
2514.09799999995044
2514.20499999995043
2514.34199999995042
2514.5169999999504
2514.68699999995038
2515.33099999995031
2515.4479999999503
2515.59999999995028
2515.75699999995026
2515.93899999995024
2516.14199999995022
2516.36499999995019
2516.52199999995018
2516.71799999995016
2516.92799999995013
2517.39599999995008
2517.55199999995006
2517.71599999995005
2517.91099999995002
2518.30199999994998
2518.44499999994997
2518.58099999994995
2519.26799999994987
2519.78699999994982
2520.15099999994978
2520.31799999994976
2520.47999999994974
2520.67599999994972
2521.07699999994968
2521.23599999994966
2521.58999999994962
2521.89999999994958
2522.08399999994956
2522.29999999994954
2522.41299999994953
2522.53199999994952
2522.61799999994951
2522.73799999994949
2522.86499999994948
2523.05799999994946
2523.21699999994944
2523.38199999994942
2523.5469999999494
2523.76399999994938
2523.92899999994936
2524.11199999994934
2524.30599999994932
2524.53699999994929
2524.76699999994927
2525.07199999994924
2525.25199999994922
2525.4259999999492
2525.60599999994918
2525.79999999994916
2525.99299999994913
2526.18499999994911
2526.49599999994908
2526.69399999994906
2526.92699999994903
2527.12499999994901
2528.61799999994884
2528.78699999994883
2528.9919999999488
2539.25699999994767
2539.52499999994764
2539.77099999994762
2539.9629999999476
2540.27599999994756
2540.44599999994754
2540.98399999994748
2541.14999999994746
2541.33799999994744
2541.58599999994742
2541.81999999994739
2541.94899999994738
2542.09799999994736
2542.26299999994734
2542.36599999994733
2542.50499999994732
2542.75199999994729
2543.15299999994724
2543.31999999994723
2543.5089999999472
2544.33799999994711
2544.4849999999471
2544.59999999994708
2544.74799999994707
2545.07399999994703
2545.388999999947
2545.47399999994699
2545.62099999994697
2545.78099999994695
2545.95399999994694
2546.13699999994692
2546.3109999999469
2546.40099999994689
2546.49999999994688
2547.1649999999468
2547.27299999994679
2547.43599999994677
2547.61599999994675
2548.59699999994664
2548.73499999994663
2548.89299999994661
2549.51999999994654
2549.64699999994653
2549.79399999994651
2549.9399999999465
2550.11899999994648
2550.30099999994646
2550.47699999994644
2550.64399999994642
2550.8409999999464
2551.03599999994638
2551.23499999994635
2551.43799999994633
2551.54699999994632
2551.63999999994631
2551.86599999994628
2552.45699999994622
2552.6179999999462
2552.71899999994619
2552.83699999994618
2552.99399999994616
2553.15799999994614
2553.28999999994613
2553.43299999994611
2554.09899999994604
2554.22699999994602
2554.38499999994601
2555.09399999994593
2555.24899999994591
2555.42399999994589
2555.62899999994587
2556.47099999994578
2556.59099999994576
2556.70499999994575
2556.85299999994574
2557.01199999994572
2557.1689999999457
2557.32399999994568
2557.39199999994568
2557.48299999994567
2557.65699999994565
2558.57699999994555
2558.72199999994553
2558.87399999994551
2559.0249999999455
2559.08399999994549
2559.16399999994548
2559.19399999994548
2559.31199999994546
2559.44799999994545
2559.57699999994544
2560.7809999999453
2561.46199999994523
2561.49999999994522
2561.63399999994521
2561.7069999999452
2561.78999999994519
2561.91099999994518
2561.94899999994517
2561.98699999994517
2562.79199999994508
2562.88499999994507
2563.08399999994505
2563.59199999994499
2563.73199999994498
2563.90099999994496
2564.02699999994494
2566.2799999999447
2566.38299999994469
2566.66699999994465
2566.76999999994464
2566.90699999994463
2566.98999999994462
2567.07099999994461
2567.26299999994459
2567.59199999994455
2567.72899999994454
2567.81499999994453
2567.84499999994452
2569.08499999994439
2569.24199999994437
2569.37599999994436
2569.53799999994434
2569.63199999994433
2569.70699999994432
2569.8879999999443
2570.09999999994428
2570.51599999994423
2570.67299999994421
2571.00099999994418
2571.15799999994416
2571.24499999994415
2571.31799999994414
2571.41399999994413
2571.48599999994412
2571.6609999999441
2571.83299999994409
2572.04599999994406
2572.11499999994405
2573.37399999994392
2573.5109999999439
2573.63399999994389
2573.71199999994388
2573.79099999994387
2573.94899999994385
2574.04599999994384
2574.12599999994383
2574.17399999994383
2574.33799999994381
2574.49099999994379
2575.04099999994373
2575.17299999994372
2575.24699999994371
2575.43399999994369
2575.59299999994367
2575.75199999994365
2575.83699999994364
2575.92499999994363
2576.07299999994362
2576.19299999994361
2576.82599999994354
2576.96099999994352
2577.07899999994351
2577.1479999999435
2577.31499999994348
2577.50199999994346
2577.60699999994345
2577.72199999994344
2577.79999999994343
2578.00399999994341
2578.21399999994338
2578.40899999994336
2578.54699999994335
2578.74199999994332
2578.9319999999433
2579.16699999994328
2579.35699999994326
2579.51299999994324
2579.62999999994323
2579.8369999999432
2579.9059999999432
2579.97199999994319
2580.19699999994316
2580.37099999994314
2580.52699999994313
2580.72399999994311
2580.92199999994308
2581.11999999994306
2581.28799999994304
2581.48799999994302
2581.695999999943
2581.88399999994298
2582.99799999994286
2583.13899999994284
2583.25799999994283
2583.73599999994277
2583.89099999994276
2584.05599999994274
2584.56499999994268
2584.83399999994265
2584.92999999994264
2585.20899999994261
2585.3099999999426
2585.74399999994255
2586.05399999994252
2682.22399999993193
2682.35299999993191
2682.4409999999319
2682.69599999993188
2682.83999999993186
2682.97399999993184
2683.12499999993183
2683.27099999993181
2683.4179999999318
2683.58999999993178
2684.09599999993172
2684.23699999993171
2684.39599999993169
2684.56499999993167
2684.73199999993165
2684.89899999993163
2685.08699999993161
2685.27799999993159
2685.49299999993157
2685.96899999993152
2686.0789999999315
2686.1249999999315
2686.28599999993148
2686.38999999993147
2686.45299999993146
2686.62999999993144
2686.80399999993142
2686.9739999999314
2687.44399999993135
2687.78099999993132
2688.28999999993126
2688.8199999999312
2688.98599999993118
-2
12.07300000000000024
12.29500000000000024
12.40400000000000024
12.64400000000000025
12.73400000000000025
13.21900000000000026
134.259000000000078
134.371000000000078
134.889000000000078
135.013000000000078
135.139000000000078
135.284000000000079
136.065000000000079
136.203000000000079
136.349000000000079
136.46700000000008
136.62800000000008
136.74700000000008
136.88000000000008
137.823000000000081
137.971000000000081
138.116000000000081
138.254000000000081
138.371000000000081
138.676000000000082
138.822000000000082
139.475000000000082
139.609000000000082
139.743000000000082
139.909000000000083
140.313000000000083
140.467000000000083
140.613000000000083
140.761000000000083
140.910000000000084
141.060000000000084
141.201000000000084
141.366000000000084
141.760000000000084
141.913000000000084
142.042000000000085
143.220000000000086
143.375000000000086
143.517000000000086
143.676000000000086
143.830000000000086
143.989000000000086
144.141000000000086
144.291000000000086
144.436000000000087
144.585000000000087
144.735000000000087
144.896000000000087
145.058000000000087
145.199000000000087
145.358000000000087
145.489000000000088
145.760000000000088
145.910000000000088
146.067000000000088
146.234000000000088
146.384000000000088
146.552000000000089
146.731000000000089
146.861000000000089
147.003000000000089
147.128000000000089
148.29200000000009
148.33500000000009
148.41500000000009
148.44400000000009
148.47600000000009
148.48400000000009
148.57400000000009
148.76400000000009
148.900000000000091
149.046000000000091
149.176000000000091
149.321000000000091
149.462000000000091
150.033000000000092
150.180000000000092
150.336000000000092
150.486000000000092
150.889000000000092
151.031000000000092
151.159000000000093
151.460000000000093
151.581000000000093
151.720000000000093
151.881000000000093
152.046000000000093
152.195000000000094
152.353000000000094
152.448000000000094
152.570000000000094
153.413000000000095
153.544000000000095
153.685000000000095
153.834000000000095
153.992000000000095
154.153000000000095
154.310000000000095
154.465000000000096
154.617000000000096
154.765000000000096
154.919000000000096
155.098000000000096
155.256000000000096
155.406000000000096
155.567000000000097
155.721000000000097
155.886000000000097
156.038000000000097
156.185000000000097
156.334000000000097
157.521000000000098
157.671000000000098
157.821000000000099
157.966000000000099
158.128000000000099
158.275000000000099
158.435000000000099
158.588000000000099
158.738000000000099
158.893000000000099
159.0640000000001
159.2300000000001
159.4100000000001
159.6030000000001
160.072000000000101
160.215000000000101
160.376000000000101
160.541000000000101
160.707000000000101
160.873000000000101
160.888000000000101
161.046000000000101
161.413000000000102
161.522000000000102
161.681000000000102
161.828000000000102
162.004000000000102
162.150000000000102
162.175000000000102
162.321000000000103
162.498000000000103
162.651000000000103
162.788000000000103
162.977000000000103
163.138000000000103
163.446000000000104
163.538000000000104
163.685000000000104
163.835000000000104
163.996000000000104
164.271000000000104
164.449000000000104
164.606000000000105
164.767000000000105
164.945000000000105
165.121000000000105
165.284000000000105
165.458000000000105
165.621000000000105
165.785000000000106
165.946000000000106
166.121000000000106
166.640000000000106
166.822000000000107
166.996000000000107
167.391000000000107
167.551000000000107
167.839000000000107
167.909000000000107
168.085000000000108
168.266000000000108
168.448000000000108
168.499000000000108
168.632000000000108
168.961000000000108
169.084000000000109
169.255000000000109
169.413000000000109
169.637000000000109
169.787000000000109
169.995000000000109
170.148000000000109
170.50000000000011
170.65500000000011
170.81700000000011
170.98800000000011
190.867000000000128
190.985000000000128
191.110000000000128
191.221000000000128
191.352000000000128
192.494000000000129
192.636000000000129
192.79900000000013
193.00700000000013
193.29700000000013
193.41100000000013
296.286000000000222
296.494000000000222
296.634000000000222
296.781000000000222
296.799000000000222
297.524000000000223
297.639000000000223
297.776000000000223
297.921000000000223
298.075000000000223
298.339000000000223
298.465000000000223
298.605000000000224
298.751000000000224
298.896000000000224
299.059000000000224
299.334000000000224
299.512000000000224
299.826000000000225
300.158000000000225
300.310000000000225
300.482000000000225
300.916000000000226
301.078000000000226
301.249000000000226
301.415000000000226
301.596000000000226
301.719000000000226
301.928000000000226
301.977000000000227
302.070000000000227
302.369000000000227
302.537000000000227
302.709000000000227
302.884000000000227
303.055000000000228
303.253000000000228
303.553000000000228
303.710000000000228
303.884000000000228
304.053000000000228
304.214000000000229
304.389000000000229
304.561000000000229
304.730000000000229
304.909000000000229
305.084000000000229
305.245000000000229
305.56400000000023
305.88500000000023
306.02200000000023
306.19100000000023
306.38800000000023
306.560000000000231
307.044000000000231
307.211000000000231
307.382000000000231
307.495000000000231
307.836000000000232
308.047000000000232
308.217000000000232
308.382000000000232
308.523000000000232
308.712000000000233
309.173000000000233
309.337000000000233
309.514000000000233
309.682000000000233
309.850000000000234
310.018000000000234
310.166000000000234
310.344000000000234
310.522000000000234
310.687000000000234
310.860000000000234
311.224000000000235
311.385000000000235
311.547000000000235
311.726000000000235
311.915000000000235
312.096000000000236
312.126000000000236
312.281000000000236
312.471000000000236
312.661000000000236
312.836000000000236
312.986000000000236
313.175000000000236
313.349000000000237
313.526000000000237
313.711000000000237
313.892000000000237
314.068000000000237
314.262000000000237
314.411000000000238
314.609000000000238
314.786000000000238
314.977000000000238
315.136000000000238
320.953000000000243
322.255000000000245
323.160000000000245
323.278000000000245
323.435000000000246
323.614000000000246
323.791000000000246
323.976000000000246
324.138000000000246
324.312000000000246
324.467000000000247
324.636000000000247
324.780000000000247
324.961000000000247
325.127000000000247
325.286000000000247
325.469000000000247
325.635000000000248
325.809000000000248
326.003000000000248
326.196000000000248
326.386000000000248
326.548000000000248
326.733000000000249
326.910000000000249
327.126000000000249
327.292000000000249
327.491000000000249
327.769000000000249
327.91900000000025
328.12700000000025
328.33100000000025
328.53400000000025
328.72200000000025
328.89400000000025
329.118000000000251
329.318000000000251
329.525000000000251
329.699000000000251
329.940000000000251
330.097000000000252
330.269000000000252
330.719000000000252
330.900000000000252
426.822000000000337
594.142000000000486
594.460000000000486
594.747000000000487
595.326000000000487
595.477000000000487
595.648000000000487
595.814000000000488
596.182000000000488
693.208000000000574
700.975000000000581
702.047000000000582
704.930000000000584
705.119000000000585
705.279000000000585
1340.56100000000115
1340.83200000000115
1341.17100000000115
1424.50600000000122
1531.86600000000132
1581.69600000000136
2392.49699999996384
2393.01699999996378
2393.58199999996372
2393.7679999999637
2464.5919999999559
2464.71599999995588
2464.85199999995587
2465.30299999995582
2465.4519999999558
2466.63799999995567
2467.06299999995562
2467.35599999995559
2468.1469999999555
2468.31599999995549
2468.51299999995546
2468.83099999995543
2469.00799999995541
2469.32299999995538
2469.51199999995535
2469.69199999995533
2469.87299999995531
2470.0479999999553
2470.21899999995528
2470.39899999995526
2470.59299999995524
2470.77999999995521
2470.9529999999552
2471.12399999995518
2471.29599999995516
2471.47799999995514
2471.67399999995512
2471.88199999995509
2472.05899999995507
2472.23599999995505
2472.41899999995503
2472.60499999995501
2472.79199999995499
2472.98299999995497
2473.17399999995495
2473.51399999995491
2473.68399999995489
2473.88999999995487
2474.07999999995485
2474.28299999995483
2474.44699999995481
2475.82299999995466
2475.99199999995464
2476.16899999995462
2476.3279999999546
2476.50399999995458
2476.69899999995456
2476.88899999995454
2477.09499999995452
2477.2559999999545
2477.44099999995448
2477.61999999995446
2478.2209999999544
2478.57799999995436
2478.75999999995434
2478.95599999995431
2480.48499999995415
2480.83899999995411
2481.00399999995409
2481.18699999995407
2481.96499999995398
2482.11799999995397
2482.30699999995395
2482.59099999995391
2483.09199999995386
2483.24799999995384
2483.6609999999538
2483.91299999995377
2484.64799999995369
2484.76499999995367
2484.92299999995366
2485.4059999999536
2485.72299999995357
2485.89199999995355
2486.10599999995353
2486.39799999995349
2487.18299999995341
2488.1729999999533
2488.30499999995328
2488.47999999995327
2488.67399999995324
2488.84899999995322
2489.00499999995321
2489.18499999995319
2489.37099999995317
2490.23799999995307
2490.40199999995305
2490.58599999995303
2490.76799999995301
2490.95199999995299
2491.43899999995294
2492.36799999995284
2492.51199999995282
2492.7179999999528
2492.84799999995278
2493.02499999995276
2493.54499999995271
2493.6429999999527
2494.23699999995263
2494.37699999995262
2494.41699999995261
2494.57399999995259
2494.76099999995257
2494.99099999995255
2495.10599999995254
2495.22599999995252
2495.3869999999525
2495.52599999995249
2495.80199999995246
2495.99499999995244
2496.18499999995242
2496.3619999999524
2496.55899999995238
2496.79399999995235
2496.95099999995233
2497.12699999995231
2497.31299999995229
2497.50499999995227
2497.69199999995225
2497.90599999995223
2498.1519999999522
2498.35699999995218
2498.55199999995216
2499.0399999999521
2499.21299999995208
2499.41099999995206
2499.57999999995204
2499.90199999995201
2499.92099999995201
2500.013999999952
2500.07099999995199
2500.21499999995197
2500.46999999995194
2500.64199999995193
2501.14999999995187
2501.34899999995185
2501.73099999995181
2501.91399999995179
2502.11699999995176
2502.32499999995174
2502.51699999995172
2502.7059999999517
2502.90699999995168
2503.71099999995159
2503.88599999995157
2504.08799999995155
2504.26399999995153
2505.89999999995135
2506.04499999995133
2506.23799999995131
2506.66899999995126
2506.80399999995125
2507.51899999995117
2507.62899999995116
2507.78199999995114
2507.94299999995112
2508.1239999999511
2508.30899999995108
2508.50499999995106
2508.70199999995104
2508.86199999995102
2509.33899999995097
2509.46899999995095
2509.75199999995092
2510.07499999995089
2510.15499999995088
2510.26899999995087
2510.36699999995085
2510.47599999995084
2510.57199999995083
2510.77299999995081
2510.92199999995079
2511.07899999995078
2511.26999999995076
2511.45199999995074
2511.96499999995068
2512.42199999995063
2512.62699999995061
2512.78399999995059
2512.97199999995057
2513.15799999995055
2513.34899999995053
2513.5439999999505
2513.76999999995048
2513.95199999995046
2514.04399999995045
2514.13199999995044
2514.25399999995043
2514.40899999995041
2514.55899999995039
2514.74299999995037
2515.3669999999503
2515.49999999995029
2515.66299999995027
2515.83099999995025
2516.00599999995023
2516.19499999995021
2516.40199999995019
2516.58399999995017
2516.77699999995015
2516.93699999995013
2517.44999999995007
2517.60099999995006
2517.79999999995004
2517.97899999995002
2518.34099999994998
2518.49599999994996
2518.62299999994995
2519.27999999994987
2519.86399999994981
2520.20699999994977
2520.35299999994976
2520.55499999994973
2520.74299999994971
2521.12599999994967
2521.31399999994965
2521.82699999994959
2521.95299999994958
2522.11999999994956
2522.34899999994954
2522.50599999994952
2522.55499999994951
2522.6749999999495
2522.80299999994949
2522.91699999994947
2523.12199999994945
2523.27599999994943
2523.44499999994941
2523.6179999999494
2523.83099999994937
2524.01499999994935
2524.19899999994933
2524.39599999994931
2524.62299999994928
2524.81699999994926
2525.13999999994923
2525.29999999994921
2525.48599999994919
2525.68499999994917
2525.88299999994915
2526.09899999994912
2526.2559999999491
2526.57699999994907
2526.77199999994905
2526.97799999994903
2527.197999999949
2528.67199999994884
2528.85299999994882
2529.07199999994879
2539.31399999994767
2539.56699999994764
2539.82699999994761
2539.99299999994759
2540.31699999994756
2540.48799999994754
2541.02899999994748
2541.18999999994746
2541.38099999994744
2541.59999999994742
2541.86699999994739
2541.99199999994737
2542.15599999994735
2542.33099999994733
2542.46899999994732
2542.6439999999473
2542.80499999994728
2543.20799999994724
2543.40299999994722
2543.5449999999472
2544.37599999994711
2544.52799999994709
2544.63199999994708
2544.78499999994706
2545.12199999994703
2545.407999999947
2545.50999999994698
2545.66699999994697
2545.84999999994695
2546.03299999994693
2546.21099999994691
2546.37899999994689
2546.42799999994688
2546.51699999994687
2547.2019999999468
2547.31599999994679
2547.48299999994677
2547.65399999994675
2548.62999999994664
2548.79199999994662
2548.93999999994661
2549.55099999994654
2549.70199999994652
2549.84199999994651
2550.01399999994649
2550.19199999994647
2550.36899999994645
2550.53899999994643
2550.72599999994641
2550.92699999994639
2551.11999999994637
2551.31799999994634
2551.49399999994633
2551.57499999994632
2551.7419999999463
2551.94399999994628
2552.50499999994621
2552.6649999999462
2552.82399999994618
2552.89699999994617
2553.05399999994615
2553.19099999994614
2553.33499999994612
2553.4999999999461
2554.15499999994603
2554.27899999994602
2554.416999999946
2555.13799999994592
2555.3179999999459
2555.49699999994588
2555.69799999994586
2556.51999999994577
2556.61899999994576
2556.74999999994575
2556.93199999994573
2557.07699999994571
2557.22799999994569
2557.38899999994568
2557.40699999994567
2557.56299999994566
2557.68899999994564
2558.62999999994554
2558.78899999994552
2558.93799999994551
2559.06799999994549
2559.10299999994549
2559.18399999994548
2559.22099999994547
2559.33499999994546
2559.48899999994544
2560.7759999999453
2561.43699999994523
2561.47499999994523
2561.60899999994521
2561.64899999994521
2561.7459999999452
2561.89699999994518
2561.93399999994518
2561.97499999994517
2562.66899999994509
2562.84799999994508
2562.98499999994506
2563.15699999994504
2563.65399999994499
2563.79799999994497
2563.95099999994495
2565.96999999994473
2566.32099999994469
2566.45299999994468
2566.71699999994465
2566.81699999994464
2566.98099999994462
2566.99599999994462
2567.10199999994461
2567.27799999994459
2567.62799999994455
2567.80699999994453
2567.84199999994452
2569.08399999994439
2569.14699999994438
2569.30199999994436
2569.51199999994434
2569.63099999994433
2569.67699999994432
2569.8589999999443
2570.09899999994428
2570.17999999994427
2570.53899999994423
2570.90099999994419
2571.08299999994417
2571.22899999994415
2571.28199999994415
2571.39999999994413
2571.48299999994412
2571.65199999994411
2571.78499999994409
2572.03899999994406
2572.05699999994406
2573.36599999994392
2573.42499999994391
2573.56499999994389
2573.70899999994388
2573.74199999994388
2573.86599999994386
2574.04399999994384
2574.11299999994383
2574.17099999994383
2574.28199999994382
2574.47299999994379
2574.61499999994378
2575.06299999994373
2575.21099999994371
2575.3399999999437
2575.47699999994368
2575.66199999994366
2575.81899999994365
2575.86399999994364
2576.03599999994362
2576.16299999994361
2576.80199999994354
2576.92799999994352
2577.06599999994351
2577.09999999994351
2577.23199999994349
2577.42399999994347
2577.52899999994346
2577.70699999994344
2577.73499999994344
2577.90299999994342
2578.0859999999434
2578.26099999994338
2578.44999999994336
2578.63699999994334
2578.83299999994331
2579.02799999994329
2579.23599999994327
2579.42799999994325
2579.56999999994323
2579.76699999994321
2579.8459999999432
2579.95199999994319
2580.03699999994318
2580.34599999994315
2580.44499999994314
2580.61799999994312
2580.8209999999431
2581.00099999994308
2581.17299999994306
2581.36699999994304
2581.58299999994301
2581.78799999994299
2581.96099999994297
2583.08799999994285
2583.23199999994283
2583.56799999994279
2583.79399999994277
2583.95799999994275
2584.12599999994273
2584.61899999994268
2584.87199999994265
2585.15099999994262
2585.2819999999426
2585.40899999994259
2586.01699999994252
2586.36899999994248
2682.25799999993192
2682.37599999993191
2682.4849999999319
2682.72599999993187
2682.89299999993185
2683.02999999993184
2683.18099999993182
2683.32599999993181
2683.49399999993179
2683.66499999993177
2684.15999999993171
2684.3099999999317
2684.46799999993168
2684.62699999993166
2684.79599999993164
2684.97699999993162
2685.1619999999316
2685.36099999993158
2685.92699999993152
2686.0769999999315
2686.0869999999315
2686.20899999993149
2686.37299999993147
2686.39599999993147
2686.54999999993145
2686.72399999993143
2686.88899999993141
2687.06699999993139
2687.70899999993132
2687.86899999993131
2688.50699999993124
2688.87899999993119
2689.06899999993117
647
-3
50.1450000000000029
50.1620000000000029
176.321000000000115
176.593000000000115
176.736000000000115
176.875000000000115
177.020000000000116
177.177000000000116
177.327000000000116
177.480000000000116
177.625000000000116
177.724000000000116
177.732000000000116
177.742000000000116
247.916000000000179
248.065000000000179
248.213000000000179
248.371000000000179
248.480000000000179
248.501000000000179
248.521000000000179
340.695000000000261
340.847000000000261
341.118000000000261
341.233000000000261
341.365000000000262
341.512000000000262
341.667000000000262
341.819000000000262
341.953000000000262
342.068000000000262
342.075000000000262
342.086000000000262
342.104000000000262
342.193000000000262
344.266000000000264
344.415000000000264
344.708000000000264
344.860000000000265
345.002000000000265
345.163000000000265
345.326000000000265
345.475000000000265
345.650000000000265
345.814000000000266
345.975000000000266
346.138000000000266
346.313000000000266
346.568000000000266
346.706000000000266
347.031000000000267
347.174000000000267
347.332000000000267
347.469000000000267
347.649000000000267
347.811000000000267
347.975000000000267
348.147000000000268
348.313000000000268
348.485000000000268
348.666000000000268
348.849000000000268
349.328000000000269
349.489000000000269
349.657000000000269
349.821000000000269
350.59800000000027
350.75000000000027
350.91000000000027
355.348000000000274
355.487000000000274
355.638000000000274
355.828000000000274
355.996000000000275
356.143000000000275
356.314000000000275
356.485000000000275
356.644000000000275
356.826000000000275
357.012000000000275
357.165000000000276
358.274000000000277
358.431000000000277
358.589000000000277
358.758000000000277
358.939000000000277
359.119000000000277
359.255000000000277
359.417000000000278
359.582000000000278
359.769000000000278
359.941000000000278
360.075000000000278
360.203000000000278
360.616000000000279
360.799000000000279
360.948000000000279
361.110000000000279
361.268000000000279
361.429000000000279
361.59000000000028
361.75600000000028
361.92500000000028
362.11000000000028
362.27200000000028
362.43500000000028
362.60600000000028
362.768000000000281
362.928000000000281
363.084000000000281
363.237000000000281
363.382000000000281
363.534000000000281
363.703000000000281
363.874000000000282
364.046000000000282
364.220000000000282
364.386000000000282
364.536000000000282
364.706000000000282
364.850000000000282
365.019000000000283
365.181000000000283
365.337000000000283
365.486000000000283
365.637000000000283
365.800000000000283
365.981000000000283
366.145000000000284
366.319000000000284
366.495000000000284
366.655000000000284
366.816000000000284
366.985000000000284
367.178000000000284
368.603000000000286
368.749000000000286
368.922000000000286
369.092000000000286
369.281000000000286
369.458000000000286
369.624000000000287
369.759000000000287
369.941000000000287
370.110000000000287
370.291000000000287
370.466000000000287
370.656000000000288
370.836000000000288
371.674000000000288
371.829000000000289
371.994000000000289
372.172000000000289
372.365000000000289
372.538000000000289
372.714000000000289
372.88300000000029
373.05700000000029
373.19600000000029
373.36000000000029
373.54000000000029
373.70800000000029
373.79600000000029
373.88600000000029
374.070000000000291
374.241000000000291
374.381000000000291
374.555000000000291
374.732000000000291
374.876000000000291
375.064000000000291
375.233000000000292
375.395000000000292
375.551000000000292
375.709000000000292
375.849000000000292
375.994000000000292
376.158000000000292
376.327000000000293
376.490000000000293
376.651000000000293
376.816000000000293
376.963000000000293
377.146000000000293
377.307000000000293
377.488000000000294
377.656000000000294
377.839000000000294
378.009000000000294
378.161000000000294
378.299000000000294
378.468000000000294
378.625000000000295
378.805000000000295
378.894000000000295
378.996000000000295
380.369000000000296
380.525000000000296
380.684000000000296
380.855000000000297
381.019000000000297
381.189000000000297
442.620000000000351
442.751000000000352
442.901000000000352
443.035000000000352
443.172000000000352
443.313000000000352
443.466000000000352
443.617000000000352
444.407000000000353
445.288000000000354
445.434000000000354
445.574000000000354
445.716000000000354
445.854000000000354
445.981000000000354
446.251000000000355
446.518000000000355
446.685000000000355
446.854000000000355
447.017000000000355
447.155000000000356
447.309000000000356
447.477000000000356
447.656000000000356
447.808000000000356
447.949000000000356
448.090000000000356
448.248000000000356
448.391000000000357
448.551000000000357
449.528000000000358
449.686000000000358
449.827000000000358
449.996000000000358
450.129000000000358
450.253000000000358
450.423000000000358
450.585000000000359
450.851000000000359
450.981000000000359
451.124000000000359
451.297000000000359
451.455000000000359
451.625000000000359
451.74300000000036
451.93100000000036
452.11400000000036
713.779000000000592
713.947000000000592
714.111000000000593
714.229000000000593
714.402000000000593
714.548000000000593
714.677000000000593
714.840000000000593
714.955000000000593
715.102000000000593
715.245000000000594
715.388000000000594
715.515000000000594
715.683000000000594
715.824000000000594
715.971000000000594
716.122000000000594
716.950000000000595
717.097000000000595
717.233000000000595
717.386000000000595
717.540000000000596
717.698000000000596
717.829000000000596
717.959000000000596
718.138000000000596
718.274000000000596
718.402000000000596
718.583000000000596
718.739000000000597
718.886000000000597
719.055000000000597
719.201000000000597
720.308000000000598
720.463000000000598
720.613000000000598
720.777000000000598
720.934000000000599
721.090000000000599
721.222000000000599
721.398000000000599
721.520000000000599
721.647000000000599
721.810000000000599
721.9790000000006
722.1410000000006
722.2980000000006
722.4420000000006
722.6180000000006
722.7780000000006
722.9320000000006
724.681000000000602
724.832000000000602
725.405000000000603
725.549000000000603
725.702000000000603
725.881000000000603
726.052000000000603
726.224000000000603
726.387000000000603
726.559000000000604
726.699000000000604
726.871000000000604
727.022000000000604
727.183000000000604
727.333000000000604
727.503000000000604
727.658000000000605
727.809000000000605
727.988000000000605
728.163000000000605
728.355000000000605
728.513000000000605
728.646000000000606
729.984000000000607
730.142000000000607
730.314000000000607
730.466000000000607
730.632000000000607
730.804000000000607
730.983000000000608
731.162000000000608
731.344000000000608
731.543000000000608
731.722000000000608
731.892000000000608
732.052000000000608
733.64100000000061
733.84100000000061
734.01700000000061
734.18400000000061
734.355000000000611
734.518000000000611
734.658000000000611
734.838000000000611
735.016000000000611
735.206000000000611
735.379000000000612
735.545000000000612
735.732000000000612
735.910000000000612
736.071000000000612
736.229000000000612
736.379000000000612
736.548000000000612
736.695000000000613
736.851000000000613
737.028000000000613
737.207000000000613
737.392000000000613
737.587000000000613
737.739000000000614
739.104000000000615
739.252000000000615
739.418000000000615
739.608000000000615
739.773000000000615
739.938000000000616
740.110000000000616
740.273000000000616
740.436000000000616
740.617000000000616
740.796000000000616
740.953000000000616
741.141000000000617
741.304000000000617
741.485000000000617
741.675000000000617
741.855000000000617
742.029000000000617
742.210000000000618
742.340000000000618
743.599000000000619
743.749000000000619
743.922000000000619
744.095000000000619
744.270000000000619
744.46500000000062
744.63200000000062
744.78200000000062
744.96800000000062
745.12400000000062
745.30700000000062
745.53200000000062
745.727000000000621
745.928000000000621
746.060000000000621
746.201000000000621
746.387000000000621
746.661000000000621
746.833000000000622
747.009000000000622
747.168000000000622
747.346000000000622
747.486000000000622
747.673000000000622
747.826000000000622
748.008000000000623
748.186000000000623
748.353000000000623
748.524000000000623
748.675000000000623
748.879000000000623
749.058000000000624
749.212000000000624
750.855000000000625
751.010000000000625
751.183000000000626
751.371000000000626
751.534000000000626
751.703000000000626
751.883000000000626
752.063000000000626
753.208000000000627
753.373000000000627
753.541000000000628
753.722000000000628
753.888000000000628
754.045000000000628
754.238000000000628
754.371000000000628
754.510000000000628
754.659000000000629
754.811000000000629
754.982000000000629
755.133000000000629
755.315000000000629
755.479000000000629
755.640000000000629
755.80800000000063
755.96600000000063
756.15000000000063
756.30500000000063
756.49600000000063
756.69400000000063
756.878000000000631
757.030000000000631
758.511000000000632
758.664000000000632
758.832000000000632
759.002000000000632
759.167000000000633
759.307000000000633
759.499000000000633
762.046000000000635
762.185000000000635
762.338000000000635
762.512000000000636
763.697000000000637
763.833000000000637
764.007000000000637
764.178000000000637
764.321000000000637
764.757000000000638
764.938000000000638
765.805000000000638
766.543000000000639
766.690000000000639
766.858000000000639
925.66500000000078
925.766000000000781
926.045000000000781
926.612000000000781
926.707000000000781
927.011000000000782
927.076000000000782
927.224000000000782
1320.18100000000113
1320.30100000000113
1320.44400000000113
1320.57900000000113
1320.71900000000113
1320.86600000000113
1321.01000000000113
1321.15900000000113
1321.30700000000113
1321.44200000000113
1321.57300000000113
1321.86400000000113
1321.97600000000113
1556.80000000000134
2415.58699999996129
2415.72499999996128
2415.85599999996126
2415.97499999996125
2416.12499999996123
2416.25599999996122
2416.52899999996119
2416.69099999996117
2417.29399999996111
2417.42899999996109
2417.58999999996107
2417.73999999996106
2417.87099999996104
2418.00999999996103
2418.14899999996101
2418.31899999996099
2418.46299999996098
2418.59299999996096
2418.76299999996094
2418.88599999996093
2419.01199999996092
2419.60499999996085
2419.75299999996083
2419.91899999996082
2420.1009999999608
2420.23499999996078
2420.41199999996076
2420.55999999996075
2420.70399999996073
2420.88499999996071
2421.0179999999607
2421.18199999996068
2421.36399999996066
2423.36499999996044
2597.64399999994124
2597.95799999994121
2598.09899999994119
2598.25299999994118
2598.40699999994116
2598.56999999994114
2598.73299999994112
2598.85899999994111
2598.99299999994109
2599.13499999994108
2599.27099999994106
2599.40499999994105
2599.56999999994103
2599.69999999994102
2599.859999999941
2600.01999999994098
2600.15999999994097
2600.29699999994095
2600.47099999994093
2600.64099999994091
2600.7829999999409
2600.95299999994088
2601.98799999994076
2602.11999999994075
2602.28499999994073
2602.44999999994071
2602.6009999999407
2602.75799999994068
2602.92199999994066
2603.06899999994065
2603.21099999994063
2603.38599999994061
2603.57799999994059
2603.70399999994058
2603.87599999994056
2604.00999999994054
2604.14999999994053
2604.33699999994051
2604.49499999994049
2604.63499999994047
2604.80799999994045
2604.95299999994044
2605.11299999994042
2605.2789999999404
2605.45799999994038
2605.59199999994037
2605.80799999994034
2605.94999999994033
2606.13599999994031
2606.30399999994029
2606.48299999994027
2606.68099999994025
2606.84899999994023
2607.00799999994021
2607.19199999994019
2607.36099999994017
2608.87899999994001
2609.05599999993999
2609.26099999993996
2609.43799999993994
2609.61499999993992
2609.8089999999399
2609.98799999993988
2610.16799999993986
2610.34499999993984
2610.50899999993983
2610.65299999993981
2610.81699999993979
2610.98999999993977
2611.17299999993975
2611.35299999993973
2611.52399999993971
2611.70999999993969
2611.90299999993967
2612.10699999993965
2612.29899999993963
2612.5299999999396
2612.71699999993958
2612.90399999993956
2613.09699999993954
2613.29799999993952
2613.4939999999395
2613.69599999993947
2615.10799999993932
2616.11999999993921
2616.27699999993919
2616.36299999993918
2616.86899999993913
2617.02399999993911
2617.75599999993903
2618.13399999993899
2618.69099999993892
2618.82399999993891
2619.11899999993888
2619.25199999993886
2619.72999999993881
2619.87599999993879
2620.03699999993878
2620.20599999993876
2620.37799999993874
2620.54999999993872
2620.7339999999387
2620.90699999993868
2621.09399999993866
2621.28699999993864
2621.48299999993862
2621.68999999993859
2621.80699999993858
2621.99499999993856
2622.17999999993854
2622.36299999993852
2622.83399999993847
2622.97299999993845
2623.09599999993844
2623.67199999993838
2624.08899999993833
2624.4009999999383
2625.21699999993821
2625.37699999993819
2625.53699999993817
2625.70699999993815
2625.78499999993814
2641.13299999993645
-4
50.1560000000000029
97.8920000000000453
176.327000000000115
176.662000000000115
176.805000000000115
176.950000000000116
177.104000000000116
177.247000000000116
177.400000000000116
177.545000000000116
177.690000000000116
177.731000000000116
177.740000000000116
180.504000000000119
247.978000000000179
248.135000000000179
248.294000000000179
248.445000000000179
248.486000000000179
248.505000000000179
251.845000000000182
340.752000000000261
340.910000000000261
341.148000000000261
341.279000000000261
341.429000000000262
341.587000000000262
341.740000000000262
341.876000000000262
342.027000000000262
342.073000000000262
342.083000000000262
342.093000000000262
342.182000000000262
344.177000000000264
344.325000000000264
344.480000000000264
344.773000000000265
344.917000000000265
345.075000000000265
345.235000000000265
345.389000000000265
345.545000000000265
345.727000000000265
345.883000000000266
346.050000000000266
346.213000000000266
346.357000000000266
346.616000000000266
346.785000000000266
347.065000000000267
347.234000000000267
347.371000000000267
347.548000000000267
347.738000000000267
347.885000000000267
348.069000000000267
348.242000000000268
348.397000000000268
348.611000000000268
348.788000000000268
349.230000000000268
349.402000000000269
349.574000000000269
349.734000000000269
349.872000000000269
350.65900000000027
350.82000000000027
355.251000000000274
355.392000000000274
355.543000000000274
355.721000000000274
355.902000000000274
356.055000000000275
356.231000000000275
356.408000000000275
356.552000000000275
356.734000000000275
356.916000000000275
357.090000000000276
357.232000000000276
358.341000000000277
358.502000000000277
358.667000000000277
358.846000000000277
359.028000000000277
359.176000000000277
359.330000000000277
359.493000000000278
359.666000000000278
359.853000000000278
360.006000000000278
360.122000000000278
360.231000000000278
360.687000000000279
360.853000000000279
361.013000000000279
361.172000000000279
361.336000000000279
361.497000000000279
361.65900000000028
361.83400000000028
362.01200000000028
362.17900000000028
362.34800000000028
362.51600000000028
362.67700000000028
362.838000000000281
363.001000000000281
363.142000000000281
363.282000000000281
363.429000000000281
363.606000000000281
363.777000000000281
363.940000000000282
364.131000000000282
364.297000000000282
364.445000000000282
364.610000000000282
364.755000000000282
364.916000000000282
365.086000000000283
365.245000000000283
365.389000000000283
365.545000000000283
365.703000000000283
365.882000000000283
366.054000000000283
366.228000000000284
366.402000000000284
366.563000000000284
366.722000000000284
366.894000000000284
367.066000000000284
367.235000000000284
368.656000000000286
368.826000000000286
369.002000000000286
369.183000000000286
369.374000000000286
369.533000000000287
369.669000000000287
369.848000000000287
370.017000000000287
370.183000000000287
370.375000000000287
370.563000000000287
370.746000000000288
370.900000000000288
371.738000000000288
371.901000000000289
372.079000000000289
372.259000000000289
372.445000000000289
372.622000000000289
372.791000000000289
372.96200000000029
373.10100000000029
373.26000000000029
373.42700000000029
373.61700000000029
373.79400000000029
373.80600000000029
373.97200000000029
374.145000000000291
374.283000000000291
374.459000000000291
374.631000000000291
374.779000000000291
374.962000000000291
375.144000000000292
375.302000000000292
375.467000000000292
375.612000000000292
375.752000000000292
375.890000000000292
376.032000000000292
376.228000000000292
376.392000000000293
376.552000000000293
376.715000000000293
376.864000000000293
377.045000000000293
377.212000000000293
377.379000000000294
377.556000000000294
377.741000000000294
377.916000000000294
378.065000000000294
378.212000000000294
378.366000000000294
378.519000000000295
378.703000000000295
378.882000000000295
378.914000000000295
379.053000000000295
380.429000000000296
380.591000000000296
380.765000000000297
380.928000000000297
381.097000000000297
381.234000000000297
442.664000000000352
442.813000000000352
442.974000000000352
443.091000000000352
443.228000000000352
443.372000000000352
443.528000000000352
443.637000000000352
444.472000000000353
445.338000000000354
445.477000000000354
445.622000000000354
445.757000000000354
445.877000000000354
446.032000000000354
446.297000000000355
446.590000000000355
446.766000000000355
446.932000000000355
447.061000000000355
447.216000000000356
447.390000000000356
447.566000000000356
447.719000000000356
447.860000000000356
448.000000000000356
448.152000000000356
448.286000000000356
448.455000000000357
448.566000000000357
449.568000000000358
449.728000000000358
449.890000000000358
450.036000000000358
450.157000000000358
450.311000000000358
450.471000000000358
450.597000000000359
450.866000000000359
451.017000000000359
451.207000000000359
451.385000000000359
451.542000000000359
451.71700000000036
451.91600000000036
452.07500000000036
452.22500000000036
713.832000000000592
714.000000000000592
714.138000000000593
714.298000000000593
714.439000000000593
714.573000000000593
714.738000000000593
714.859000000000593
715.006000000000593
715.153000000000594
715.292000000000594
715.419000000000594
715.582000000000594
715.734000000000594
715.877000000000594
716.029000000000594
716.143000000000594
716.997000000000595
717.137000000000595
717.285000000000595
717.439000000000596
717.595000000000596
717.738000000000596
717.858000000000596
718.038000000000596
718.176000000000596
718.308000000000596
718.476000000000596
718.648000000000597
718.796000000000597
718.960000000000597
719.109000000000597
719.240000000000597
720.369000000000598
720.518000000000598
720.671000000000598
720.836000000000598
720.989000000000599
721.118000000000599
721.301000000000599
721.421000000000599
721.550000000000599
721.710000000000599
721.8740000000006
722.0490000000006
722.2020000000006
722.3450000000006
722.5220000000006
722.6890000000006
722.8410000000006
722.9730000000006
724.718000000000602
724.859000000000602
725.450000000000603
725.615000000000603
725.778000000000603
725.958000000000603
726.129000000000603
726.292000000000603
726.453000000000604
726.597000000000604
726.774000000000604
726.928000000000604
727.086000000000604
727.216000000000604
727.404000000000604
727.558000000000604
727.709000000000605
727.888000000000605
728.067000000000605
728.241000000000605
728.422000000000605
728.580000000000605
728.701000000000606
730.039000000000607
730.210000000000607
730.372000000000607
730.539000000000607
730.710000000000607
730.887000000000607
731.066000000000608
731.247000000000608
731.426000000000608
731.627000000000608
731.798000000000608
731.954000000000608
732.092000000000609
733.69300000000061
733.91000000000061
734.08900000000061
734.25700000000061
734.413000000000611
734.559000000000611
734.738000000000611
734.917000000000611
735.092000000000611
735.280000000000611
735.450000000000612
735.631000000000612
735.808000000000612
735.973000000000612
736.125000000000612
736.266000000000612
736.447000000000612
736.600000000000613
736.741000000000613
736.927000000000613
737.107000000000613
737.295000000000613
737.478000000000613
737.640000000000613
737.791000000000614
739.164000000000615
739.321000000000615
739.494000000000615
739.675000000000615
739.841000000000615
740.011000000000616
740.172000000000616
740.333000000000616
740.517000000000616
740.686000000000616
740.859000000000616
741.042000000000616
741.207000000000617
741.387000000000617
741.577000000000617
741.759000000000617
741.926000000000617
742.095000000000617
742.242000000000618
742.371000000000618
743.653000000000619
743.823000000000619
743.997000000000619
744.171000000000619
744.348000000000619
744.53100000000062
744.68100000000062
744.86300000000062
745.02800000000062
745.20300000000062
745.40600000000062
745.621000000000621
745.809000000000621
745.955000000000621
746.095000000000621
746.275000000000621
746.405000000000621
746.718000000000622
746.903000000000622
747.046000000000622
747.240000000000622
747.378000000000622
747.564000000000622
747.725000000000622
747.906000000000623
748.084000000000623
748.234000000000623
748.417000000000623
748.562000000000623
748.765000000000623
748.955000000000624
749.111000000000624
749.238000000000624
750.916000000000625
751.091000000000625
751.266000000000626
751.443000000000626
751.614000000000626
751.790000000000626
751.969000000000626
752.099000000000626
753.267000000000627
753.437000000000628
753.617000000000628
753.785000000000628
753.919000000000628
754.127000000000628
754.270000000000628
754.404000000000628
754.546000000000628
754.700000000000629
754.876000000000629
755.031000000000629
755.201000000000629
755.373000000000629
755.537000000000629
755.70700000000063
755.86500000000063
756.04900000000063
756.21300000000063
756.39300000000063
756.57600000000063
756.76900000000063
756.938000000000631
757.067000000000631
758.566000000000632
758.736000000000632
758.895000000000632
759.059000000000632
759.196000000000633
759.393000000000633
759.555000000000633
762.095000000000635
762.246000000000635
762.407000000000635
762.551000000000636
763.746000000000637
763.903000000000637
764.074000000000637
764.224000000000637
764.405000000000637
764.818000000000638
764.965000000000638
765.840000000000638
766.590000000000639
766.750000000000639
766.914000000000639
925.71400000000078
925.836000000000781
926.099000000000781
926.663000000000781
926.787000000000781
927.036000000000782
927.177000000000782
927.299000000000782
1320.21200000000113
1320.34700000000113
1320.48600000000113
1320.62800000000113
1320.77400000000113
1320.91900000000113
1321.06500000000113
1321.21000000000113
1321.34700000000113
1321.47500000000113
1321.64200000000113
1321.87900000000113
1321.99600000000113
1556.83000000000134
2415.62699999996129
2415.74699999996128
2415.87099999996126
2416.01399999996125
2416.15799999996123
2416.30499999996121
2416.58899999996118
2416.70499999996117
2417.3199999999611
2417.48799999996108
2417.64399999996107
2417.77699999996105
2417.90299999996104
2418.04599999996102
2418.204999999961
2418.36699999996099
2418.48999999996097
2418.66299999996095
2418.78899999996094
2418.91999999996093
2419.04599999996091
2419.62899999996085
2419.80299999996083
2419.98999999996081
2420.13899999996079
2420.29399999996078
2420.46199999996076
2420.59299999996074
2420.77499999996072
2420.91399999996071
2421.05999999996069
2421.26099999996067
2421.38499999996065
2423.39799999996043
2597.70299999994124
2597.9919999999412
2598.15399999994119
2598.31399999994117
2598.47799999994115
2598.63799999994113
2598.76599999994112
2598.9009999999411
2599.04099999994109
2599.17799999994107
2599.31199999994106
2599.47499999994104
2599.60499999994103
2599.75699999994101
2599.92599999994099
2600.06199999994098
2600.19599999994096
2600.37399999994094
2600.54499999994092
2600.69199999994091
2600.84799999994089
2600.97799999994088
2602.01299999994076
2602.16699999994074
2602.34399999994072
2602.50299999994071
2602.65999999994069
2602.82099999994067
2602.96599999994066
2603.11099999994064
2603.28999999994062
2603.4699999999406
2603.61399999994059
2603.77799999994057
2603.91499999994055
2604.05199999994054
2604.22399999994052
2604.4019999999405
2604.52899999994048
2604.70499999994046
2604.85499999994045
2605.01099999994043
2605.17699999994041
2605.3399999999404
2605.49199999994038
2605.63399999994036
2605.83299999994034
2606.03099999994032
2606.2079999999403
2606.38499999994028
2606.56599999994026
2606.75299999994024
2606.91099999994022
2607.0899999999402
2607.26299999994018
2607.39599999994017
2608.93299999994
2609.12499999993998
2609.33799999993995
2609.51199999993994
2609.69599999993992
2609.88699999993989
2610.06599999993987
2610.22999999993986
2610.39899999993984
2610.54299999993982
2610.7029999999398
2610.89599999993978
2611.07899999993976
2611.24899999993974
2611.41499999993973
2611.59899999993971
2611.79499999993968
2611.99099999993966
2612.19199999993964
2612.39299999993962
2612.62099999993959
2612.79399999993957
2612.97899999993955
2613.18099999993953
2613.37699999993951
2613.57699999993949
2613.78399999993946
2615.13799999993932
2616.1939999999392
2616.31099999993919
2616.42599999993917
2616.90899999993912
2617.0679999999391
2618.09099999993899
2618.19599999993898
2618.73499999993892
2618.8729999999389
2619.15099999993887
2619.26899999993886
2619.7789999999388
2619.92999999993879
2620.09799999993877
2620.26799999993875
2620.44499999993873
2620.62599999993871
2620.81299999993869
2620.98999999993867
2621.18299999993865
2621.37799999993863
2621.57399999993861
2621.72699999993859
2621.90299999993857
2622.08199999993855
2622.25899999993853
2622.44499999993851
2622.89099999993846
2623.03099999993845
2623.13799999993844
2623.72799999993837
2624.29399999993831
2624.43299999993829
2625.2699999999382
2625.42699999993818
2625.59899999993816
2625.76999999993814
2625.79999999993814
2641.16199999993645
0
0
0
0
0
0
0
0
0
0
0
0
0
3600.00099999983085
0
0
0
0
0
0
