2
26
19
2
26
19
IPP3.10
test 2
0
2
8
44
43
9
53
54
22
4
.3
1
1194
1194
1
565
565
1
1
1
1
1
1
1
1
1
1
1
1
1
1
1
1
1
1
1
1
1193
-1
9.13000000000000018
9.39300000000000018
9.55200000000000019
9.69600000000000019
9.84200000000000019
9.9990000000000002
10.1490000000000002
10.3030000000000002
10.4560000000000002
10.60500000000000021
10.76000000000000021
10.91500000000000021
11.07600000000000022
11.21000000000000022
11.38000000000000022
11.53300000000000023
11.69900000000000023
11.86700000000000023
12.04200000000000024
12.23100000000000024
12.40300000000000024
12.55900000000000025
16.2010000000000001
16.388
17.4949999999999991
17.6709999999999989
17.8579999999999987
18.0439999999999986
18.2359999999999984
18.4219999999999983
18.6129999999999981
18.8089999999999979
18.9969999999999978
19.1969999999999976
19.3929999999999974
19.6059999999999973
19.8009999999999971
20.0019999999999969
20.1939999999999968
20.3999999999999966
20.5909999999999964
20.7989999999999963
20.9919999999999961
22.5579999999999948
22.6989999999999946
22.8849999999999945
23.0809999999999943
23.2839999999999942
23.487999999999994
23.6909999999999938
23.8789999999999936
24.0759999999999935
24.2599999999999933
24.4429999999999932
24.633999999999993
24.9889999999999927
25.1469999999999926
25.3349999999999924
25.5169999999999923
25.7079999999999921
25.8949999999999919
41.3489999999999951
41.8369999999999955
41.9779999999999956
42.1439999999999958
42.3139999999999959
42.4819999999999961
42.6519999999999962
42.8239999999999964
42.9959999999999965
43.1579999999999967
43.3219999999999968
43.489999999999997
43.6599999999999971
44.5699999999999979
44.7389999999999981
44.9149999999999982
45.0859999999999984
45.2609999999999986
45.4499999999999987
45.6229999999999989
45.801999999999999
45.9869999999999992
46.1699999999999994
46.3679999999999995
46.5429999999999997
46.7259999999999999
46.909
47.0980000000000002
47.2910000000000004
47.4820000000000005
47.6380000000000007
47.8210000000000008
47.991000000000001
48.1700000000000011
48.3450000000000013
48.5390000000000015
68.9320000000000196
69.0730000000000197
69.2420000000000198
69.42900000000002
69.6110000000000202
69.7920000000000203
69.9760000000000205
70.1600000000000207
70.3470000000000208
70.528000000000021
70.7000000000000212
70.8780000000000213
71.0640000000000215
71.2520000000000216
71.4480000000000218
71.633000000000022
71.8190000000000221
72.0110000000000223
72.1650000000000224
72.3530000000000226
72.5400000000000228
72.7200000000000229
72.9100000000000231
73.1110000000000233
73.2990000000000235
73.4980000000000236
73.6870000000000238
73.873000000000024
74.0660000000000241
74.2570000000000243
74.4590000000000245
74.6360000000000246
74.8360000000000248
75.027000000000025
75.2190000000000252
75.4010000000000253
75.5970000000000255
75.7730000000000257
75.9800000000000258
76.175000000000026
76.3460000000000262
76.5260000000000263
76.7040000000000265
76.8940000000000266
77.0810000000000268
77.297000000000027
77.4840000000000272
77.6780000000000273
78.375000000000028
78.5410000000000281
78.7200000000000283
78.9180000000000284
79.1090000000000286
79.3010000000000288
79.493000000000029
79.6920000000000291
79.8720000000000293
80.0670000000000295
80.2590000000000296
80.4560000000000298
80.62700000000003
80.8230000000000301
81.0250000000000303
81.2260000000000305
81.4030000000000307
81.5850000000000308
81.770000000000031
81.9690000000000312
82.1790000000000313
82.3620000000000315
82.5610000000000317
82.7630000000000319
82.954000000000032
83.1230000000000322
83.3020000000000323
83.4620000000000325
83.6210000000000326
83.7760000000000328
83.9350000000000329
84.098000000000033
84.2820000000000332
84.4400000000000334
84.5930000000000335
84.7310000000000336
84.8720000000000337
85.0640000000000339
85.2320000000000341
85.3800000000000342
85.5310000000000343
85.6910000000000345
85.8450000000000346
86.0080000000000347
86.315000000000035
86.5040000000000352
130.100000000000074
130.226000000000074
130.366000000000074
130.519000000000074
130.676000000000074
130.840000000000075
131.006000000000075
131.165000000000075
131.325000000000075
131.491000000000075
131.660000000000075
131.821000000000075
131.992000000000076
132.157000000000076
132.330000000000076
132.464000000000076
132.631000000000076
132.810000000000076
132.981000000000076
133.160000000000077
133.359000000000077
133.532000000000077
133.702000000000077
133.865000000000077
134.042000000000077
134.230000000000078
134.439000000000078
134.626000000000078
134.824000000000078
135.013000000000078
135.208000000000078
135.394000000000079
135.573000000000079
135.766000000000079
135.960000000000079
136.115000000000079
136.271000000000079
136.45900000000008
136.61300000000008
136.77400000000008
136.93500000000008
137.09900000000008
137.28300000000008
137.47800000000008
137.640000000000081
137.811000000000081
137.962000000000081
138.138000000000081
138.322000000000081
138.506000000000081
138.673000000000082
138.865000000000082
139.071000000000082
139.284000000000082
139.487000000000082
139.678000000000082
139.873000000000083
140.105000000000083
140.303000000000083
140.493000000000083
140.688000000000083
140.868000000000083
141.057000000000084
141.236000000000084
141.523000000000084
141.665000000000084
141.853000000000084
142.043000000000085
142.198000000000085
142.397000000000085
142.591000000000085
142.736000000000085
142.899000000000085
143.131000000000085
143.336000000000086
143.530000000000086
143.755000000000086
143.969000000000086
144.161000000000086
144.352000000000087
144.535000000000087
144.715000000000087
144.910000000000087
145.115000000000087
145.307000000000087
145.499000000000088
145.699000000000088
145.903000000000088
146.117000000000088
146.310000000000088
146.518000000000088
146.741000000000089
146.929000000000089
147.130000000000089
147.311000000000089
147.473000000000089
147.634000000000089
147.80300000000009
147.96700000000009
148.12100000000009
148.31900000000009
148.48400000000009
148.63700000000009
148.795000000000091
148.956000000000091
149.097000000000091
149.267000000000091
149.420000000000091
149.571000000000091
149.735000000000091
149.868000000000091
150.056000000000092
150.242000000000092
150.412000000000092
150.542000000000092
150.724000000000092
150.911000000000092
151.078000000000093
151.249000000000093
151.427000000000093
151.616000000000093
151.804000000000093
152.005000000000093
152.196000000000094
152.380000000000094
152.567000000000094
152.795000000000094
152.978000000000094
153.162000000000094
153.355000000000095
153.539000000000095
153.734000000000095
153.930000000000095
154.116000000000095
154.291000000000095
154.466000000000096
154.631000000000096
154.824000000000096
155.020000000000096
155.212000000000096
155.378000000000096
155.518000000000096
156.134000000000097
156.316000000000097
156.495000000000097
156.671000000000098
156.796000000000098
156.863000000000098
157.074000000000098
157.270000000000098
157.399000000000098
157.479000000000098
157.615000000000098
157.692000000000098
157.896000000000099
158.040000000000099
158.115000000000099
158.329000000000099
158.551000000000099
158.758000000000099
158.893000000000099
159.1010000000001
159.2990000000001
159.4780000000001
159.6630000000001
159.8460000000001
160.0420000000001
160.229000000000101
160.409000000000101
160.606000000000101
160.811000000000101
161.006000000000101
161.194000000000102
161.376000000000102
161.554000000000102
161.748000000000102
161.932000000000102
163.516000000000104
163.669000000000104
163.835000000000104
164.009000000000104
164.186000000000104
164.368000000000104
164.548000000000104
164.716000000000105
164.900000000000105
165.092000000000105
165.266000000000105
165.447000000000105
165.636000000000105
165.834000000000106
166.142000000000106
166.325000000000106
166.518000000000106
166.711000000000106
166.902000000000107
167.090000000000107
167.282000000000107
167.475000000000107
167.663000000000107
167.856000000000107
168.051000000000108
168.279000000000108
168.508000000000108
168.684000000000108
168.895000000000108
169.076000000000109
169.274000000000109
169.469000000000109
169.671000000000109
169.858000000000109
170.044000000000109
170.22100000000011
170.41300000000011
170.60200000000011
170.79300000000011
170.97300000000011
171.16600000000011
171.445000000000111
171.623000000000111
171.806000000000111
172.133000000000111
172.364000000000111
172.669000000000112
172.837000000000112
173.022000000000112
173.211000000000112
173.431000000000112
173.627000000000113
173.823000000000113
174.014000000000113
174.268000000000113
174.459000000000113
174.664000000000113
174.842000000000114
175.022000000000114
175.215000000000114
175.391000000000114
176.183000000000115
176.588000000000115
176.755000000000115
176.946000000000116
177.141000000000116
177.355000000000116
177.545000000000116
177.723000000000116
177.915000000000116
178.124000000000117
178.301000000000117
178.469000000000117
178.678000000000117
178.896000000000117
179.110000000000117
179.307000000000118
179.491000000000118
179.692000000000118
180.710000000000119
180.895000000000119
181.067000000000119
181.243000000000119
181.418000000000119
181.60000000000012
181.78200000000012
181.97200000000012
182.16300000000012
182.35000000000012
182.53800000000012
182.712000000000121
182.891000000000121
183.077000000000121
183.266000000000121
183.454000000000121
183.639000000000121
183.818000000000122
184.010000000000122
184.204000000000122
184.393000000000122
184.571000000000122
184.751000000000122
184.941000000000123
185.118000000000123
185.296000000000123
185.477000000000123
185.651000000000123
185.823000000000123
186.011000000000124
186.206000000000124
186.391000000000124
186.569000000000124
187.741000000000125
187.910000000000125
188.097000000000125
188.288000000000126
188.471000000000126
188.652000000000126
188.824000000000126
189.014000000000126
189.211000000000126
189.414000000000127
189.783000000000127
195.002000000000132
195.131000000000132
195.288000000000132
195.462000000000132
195.639000000000132
195.821000000000132
195.992000000000132
196.162000000000133
196.335000000000133
196.519000000000133
196.708000000000133
196.916000000000133
197.114000000000133
197.309000000000134
197.493000000000134
197.677000000000134
197.870000000000134
198.048000000000134
198.217000000000134
198.404000000000135
198.581000000000135
198.768000000000135
198.961000000000135
199.152000000000135
199.345000000000135
199.539000000000136
199.731000000000136
199.926000000000136
200.114000000000136
200.305000000000136
200.485000000000136
200.661000000000137
200.836000000000137
201.019000000000137
201.203000000000137
201.393000000000137
201.580000000000137
201.762000000000138
201.942000000000138
202.133000000000138
202.277000000000138
202.455000000000138
202.620000000000138
202.783000000000138
202.943000000000139
203.104000000000139
203.263000000000139
203.420000000000139
203.563000000000139
203.721000000000139
203.902000000000139
204.05700000000014
204.20600000000014
204.36300000000014
204.52500000000014
204.71300000000014
204.89400000000014
205.05400000000014
205.251000000000141
205.442000000000141
205.602000000000141
205.792000000000141
205.978000000000141
206.173000000000141
206.371000000000142
206.564000000000142
206.769000000000142
206.968000000000142
207.203000000000142
207.406000000000143
207.603000000000143
210.848000000000146
210.992000000000146
211.166000000000146
211.354000000000146
211.538000000000146
211.740000000000146
211.937000000000147
212.138000000000147
212.326000000000147
212.518000000000147
212.729000000000147
212.940000000000147
213.135000000000148
213.336000000000148
213.829000000000148
214.001000000000148
214.191000000000149
214.379000000000149
214.571000000000149
214.759000000000149
214.970000000000149
215.186000000000149
215.99700000000015
216.18200000000015
216.501000000000151
216.735000000000151
216.863000000000151
216.976000000000151
217.104000000000151
217.261000000000151
217.395000000000151
217.742000000000152
217.912000000000152
218.113000000000152
219.026000000000153
219.910000000000154
220.077000000000154
220.263000000000154
220.454000000000154
220.644000000000154
221.436000000000155
221.690000000000155
222.205000000000156
222.310000000000156
242.767000000000174
242.904000000000174
243.056000000000174
243.248000000000174
243.433000000000175
243.649000000000175
243.842000000000175
244.021000000000175
245.428000000000176
245.476000000000176
246.024000000000177
246.252000000000177
246.448000000000177
246.558000000000177
246.686000000000177
246.941000000000178
247.072000000000178
247.237000000000178
275.517000000000203
275.648000000000203
275.795000000000203
275.942000000000203
276.115000000000204
276.979000000000204
277.225000000000205
393.597000000000308
393.756000000000308
394.022000000000308
394.290000000000309
394.481000000000309
394.731000000000309
395.52500000000031
395.67700000000031
395.83000000000031
395.99100000000031
396.14000000000031
396.30500000000031
396.47100000000031
396.641000000000311
396.805000000000311
396.975000000000311
397.145000000000311
397.316000000000311
397.491000000000311
397.681000000000312
397.857000000000312
398.042000000000312
398.230000000000312
398.413000000000312
398.596000000000312
398.796000000000313
398.973000000000313
399.183000000000313
399.369000000000313
399.538000000000313
399.725000000000313
399.910000000000314
400.100000000000314
400.294000000000314
400.505000000000314
400.696000000000314
400.886000000000314
401.074000000000315
401.263000000000315
401.452000000000315
401.658000000000315
401.869000000000315
402.292000000000316
402.437000000000316
402.508000000000316
402.705000000000316
402.911000000000316
403.123000000000316
403.323000000000317
403.522000000000317
403.731000000000317
403.938000000000317
404.138000000000317
404.348000000000317
404.554000000000318
404.761000000000318
404.956000000000318
405.153000000000318
405.370000000000318
405.567000000000319
405.752000000000319
405.944000000000319
406.142000000000319
406.336000000000319
406.544000000000319
406.72800000000032
406.88100000000032
407.05700000000032
407.23300000000032
407.40100000000032
407.59500000000032
407.75900000000032
407.896000000000321
408.178000000000321
408.615000000000321
408.796000000000321
408.988000000000322
409.185000000000322
409.372000000000322
409.563000000000322
409.761000000000322
409.974000000000322
410.157000000000323
410.339000000000323
410.462000000000323
410.573000000000323
410.778000000000323
410.956000000000323
411.134000000000324
411.292000000000324
411.457000000000324
411.648000000000324
411.855000000000324
412.045000000000324
412.235000000000324
412.418000000000325
412.608000000000325
412.788000000000325
413.001000000000325
413.178000000000325
413.358000000000325
413.530000000000326
413.722000000000326
413.939000000000326
414.133000000000326
414.326000000000326
414.516000000000326
414.668000000000327
414.853000000000327
415.046000000000327
415.241000000000327
415.425000000000327
415.609000000000327
415.798000000000328
415.994000000000328
416.179000000000328
416.361000000000328
416.551000000000328
416.758000000000328
416.935000000000329
417.086000000000329
417.287000000000329
417.466000000000329
417.640000000000329
417.826000000000329
418.24400000000033
418.39600000000033
418.58400000000033
418.77500000000033
418.93800000000033
419.092000000000331
419.245000000000331
419.441000000000331
419.635000000000331
419.784000000000331
419.947000000000331
420.104000000000331
420.277000000000332
420.441000000000332
420.609000000000332
420.788000000000332
420.972000000000332
421.126000000000332
421.286000000000333
421.482000000000333
421.680000000000333
421.880000000000333
422.076000000000333
422.278000000000333
422.468000000000334
422.670000000000334
422.886000000000334
423.079000000000334
423.267000000000334
423.458000000000334
423.643000000000335
423.846000000000335
424.060000000000335
424.233000000000335
424.440000000000335
424.655000000000336
424.853000000000336
425.056000000000336
425.418000000000336
425.641000000000336
425.815000000000337
426.025000000000337
426.219000000000337
426.422000000000337
426.600000000000337
426.776000000000337
427.125000000000338
427.450000000000338
428.150000000000339
428.329000000000339
428.513000000000339
428.720000000000339
428.943000000000339
430.410000000000341
430.572000000000341
430.722000000000341
431.087000000000341
431.157000000000341
431.283000000000341
433.255000000000343
433.414000000000343
433.588000000000343
433.762000000000344
433.936000000000344
434.112000000000344
435.240000000000345
435.505000000000345
435.784000000000345
436.098000000000346
436.533000000000346
436.667000000000346
436.826000000000346
436.974000000000346
437.454000000000347
483.984000000000388
484.241000000000388
485.401000000000389
485.55100000000039
485.71800000000039
485.88900000000039
486.677000000000391
486.966000000000391
487.122000000000391
487.281000000000391
487.453000000000391
487.622000000000391
487.807000000000392
487.981000000000392
488.727000000000392
488.848000000000392
489.003000000000393
489.169000000000393
489.344000000000393
489.518000000000393
489.686000000000393
489.888000000000393
490.079000000000394
490.264000000000394
490.470000000000394
490.658000000000394
490.863000000000394
491.077000000000394
491.292000000000395
491.486000000000395
491.677000000000395
491.869000000000395
492.034000000000395
492.214000000000396
492.387000000000396
492.591000000000396
493.278000000000396
493.412000000000397
493.514000000000397
494.437000000000398
495.111000000000398
495.266000000000398
536.250000000000435
536.407000000000435
536.574000000000435
538.046000000000436
538.450000000000437
539.031000000000437
539.492000000000437
539.697000000000438
540.416000000000438
545.534000000000443
545.665000000000443
545.773000000000443
545.928000000000443
546.049000000000443
546.351000000000444
546.511000000000444
546.664000000000444
546.820000000000444
546.991000000000444
547.268000000000444
547.428000000000445
547.611000000000445
547.744000000000445
547.904000000000445
548.080000000000445
548.223000000000445
548.388000000000445
548.557000000000446
548.705000000000446
548.886000000000446
549.075000000000446
549.252000000000446
549.451000000000446
549.587000000000446
549.762000000000447
549.928000000000447
550.129000000000447
550.328000000000447
550.511000000000447
550.671000000000447
550.826000000000448
551.006000000000448
551.217000000000448
551.408000000000448
551.587000000000448
551.751000000000448
551.901000000000448
552.053000000000449
552.220000000000449
552.389000000000449
553.37400000000045
553.53600000000045
553.71100000000045
553.89400000000045
554.07900000000045
554.263000000000451
554.433000000000451
554.629000000000451
554.816000000000451
555.501000000000452
555.924000000000452
556.127000000000452
556.457000000000453
557.705000000000454
557.857000000000454
558.033000000000454
558.199000000000454
558.407000000000454
558.625000000000454
558.818000000000455
558.988000000000455
559.181000000000455
559.388000000000455
559.583000000000455
559.833000000000456
560.050000000000456
560.293000000000456
560.517000000000456
560.783000000000456
561.216000000000457
561.655000000000457
561.771000000000457
562.282000000000458
562.806000000000458
562.890000000000458
563.019000000000458
563.149000000000458
563.445000000000459
563.601000000000459
564.059000000000459
564.51200000000046
564.79100000000046
564.85200000000046
565.667000000000461
565.756000000000461
566.091000000000461
566.133000000000461
566.390000000000461
568.228000000000463
569.449000000000464
570.232000000000465
570.665000000000465
570.729000000000465
571.067000000000466
571.217000000000466
571.555000000000466
571.706000000000466
649.431000000000535
649.556000000000535
649.705000000000535
649.834000000000535
650.553000000000536
651.200000000000537
651.344000000000537
651.493000000000537
651.671000000000537
651.849000000000537
652.887000000000538
653.244000000000538
653.425000000000539
653.723000000000539
670.738000000000554
670.880000000000554
857.94500000000072
858.16900000000072
858.279000000000721
858.442000000000721
862.134000000000724
862.901000000000725
863.046000000000725
863.226000000000725
865.215000000000727
866.163000000000728
866.325000000000728
866.459000000000728
866.607000000000728
866.756000000000728
866.911000000000728
867.064000000000728
867.221000000000728
867.370000000000729
867.533000000000729
867.682000000000729
867.848000000000729
868.024000000000729
868.185000000000729
868.37200000000073
868.53100000000073
868.70800000000073
868.89100000000073
869.04700000000073
869.22700000000073
869.41900000000073
869.587000000000731
869.784000000000731
869.969000000000731
870.161000000000731
870.343000000000731
870.521000000000731
870.721000000000732
870.906000000000732
871.136000000000732
871.356000000000732
871.566000000000732
871.764000000000733
871.957000000000733
872.166000000000733
872.616000000000733
872.949000000000734
873.107000000000734
873.305000000000734
873.476000000000734
873.678000000000734
874.052000000000735
874.253000000000735
874.413000000000735
874.602000000000735
874.782000000000735
875.007000000000736
875.202000000000736
875.397000000000736
875.746000000000736
875.844000000000736
876.108000000000736
876.236000000000737
876.348000000000737
878.828000000000739
879.099000000000739
879.80000000000074
880.879000000000741
886.004000000000745
886.161000000000745
886.388000000000746
886.788000000000746
887.598000000000747
888.106000000000747
888.263000000000747
888.434000000000747
888.846000000000748
888.948000000000748
2240.3209999999806
2240.62099999998056
2240.79899999998054
2240.95499999998053
2241.12999999998051
2241.30299999998049
2241.47699999998047
2241.64299999998045
2241.78999999998043
2241.96199999998042
2242.1229999999804
2242.27899999998038
2242.43599999998036
2242.61099999998034
2242.76899999998033
2242.95599999998031
2243.08599999998029
2243.25699999998027
2243.42899999998025
2243.58299999998024
2243.75899999998022
2243.9419999999802
2244.11299999998018
2244.26799999998016
2244.42899999998014
2244.59799999998013
2244.77899999998011
2244.95599999998009
2245.11799999998007
2245.26399999998005
2245.41199999998004
2245.58499999998002
2245.76099999998
2245.92799999997998
2246.10399999997996
2246.28099999997994
2246.44999999997992
2246.6349999999799
2246.81699999997988
2246.99599999997986
2247.16699999997984
2247.35499999997982
2247.5449999999798
2247.73599999997978
2247.90299999997976
2248.09599999997974
2248.27899999997972
2248.4719999999797
2248.66299999997968
2248.85099999997966
2249.04299999997964
2249.23999999997961
2249.43799999997959
2249.63399999997957
2249.81499999997955
2250.00699999997953
2250.19099999997951
2250.36699999997949
2250.54699999997947
2250.71999999997945
2250.90699999997943
2251.11199999997941
2251.29499999997939
2251.49899999997937
2251.68799999997934
2251.86699999997932
2252.02499999997931
2252.18299999997929
2252.50399999997925
2252.91599999997921
2253.08899999997919
2253.27099999997917
2253.45999999997915
2253.99599999997909
2254.16199999997907
2254.33899999997905
2254.51499999997903
2255.34099999997894
2255.52499999997892
2255.88599999997888
2256.95799999997876
2257.13099999997874
2257.30199999997873
2257.80799999997867
2258.25199999997862
2258.4089999999786
2258.58599999997858
2258.78099999997856
2258.96499999997854
2266.6469999999777
2266.79899999997768
2267.41899999997761
2267.58099999997759
2267.75499999997757
2268.73099999997747
2268.90499999997745
2270.00399999997733
2270.37899999997729
2270.62699999997726
2270.66899999997725
2271.1549999999772
2271.84899999997712
2272.45099999997706
2273.36099999997696
2273.57599999997693
2273.77599999997691
2285.56399999997561
2285.73999999997559
2285.92999999997557
2291.38899999997497
2291.54199999997495
2291.70999999997494
2291.87999999997492
3244.65899999986998
3244.81899999986997
3245.00999999986995
3246.25899999986981
3246.41499999986979
3247.00099999986973
3247.66999999986965
3248.20499999986959
-2
9.18600000000000018
9.48000000000000018
9.62400000000000019
9.77300000000000019
9.92100000000000019
10.0750000000000002
10.2170000000000002
10.3710000000000002
10.53000000000000021
10.67600000000000021
10.82400000000000021
10.99600000000000022
11.14000000000000022
11.31000000000000022
11.45700000000000023
11.62300000000000023
11.78700000000000023
11.95900000000000024
12.12900000000000024
12.30500000000000024
12.47600000000000025
12.63900000000000025
16.2710000000000001
16.421
17.585999999999999
17.7699999999999988
17.9609999999999987
18.1449999999999985
18.3379999999999983
18.5279999999999982
18.720999999999998
18.9189999999999978
19.1079999999999977
19.3039999999999975
19.4979999999999974
19.7079999999999972
19.933999999999997
20.1109999999999968
20.3079999999999967
20.5329999999999965
20.7069999999999963
20.9009999999999962
21.085999999999996
22.6159999999999947
22.7899999999999946
22.9749999999999944
23.1789999999999942
23.3829999999999941
23.5879999999999939
23.7919999999999937
23.9789999999999936
24.1759999999999934
24.3689999999999932
24.5459999999999931
24.673999999999993
25.0669999999999926
25.2449999999999925
25.4239999999999923
25.6199999999999922
25.806999999999992
25.9919999999999919
41.3979999999999951
41.8989999999999956
42.0649999999999957
42.2319999999999959
42.398999999999996
42.5699999999999962
42.7629999999999963
42.9129999999999965
43.0749999999999966
43.2379999999999968
43.4049999999999969
43.5779999999999971
43.7329999999999972
44.645999999999998
44.8229999999999982
44.9969999999999983
45.1769999999999985
45.3499999999999986
45.5329999999999988
45.719999999999999
45.8949999999999991
46.0869999999999993
46.2599999999999994
46.4509999999999996
46.6339999999999998
46.8119999999999999
47.0310000000000001
47.2090000000000003
47.3730000000000004
47.5280000000000006
47.7300000000000007
47.8880000000000009
48.0780000000000011
48.2440000000000012
48.4480000000000014
48.5660000000000015
69.0060000000000196
69.1550000000000198
69.3280000000000199
69.5190000000000201
69.7030000000000203
69.8820000000000204
70.0690000000000206
70.2590000000000208
70.4370000000000209
70.6160000000000211
70.8050000000000212
70.9880000000000214
71.1570000000000216
71.3490000000000217
71.5410000000000219
71.7280000000000221
71.9150000000000222
72.1000000000000224
72.3000000000000226
72.4510000000000227
72.6240000000000229
72.8510000000000231
73.0100000000000232
73.2010000000000234
73.4090000000000236
73.6510000000000238
73.7860000000000239
73.969000000000024
74.1680000000000242
74.3610000000000244
74.5640000000000246
74.7330000000000247
74.9410000000000249
75.1410000000000251
75.3150000000000252
75.5760000000000255
75.6860000000000256
75.9080000000000258
76.0880000000000259
76.2610000000000261
76.4650000000000263
76.6090000000000264
76.8260000000000266
76.9880000000000267
77.1920000000000269
77.4000000000000271
77.6140000000000273
77.7280000000000274
78.459000000000028
78.6250000000000282
78.8230000000000284
79.0220000000000285
79.2080000000000287
79.3960000000000289
79.586000000000029
79.7770000000000292
79.9780000000000294
80.1900000000000296
80.3700000000000297
80.5500000000000299
80.7580000000000301
80.9470000000000302
81.1600000000000304
81.3080000000000306
81.5050000000000307
81.6930000000000309
81.8880000000000311
82.0960000000000313
82.3250000000000315
82.4680000000000316
82.6690000000000318
82.865000000000032
83.0380000000000321
83.2080000000000323
83.3660000000000324
83.5270000000000325
83.6850000000000327
83.8280000000000328
83.9820000000000329
84.1790000000000331
84.3380000000000333
84.4690000000000334
84.6160000000000335
84.7790000000000337
84.9660000000000338
85.137000000000034
85.2880000000000341
85.4320000000000342
85.5630000000000344
85.7240000000000345
85.9100000000000346
86.1010000000000348
86.4160000000000351
86.5980000000000353
130.156000000000074
130.295000000000074
130.439000000000074
130.597000000000074
130.761000000000074
130.919000000000075
131.075000000000075
131.241000000000075
131.420000000000075
131.565000000000075
131.725000000000075
131.913000000000076
132.065000000000076
132.221000000000076
132.375000000000076
132.540000000000076
132.711000000000076
132.886000000000076
133.069000000000077
133.251000000000077
133.436000000000077
133.597000000000077
133.776000000000077
133.954000000000077
134.145000000000078
134.347000000000078
134.517000000000078
134.718000000000078
134.918000000000078
135.109000000000078
135.303000000000079
135.489000000000079
135.696000000000079
135.852000000000079
136.010000000000079
136.185000000000079
136.365000000000079
136.50400000000008
136.67300000000008
136.83500000000008
137.01200000000008
137.18200000000008
137.37000000000008
137.538000000000081
137.705000000000081
137.853000000000081
138.043000000000081
138.260000000000081
138.409000000000081
138.593000000000081
138.790000000000082
138.984000000000082
139.185000000000082
139.390000000000082
139.586000000000082
139.780000000000082
139.981000000000083
140.207000000000083
140.409000000000083
140.594000000000083
140.782000000000083
140.969000000000084
141.128000000000084
141.313000000000084
141.586000000000084
141.762000000000084
141.952000000000084
142.116000000000085
142.311000000000085
142.486000000000085
142.637000000000085
142.806000000000085
143.008000000000085
143.232000000000086
143.450000000000086
143.638000000000086
143.848000000000086
144.072000000000086
144.293000000000087
144.479000000000087
144.642000000000087
144.841000000000087
145.025000000000087
145.212000000000087
145.443000000000088
145.580000000000088
145.806000000000088
145.999000000000088
146.212000000000088
146.403000000000088
146.611000000000089
146.837000000000089
147.039000000000089
147.209000000000089
147.377000000000089
147.521000000000089
147.70400000000009
147.87000000000009
148.03600000000009
148.22600000000009
148.38900000000009
148.54000000000009
148.69200000000009
148.852000000000091
148.981000000000091
149.159000000000091
149.319000000000091
149.470000000000091
149.604000000000091
149.755000000000091
149.945000000000092
150.146000000000092
150.329000000000092
150.448000000000092
150.604000000000092
150.824000000000092
150.990000000000092
151.177000000000093
151.372000000000093
151.554000000000093
151.722000000000093
151.910000000000093
152.104000000000093
152.289000000000094
152.487000000000094
152.664000000000094
152.873000000000094
153.076000000000094
153.293000000000094
153.477000000000095
153.656000000000095
153.849000000000095
154.034000000000095
154.219000000000095
154.389000000000095
154.551000000000096
154.729000000000096
154.925000000000096
155.141000000000096
155.290000000000096
155.424000000000096
155.585000000000097
156.217000000000097
156.408000000000097
156.581000000000097
156.778000000000098
156.805000000000098
156.978000000000098
157.182000000000098
157.376000000000098
157.423000000000098
157.590000000000098
157.624000000000098
157.796000000000098
158.007000000000099
158.096000000000099
158.236000000000099
158.448000000000099
158.667000000000099
158.806000000000099
158.9990000000001
159.2160000000001
159.3970000000001
159.5860000000001
159.7550000000001
159.9590000000001
160.141000000000101
160.332000000000101
160.513000000000101
160.711000000000101
160.913000000000101
161.106000000000101
161.284000000000102
161.472000000000102
161.662000000000102
161.840000000000102
162.053000000000102
163.595000000000104
163.758000000000104
163.929000000000104
164.103000000000104
164.271000000000104
164.464000000000104
164.640000000000105
164.809000000000105
165.004000000000105
165.175000000000105
165.385000000000105
165.542000000000105
165.746000000000106
165.959000000000106
166.261000000000106
166.417000000000106
166.615000000000106
166.804000000000106
166.998000000000107
167.182000000000107
167.375000000000107
167.571000000000107
167.773000000000107
167.948000000000108
168.143000000000108
168.383000000000108
168.600000000000108
168.791000000000108
168.980000000000108
169.161000000000109
169.375000000000109
169.569000000000109
169.762000000000109
169.949000000000109
170.17200000000011
170.31100000000011
170.50300000000011
170.69500000000011
170.88400000000011
171.07300000000011
171.21500000000011
171.544000000000111
171.729000000000111
171.903000000000111
172.226000000000111
172.380000000000111
172.766000000000112
172.940000000000112
173.123000000000112
173.310000000000112
173.529000000000112
173.735000000000113
173.916000000000113
174.109000000000113
174.359000000000113
174.557000000000113
174.760000000000114
174.938000000000114
175.142000000000114
175.301000000000114
175.511000000000114
176.244000000000115
176.667000000000115
176.853000000000115
177.045000000000116
177.246000000000116
177.449000000000116
177.626000000000116
177.818000000000116
178.026000000000116
178.203000000000117
178.368000000000117
178.582000000000117
178.795000000000117
178.999000000000117
179.206000000000118
179.396000000000118
179.593000000000118
179.777000000000118
180.802000000000119
180.993000000000119
181.153000000000119
181.330000000000119
181.50600000000012
181.68800000000012
181.87400000000012
182.06600000000012
182.26000000000012
182.44800000000012
182.634000000000121
182.798000000000121
182.988000000000121
183.170000000000121
183.367000000000121
183.546000000000121
183.724000000000122
183.903000000000122
184.104000000000122
184.302000000000122
184.478000000000122
184.658000000000122
184.839000000000123
185.027000000000123
185.218000000000123
185.388000000000123
185.557000000000123
185.732000000000123
185.916000000000123
186.114000000000124
186.298000000000124
186.464000000000124
186.650000000000124
187.831000000000125
188.001000000000125
188.185000000000126
188.381000000000126
188.561000000000126
188.729000000000126
188.917000000000126
189.111000000000126
189.309000000000126
189.517000000000127
189.846000000000127
195.064000000000132
195.210000000000132
195.378000000000132
195.549000000000132
195.728000000000132
195.912000000000132
196.086000000000133
196.262000000000133
196.468000000000133
196.614000000000133
196.809000000000133
197.016000000000133
197.204000000000134
197.408000000000134
197.586000000000134
197.750000000000134
197.944000000000134
198.145000000000134
198.320000000000134
198.514000000000135
198.678000000000135
198.871000000000135
199.060000000000135
199.232000000000135
199.436000000000135
199.631000000000136
199.834000000000136
200.035000000000136
200.200000000000136
200.424000000000136
200.612000000000137
200.757000000000137
200.926000000000137
201.108000000000137
201.303000000000137
201.494000000000137
201.663000000000137
201.848000000000138
202.053000000000138
202.184000000000138
202.352000000000138
202.533000000000138
202.692000000000138
202.850000000000139
203.008000000000139
203.164000000000139
203.327000000000139
203.468000000000139
203.614000000000139
203.800000000000139
203.96600000000014
204.11300000000014
204.27000000000014
204.43500000000014
204.60800000000014
204.79200000000014
204.94100000000014
205.154000000000141
205.344000000000141
205.510000000000141
205.702000000000141
205.885000000000141
206.080000000000141
206.281000000000142
206.464000000000142
206.665000000000142
206.860000000000142
207.057000000000142
207.304000000000142
207.512000000000143
207.697000000000143
210.929000000000146
211.083000000000146
211.269000000000146
211.450000000000146
211.634000000000146
211.839000000000146
212.033000000000147
212.224000000000147
212.422000000000147
212.620000000000147
212.835000000000147
213.042000000000148
213.235000000000148
213.435000000000148
213.928000000000148
214.097000000000149
214.296000000000149
214.481000000000149
214.674000000000149
214.872000000000149
215.099000000000149
215.33400000000015
216.07800000000015
216.27000000000015
216.566000000000151
216.764000000000151
216.897000000000151
217.041000000000151
217.201000000000151
217.343000000000151
217.453000000000151
217.825000000000152
218.006000000000152
218.173000000000152
219.055000000000153
219.990000000000154
220.169000000000154
220.358000000000154
220.543000000000154
220.729000000000154
221.453000000000155
221.729000000000155
222.283000000000156
222.401000000000156
242.821000000000174
242.973000000000174
243.134000000000174
243.327000000000174
243.517000000000175
243.783000000000175
243.940000000000175
244.116000000000175
245.451000000000176
245.596000000000176
246.111000000000177
246.285000000000177
246.469000000000177
246.599000000000177
246.748000000000178
247.003000000000178
247.148000000000178
247.315000000000178
275.586000000000203
275.714000000000203
275.878000000000203
276.027000000000204
276.203000000000204
277.057000000000204
277.301000000000205
393.655000000000308
393.788000000000308
394.082000000000308
394.349000000000309
394.552000000000309
395.069000000000309
395.61100000000031
395.75200000000031
395.91200000000031
396.05800000000031
396.25300000000031
396.38500000000031
396.549000000000311
396.714000000000311
396.896000000000311
397.049000000000311
397.227000000000311
397.401000000000311
397.579000000000311
397.759000000000312
397.946000000000312
398.136000000000312
398.323000000000312
398.494000000000312
398.681000000000312
398.868000000000313
399.067000000000313
399.265000000000313
399.434000000000313
399.625000000000313
399.818000000000313
400.000000000000314
400.196000000000314
400.397000000000314
400.592000000000314
400.782000000000314
400.973000000000314
401.167000000000315
401.344000000000315
401.534000000000315
401.738000000000315
401.956000000000315
402.433000000000316
402.450000000000316
402.617000000000316
402.794000000000316
403.016000000000316
403.225000000000316
403.425000000000317
403.612000000000317
403.822000000000317
404.037000000000317
404.247000000000317
404.441000000000318
404.658000000000318
404.849000000000318
405.052000000000318
405.261000000000318
405.472000000000318
405.680000000000319
405.848000000000319
406.037000000000319
406.238000000000319
406.421000000000319
406.63700000000032
406.80100000000032
406.96600000000032
407.15300000000032
407.31900000000032
407.49400000000032
407.67200000000032
407.799000000000321
407.988000000000321
408.290000000000321
408.715000000000321
408.896000000000322
409.077000000000322
409.279000000000322
409.480000000000322
409.678000000000322
409.876000000000322
410.093000000000323
410.317000000000323
410.457000000000323
410.473000000000323
410.669000000000323
410.873000000000323
411.061000000000323
411.203000000000324
411.359000000000324
411.548000000000324
411.742000000000324
411.950000000000324
412.142000000000324
412.321000000000325
412.506000000000325
412.712000000000325
412.879000000000325
413.067000000000325
413.267000000000325
413.435000000000326
413.612000000000326
413.820000000000326
414.033000000000326
414.217000000000326
414.415000000000326
414.583000000000327
414.761000000000327
414.960000000000327
415.137000000000327
415.307000000000327
415.514000000000327
415.732000000000328
415.894000000000328
416.088000000000328
416.269000000000328
416.494000000000328
416.643000000000328
416.839000000000329
417.002000000000329
417.183000000000329
417.357000000000329
417.538000000000329
417.729000000000329
417.86800000000033
418.31500000000033
418.49700000000033
418.67300000000033
418.84700000000033
419.00100000000033
419.157000000000331
419.347000000000331
419.543000000000331
419.689000000000331
419.847000000000331
419.999000000000331
420.170000000000332
420.345000000000332
420.513000000000332
420.682000000000332
420.866000000000332
421.027000000000332
421.180000000000332
421.382000000000333
421.586000000000333
421.784000000000333
421.978000000000333
422.180000000000333
422.368000000000334
422.565000000000334
422.756000000000334
422.985000000000334
423.170000000000334
423.334000000000334
423.545000000000335
423.737000000000335
423.941000000000335
424.180000000000335
424.336000000000335
424.544000000000335
424.767000000000336
424.949000000000336
425.183000000000336
425.484000000000336
425.694000000000336
425.911000000000337
426.107000000000337
426.311000000000337
426.513000000000337
426.689000000000337
426.883000000000338
427.218000000000338
427.545000000000338
428.252000000000339
428.415000000000339
428.617000000000339
428.822000000000339
429.044000000000339
430.443000000000341
430.659000000000341
430.988000000000341
431.135000000000341
431.251000000000341
433.000000000000343
433.319000000000343
433.506000000000343
433.667000000000344
433.848000000000344
434.017000000000344
434.202000000000344
435.483000000000345
435.560000000000345
436.091000000000346
436.322000000000346
436.647000000000346
436.693000000000346
436.936000000000346
437.038000000000346
437.515000000000347
484.019000000000388
484.290000000000388
485.46700000000039
485.63300000000039
485.80200000000039
485.97800000000039
486.768000000000391
487.094000000000391
487.243000000000391
487.437000000000391
487.473000000000391
487.775000000000392
487.827000000000392
488.114000000000392
488.784000000000392
488.922000000000393
489.076000000000393
489.255000000000393
489.426000000000393
489.601000000000393
489.785000000000393
489.985000000000394
490.169000000000394
490.352000000000394
490.551000000000394
490.764000000000394
490.967000000000394
491.180000000000395
491.372000000000395
491.584000000000395
491.777000000000395
491.947000000000395
492.121000000000395
492.294000000000396
492.479000000000396
492.665000000000396
493.361000000000397
493.453000000000397
493.769000000000397
494.475000000000398
495.175000000000398
495.335000000000398
536.322000000000435
536.478000000000435
536.647000000000435
538.390000000000436
539.000000000000437
539.176000000000437
539.625000000000438
539.980000000000438
540.469000000000438
545.572000000000443
545.691000000000443
545.845000000000443
545.974000000000443
546.129000000000443
546.416000000000444
546.581000000000444
546.728000000000444
546.889000000000444
547.045000000000444
547.341000000000444
547.495000000000445
547.651000000000445
547.802000000000445
547.966000000000445
548.112000000000445
548.294000000000445
548.455000000000445
548.598000000000446
548.794000000000446
548.958000000000446
549.138000000000446
549.346000000000446
549.501000000000446
549.660000000000446
549.831000000000447
550.012000000000447
550.220000000000447
550.423000000000447
550.583000000000447
550.733000000000447
550.915000000000448
551.101000000000448
551.300000000000448
551.487000000000448
551.649000000000448
551.798000000000448
551.958000000000449
552.120000000000449
552.292000000000449
552.480000000000449
553.45400000000045
553.62700000000045
553.79800000000045
553.98500000000045
554.16600000000045
554.348000000000451
554.534000000000451
554.725000000000451
554.906000000000451
555.806000000000452
556.050000000000452
556.382000000000452
556.562000000000453
557.773000000000454
557.934000000000454
558.104000000000454
558.281000000000454
558.524000000000454
558.755000000000455
558.880000000000455
559.080000000000455
559.268000000000455
559.473000000000455
559.682000000000455
559.970000000000456
560.180000000000456
560.396000000000456
560.625000000000456
560.890000000000456
561.269000000000457
561.693000000000457
561.936000000000457
562.408000000000458
562.834000000000458
563.002000000000458
563.101000000000458
563.189000000000459
563.517000000000459
563.678000000000459
564.237000000000459
564.55400000000046
564.84300000000046
565.37700000000046
565.678000000000461
566.050000000000461
566.112000000000461
566.356000000000461
566.682000000000462
568.287000000000463
569.592000000000464
570.307000000000465
570.722000000000465
570.964000000000465
571.124000000000466
571.267000000000466
571.625000000000466
571.777000000000466
649.488000000000535
649.619000000000535
649.743000000000535
649.902000000000536
650.598000000000536
651.270000000000537
651.407000000000537
651.569000000000537
651.745000000000537
651.891000000000537
652.957000000000538
653.327000000000539
653.487000000000539
653.815000000000539
670.790000000000554
670.940000000000554
857.96500000000072
858.199000000000721
858.353000000000721
858.512000000000721
862.144000000000724
862.960000000000725
863.113000000000725
863.286000000000725
866.046000000000728
866.245000000000728
866.380000000000728
866.528000000000728
866.675000000000728
866.839000000000728
866.976000000000728
867.129000000000728
867.268000000000729
867.445000000000729
867.588000000000729
867.755000000000729
867.926000000000729
868.088000000000729
868.27000000000073
868.43300000000073
868.61600000000073
868.79700000000073
868.96200000000073
869.13500000000073
869.31100000000073
869.490000000000731
869.664000000000731
869.851000000000731
870.054000000000731
870.241000000000731
870.413000000000731
870.609000000000732
870.801000000000732
871.012000000000732
871.215000000000732
871.446000000000732
871.646000000000732
871.843000000000733
872.051000000000733
872.247000000000733
872.691000000000733
873.016000000000734
873.197000000000734
873.376000000000734
873.568000000000734
873.767000000000734
874.147000000000735
874.322000000000735
874.504000000000735
874.687000000000735
874.880000000000735
875.102000000000736
875.287000000000736
875.422000000000736
875.813000000000736
875.906000000000736
876.181000000000736
876.308000000000737
876.611000000000737
879.003000000000739
879.470000000000739
879.85300000000074
880.933000000000741
886.058000000000745
886.192000000000745
886.483000000000746
887.269000000000746
887.651000000000747
888.165000000000747
888.334000000000747
888.514000000000747
888.862000000000748
889.003000000000748
2240.40199999998059
2240.69299999998056
2240.85399999998054
2241.03999999998052
2241.2119999999805
2241.38399999998048
2241.54299999998046
2241.69299999998044
2241.87099999998043
2242.03099999998041
2242.18099999998039
2242.33699999998037
2242.50799999998036
2242.66999999998034
2242.85799999998032
2242.9869999999803
2243.16499999998028
2243.32299999998027
2243.49399999998025
2243.66299999998023
2243.82099999998021
2244.00399999998019
2244.16299999998017
2244.32199999998016
2244.50499999998014
2244.66999999998012
2244.8379999999801
2245.01199999998008
2245.14799999998006
2245.29799999998005
2245.48999999998003
2245.65999999998001
2245.82799999997999
2245.99899999997997
2246.16199999997995
2246.34099999997993
2246.52999999997991
2246.71299999997989
2246.88899999997987
2247.05299999997985
2247.24999999997983
2247.44199999997981
2247.62599999997979
2247.80099999997977
2247.98699999997975
2248.17799999997973
2248.36499999997971
2248.55699999997969
2248.74299999997967
2248.93599999997965
2249.12199999997963
2249.3309999999796
2249.51999999997958
2249.71299999997956
2249.90399999997954
2250.13699999997952
2250.33399999997949
2250.50699999997947
2250.67299999997946
2250.80899999997944
2251.01199999997942
2251.2069999999794
2251.38999999997938
2251.58999999997936
2251.76399999997934
2251.91699999997932
2252.0839999999793
2252.24499999997928
2252.59699999997924
2253.0039999999792
2253.17399999997918
2253.35599999997916
2253.54899999997914
2254.06599999997908
2254.24999999997906
2254.42299999997904
2254.59499999997902
2255.41799999997893
2255.60399999997891
2255.91599999997888
2257.02099999997876
2257.20399999997874
2257.37999999997872
2257.83399999997867
2258.32499999997861
2258.49399999997859
2258.68599999997857
2258.88099999997855
2259.05199999997853
2266.71299999997769
2266.86999999997767
2267.4999999999776
2267.66099999997758
2267.83199999997757
2268.79699999997746
2268.96399999997744
2270.15199999997731
2270.56799999997726
2270.66799999997725
2270.78799999997724
2271.28899999997719
2272.0539999999771
2272.49499999997705
2273.50699999997694
2273.67599999997692
2275.03999999997677
2285.63399999997561
2285.81399999997559
2285.99299999997557
2291.45199999997496
2291.61699999997495
2291.77599999997493
2291.95499999997491
3244.70599999986998
3244.87599999986996
3245.04299999986994
3246.2979999998698
3246.47499999986978
3247.02899999986972
3247.68199999986965
3248.26299999986959
564
-3
3.28700000000000006
3.36900000000000006
3.49300000000000006
3.62900000000000006
3.77500000000000007
3.91000000000000007
4.04600000000000007
4.17300000000000007
4.31900000000000008
4.45200000000000008
4.59200000000000008
4.74200000000000009
58.3110000000000101
58.4190000000000102
58.5750000000000104
58.7170000000000105
58.8540000000000106
59.0010000000000108
60.435000000000012
60.5520000000000121
60.6660000000000122
60.7900000000000123
60.9300000000000125
61.0760000000000126
61.2110000000000127
62.2840000000000137
62.4220000000000138
62.5910000000000139
62.7380000000000141
62.8780000000000142
63.0280000000000143
254.111000000000184
335.303000000000256
335.444000000000256
335.558000000000256
335.688000000000256
336.291000000000257
336.751000000000257
336.879000000000258
336.993000000000258
337.118000000000258
337.254000000000258
337.498000000000258
337.635000000000258
337.911000000000258
338.038000000000259
339.28800000000026
339.41100000000026
339.48200000000026
339.56600000000026
339.69900000000026
339.83400000000026
339.95300000000026
340.09400000000026
340.234000000000261
340.738000000000261
340.880000000000261
341.025000000000261
341.148000000000261
341.274000000000261
341.403000000000262
341.557000000000262
341.850000000000262
342.119000000000262
342.409000000000262
342.671000000000263
342.791000000000263
342.912000000000263
343.070000000000263
343.231000000000263
343.404000000000263
343.542000000000263
343.679000000000264
343.825000000000264
343.973000000000264
344.121000000000264
344.258000000000264
345.778000000000265
345.854000000000266
345.944000000000266
347.630000000000267
347.751000000000267
347.909000000000267
348.033000000000267
348.183000000000268
348.328000000000268
357.554000000000276
358.082000000000276
358.208000000000276
358.919000000000277
359.277000000000277
359.763000000000278
360.460000000000278
360.610000000000279
360.749000000000279
360.884000000000279
361.031000000000279
361.175000000000279
361.319000000000279
361.466000000000279
361.62000000000028
361.77900000000028
361.92300000000028
362.05600000000028
362.18900000000028
362.35400000000028
362.50000000000028
362.63700000000028
362.766000000000281
362.899000000000281
363.978000000000282
364.333000000000282
364.453000000000282
364.899000000000282
365.007000000000283
365.964000000000283
366.128000000000284
366.736000000000284
366.892000000000284
367.041000000000284
367.207000000000284
367.361000000000285
367.483000000000285
368.662000000000286
368.848000000000286
368.987000000000286
369.144000000000286
370.486000000000287
370.642000000000288
370.770000000000288
370.913000000000288
371.049000000000288
371.188000000000288
371.341000000000288
371.478000000000288
371.621000000000288
371.739000000000289
371.922000000000289
373.84500000000029
374.483000000000291
375.643000000000292
377.072000000000293
377.355000000000294
377.493000000000294
377.625000000000294
377.766000000000294
377.898000000000294
378.047000000000294
378.157000000000294
586.322000000000479
586.429000000000479
586.561000000000479
586.681000000000479
587.82100000000048
587.92200000000048
588.062000000000481
588.182000000000481
588.306000000000481
588.427000000000481
588.554000000000481
588.688000000000481
588.822000000000481
588.940000000000481
589.072000000000482
589.204000000000482
589.322000000000482
589.451000000000482
589.603000000000482
589.747000000000482
589.875000000000482
590.002000000000482
592.292000000000484
592.592000000000485
592.729000000000485
592.865000000000485
593.003000000000485
593.133000000000485
593.269000000000485
593.399000000000485
593.636000000000486
593.776000000000486
593.916000000000486
594.055000000000486
594.200000000000486
594.349000000000486
594.486000000000486
594.626000000000486
594.759000000000487
594.901000000000487
595.196000000000487
712.069000000000591
712.206000000000591
712.315000000000591
712.551000000000591
712.670000000000591
712.789000000000591
712.918000000000592
713.052000000000592
714.627000000000593
714.712000000000593
715.022000000000593
715.338000000000594
715.532000000000594
716.154000000000594
716.262000000000594
716.404000000000595
716.531000000000595
716.655000000000595
716.797000000000595
716.904000000000595
717.048000000000595
717.172000000000595
717.300000000000595
717.421000000000596
717.541000000000596
717.677000000000596
717.803000000000596
717.940000000000596
718.075000000000596
718.208000000000596
718.338000000000596
718.496000000000596
718.652000000000597
718.822000000000597
718.951000000000597
719.093000000000597
719.221000000000597
719.394000000000597
719.539000000000597
719.679000000000598
719.856000000000598
720.008000000000598
721.242000000000599
721.388000000000599
721.537000000000599
721.686000000000599
721.826000000000599
722.0010000000006
722.1480000000006
722.2860000000006
722.4280000000006
722.5610000000006
722.7150000000006
722.8420000000006
722.9760000000006
723.155000000000601
723.293000000000601
723.467000000000601
723.553000000000601
723.637000000000601
723.775000000000601
723.936000000000601
724.082000000000601
724.881000000000602
725.052000000000602
725.202000000000602
725.297000000000602
725.379000000000603
725.514000000000603
725.655000000000603
725.831000000000603
725.979000000000603
726.145000000000603
726.291000000000603
726.462000000000604
726.601000000000604
726.740000000000604
726.924000000000604
727.070000000000604
727.135000000000604
727.232000000000604
727.401000000000604
727.568000000000604
727.695000000000605
727.861000000000605
728.030000000000605
728.182000000000605
728.343000000000605
728.534000000000605
728.614000000000605
728.702000000000606
728.854000000000606
729.014000000000606
729.097000000000606
729.182000000000606
729.324000000000606
729.483000000000606
729.651000000000606
729.856000000000607
729.989000000000607
730.121000000000607
730.301000000000607
730.477000000000607
731.022000000000608
731.152000000000608
731.242000000000608
731.364000000000608
731.494000000000608
731.638000000000608
731.804000000000608
731.871000000000608
731.961000000000608
732.130000000000609
732.193000000000609
732.299000000000609
732.370000000000609
732.465000000000609
732.603000000000609
732.786000000000609
732.959000000000609
733.12800000000061
735.423000000000612
735.553000000000612
735.727000000000612
735.792000000000612
735.896000000000612
736.027000000000612
736.187000000000612
736.361000000000612
736.447000000000612
736.549000000000612
736.687000000000613
736.773000000000613
736.857000000000613
736.903000000000613
737.002000000000613
737.075000000000613
737.162000000000613
737.319000000000613
737.473000000000613
737.655000000000614
737.790000000000614
737.874000000000614
737.957000000000614
738.048000000000614
738.148000000000614
738.285000000000614
738.437000000000614
738.628000000000614
740.001000000000616
740.135000000000616
740.312000000000616
740.480000000000616
740.632000000000616
740.809000000000616
740.890000000000616
740.999000000000616
742.892000000000618
743.025000000000618
743.182000000000618
743.355000000000619
743.525000000000619
743.690000000000619
743.862000000000619
744.034000000000619
744.107000000000619
744.215000000000619
744.346000000000619
744.52300000000062
744.67400000000062
744.76000000000062
744.83300000000062
745.00100000000062
745.14300000000062
745.577000000000621
745.705000000000621
745.854000000000621
746.002000000000621
746.156000000000621
746.329000000000621
746.495000000000621
746.670000000000622
746.849000000000622
747.016000000000622
749.046000000000624
749.179000000000624
749.335000000000624
749.509000000000624
749.648000000000624
749.820000000000624
749.992000000000624
750.166000000000625
750.339000000000625
750.509000000000625
750.646000000000625
751.564000000000626
751.691000000000626
751.789000000000626
751.888000000000626
752.026000000000626
752.174000000000626
752.332000000000626
752.479000000000627
752.637000000000627
752.817000000000627
752.985000000000627
753.131000000000627
753.275000000000627
753.409000000000627
755.005000000000629
755.144000000000629
755.296000000000629
755.467000000000629
755.629000000000629
755.78400000000063
755.95300000000063
756.12100000000063
756.27800000000063
756.42800000000063
757.716000000000631
757.856000000000631
757.995000000000632
758.111000000000632
758.686000000000632
758.826000000000632
758.973000000000632
759.839000000000633
760.230000000000634
772.532000000000644
2165.27099999998886
2165.42099999998885
2166.14999999998876
2166.27999999998875
2166.66099999998871
2167.87999999998857
2168.14299999998855
2168.41099999998852
2168.5739999999885
2170.65499999998827
2172.63699999998805
2174.46599999998785
2174.54299999998784
2175.60499999998772
2175.73499999998771
2175.89299999998769
2176.06699999998767
2176.20199999998766
2176.35599999998764
2176.49199999998763
2176.63299999998761
2176.77899999998759
2176.94199999998758
2177.09699999998756
2177.23599999998754
2177.41899999998752
2178.15299999998744
2178.29199999998743
2178.46599999998741
2178.64299999998739
2178.81699999998737
2178.97199999998735
2179.14999999998733
2179.28699999998732
2179.4779999999873
2179.64399999998728
2179.78599999998726
2179.96699999998724
2180.10499999998723
2180.25799999998721
2180.43199999998719
2180.59399999998717
2180.76799999998715
2180.91099999998714
2181.07799999998712
2181.2469999999871
2181.40599999998708
2181.57999999998707
2181.74399999998705
2181.92999999998703
2182.06999999998701
2182.220999999987
2182.40199999998698
2182.58799999998695
2182.75099999998694
2182.92899999998692
2183.0969999999869
2183.25099999998688
2183.41099999998686
2185.40899999998664
2185.55699999998663
2185.72699999998661
2185.88399999998659
2186.04699999998657
2186.21899999998655
2186.38699999998654
2186.55099999998652
2186.7299999999865
2186.89499999998648
2187.05799999998646
2187.23199999998644
2187.38699999998643
2187.56299999998641
2188.87899999998626
2189.00799999998625
2189.16999999998623
2189.33599999998621
2189.4729999999862
2189.65099999998618
2189.82099999998616
2189.98599999998614
2190.15699999998612
2190.3179999999861
2190.46499999998609
2190.65399999998607
2190.81499999998605
2190.96199999998603
2195.03399999998558
2195.16599999998557
2195.32099999998555
2195.47999999998553
2195.63399999998552
2195.8059999999855
2195.97599999998548
2196.14499999998546
2196.31199999998544
2196.48399999998542
2196.65099999998541
2196.81599999998539
2196.98799999998537
2197.15799999998535
2197.32599999998533
2197.50899999998531
2197.67599999998529
2197.82699999998528
2198.00999999998526
2198.15099999998524
2198.33199999998522
2198.5079999999852
2198.67299999998518
2198.84899999998516
2198.99199999998515
2199.17899999998513
2199.34399999998511
2199.52799999998509
2199.69699999998507
2199.87799999998505
2200.04299999998503
2200.21999999998501
2209.25699999998402
2209.381999999984
2209.53199999998399
2209.67199999998397
2209.81199999998396
2209.96999999998394
2210.11999999998392
2210.27199999998391
2210.42599999998389
2210.59199999998387
2210.72999999998386
2210.89299999998384
2211.07099999998382
2211.2269999999838
2211.37399999998378
2211.52799999998377
2211.66099999998375
2211.79099999998374
2211.97099999998372
2212.1349999999837
2212.30399999998368
2212.46999999998366
2212.63999999998364
2212.80399999998363
2212.94499999998361
2213.17899999998359
-4
3.30300000000000006
3.43500000000000006
3.55800000000000006
3.70300000000000006
3.84600000000000007
3.97600000000000007
4.10700000000000007
4.24900000000000008
4.39700000000000008
4.57200000000000008
4.69200000000000008
4.82400000000000009
58.3470000000000102
58.5030000000000103
58.7060000000000105
58.7910000000000106
58.9370000000000107
59.0480000000000108
60.4740000000000121
60.5850000000000122
60.7090000000000123
60.8460000000000124
60.9940000000000125
61.1220000000000126
61.2400000000000127
62.3470000000000137
62.5000000000000139
62.646000000000014
62.7880000000000141
62.9310000000000142
63.0630000000000144
254.204000000000184
335.373000000000256
335.481000000000256
335.603000000000256
335.722000000000257
336.332000000000257
336.784000000000257
336.906000000000258
337.031000000000258
337.170000000000258
337.294000000000258
337.545000000000258
337.679000000000258
337.948000000000258
338.092000000000259
339.32500000000026
339.47400000000026
339.53800000000026
339.61800000000026
339.75000000000026
339.86900000000026
340.00800000000026
340.14200000000026
340.258000000000261
340.794000000000261
340.936000000000261
341.059000000000261
341.185000000000261
341.320000000000262
341.481000000000262
341.606000000000262
341.914000000000262
342.154000000000262
342.458000000000262
342.697000000000263
342.826000000000263
342.983000000000263
343.156000000000263
343.300000000000263
343.468000000000263
343.614000000000264
343.746000000000264
343.887000000000264
344.030000000000264
344.165000000000264
344.295000000000264
345.842000000000266
345.902000000000266
345.986000000000266
347.676000000000267
347.816000000000267
347.950000000000267
348.092000000000268
348.234000000000268
348.378000000000268
357.679000000000276
358.127000000000276
358.255000000000277
359.268000000000277
359.474000000000278
359.812000000000278
360.532000000000279
360.664000000000279
360.801000000000279
360.948000000000279
361.091000000000279
361.239000000000279
361.385000000000279
361.535000000000279
361.68800000000028
361.82800000000028
361.96700000000028
362.10400000000028
362.27200000000028
362.40400000000028
362.56100000000028
362.68000000000028
362.807000000000281
362.932000000000281
364.006000000000282
364.388000000000282
364.805000000000282
364.957000000000282
365.874000000000283
366.084000000000284
366.581000000000284
366.800000000000284
366.957000000000284
367.122000000000284
367.267000000000285
367.379000000000285
367.519000000000285
368.720000000000286
368.871000000000286
369.119000000000286
369.912000000000287
370.542000000000287
370.687000000000288
370.828000000000288
370.964000000000288
371.100000000000288
371.252000000000288
371.387000000000288
371.511000000000288
371.652000000000288
371.829000000000289
371.963000000000289
374.439000000000291
375.544000000000292
375.676000000000292
377.102000000000293
377.415000000000294
377.554000000000294
377.685000000000294
377.813000000000294
377.949000000000294
378.070000000000294
378.198000000000294
586.368000000000479
586.482000000000479
586.601000000000479
586.707000000000479
587.84300000000048
587.979000000000481
588.103000000000481
588.224000000000481
588.342000000000481
588.469000000000481
588.604000000000481
588.736000000000481
588.853000000000481
588.988000000000481
589.119000000000482
589.235000000000482
589.367000000000482
589.524000000000482
589.653000000000482
589.794000000000482
589.918000000000482
590.046000000000482
592.512000000000485
592.638000000000485
592.779000000000485
592.913000000000485
593.046000000000485
593.183000000000485
593.313000000000485
593.423000000000485
593.696000000000486
593.832000000000486
593.970000000000486
594.117000000000486
594.260000000000486
594.393000000000486
594.542000000000486
594.674000000000486
594.806000000000487
594.923000000000487
595.223000000000487
712.143000000000591
712.231000000000591
712.341000000000591
712.583000000000591
712.701000000000591
712.835000000000591
712.955000000000592
713.074000000000592
714.699000000000593
714.788000000000593
715.242000000000594
715.450000000000594
715.650000000000594
716.182000000000594
716.321000000000595
716.449000000000595
716.569000000000595
716.701000000000595
716.816000000000595
716.972000000000595
717.091000000000595
717.219000000000595
717.335000000000595
717.461000000000596
717.598000000000596
717.716000000000596
717.846000000000596
717.994000000000596
718.118000000000596
718.246000000000596
718.410000000000596
718.540000000000596
718.719000000000597
718.864000000000597
718.998000000000597
719.134000000000597
719.307000000000597
719.448000000000597
719.599000000000597
719.763000000000598
719.924000000000598
720.038000000000598
721.303000000000599
721.439000000000599
721.589000000000599
721.740000000000599
721.9110000000006
722.0520000000006
722.1790000000006
722.3410000000006
722.4750000000006
722.6280000000006
722.7550000000006
722.8900000000006
723.071000000000601
723.203000000000601
723.376000000000601
723.546000000000601
723.590000000000601
723.684000000000601
723.843000000000601
724.005000000000601
724.106000000000601
724.957000000000602
725.104000000000602
725.272000000000602
725.323000000000603
725.417000000000603
725.562000000000603
725.736000000000603
725.880000000000603
726.048000000000603
726.192000000000603
726.371000000000603
726.506000000000604
726.647000000000604
726.830000000000604
726.974000000000604
727.124000000000604
727.161000000000604
727.300000000000604
727.474000000000604
727.599000000000605
727.775000000000605
727.949000000000605
728.097000000000605
728.248000000000605
728.440000000000605
728.607000000000605
728.635000000000605
728.751000000000606
728.946000000000606
729.090000000000606
729.113000000000606
729.227000000000606
729.388000000000606
729.555000000000606
729.749000000000606
729.893000000000607
730.028000000000607
730.215000000000607
730.386000000000607
730.521000000000607
731.062000000000608
731.235000000000608
731.324000000000608
731.426000000000608
731.577000000000608
731.711000000000608
731.866000000000608
731.894000000000608
732.032000000000608
732.189000000000609
732.245000000000609
732.361000000000609
732.390000000000609
732.500000000000609
732.691000000000609
732.872000000000609
733.084000000000609
733.17800000000061
735.470000000000612
735.627000000000612
735.783000000000612
735.834000000000612
735.931000000000612
736.090000000000612
736.264000000000612
736.443000000000612
736.500000000000612
736.596000000000613
736.760000000000613
736.780000000000613
736.901000000000613
736.922000000000613
737.064000000000613
737.109000000000613
737.226000000000613
737.380000000000613
737.567000000000613
737.715000000000614
737.866000000000614
737.895000000000614
738.042000000000614
738.072000000000614
738.218000000000614
738.346000000000614
738.537000000000614
738.667000000000614
740.057000000000616
740.218000000000616
740.372000000000616
740.536000000000616
740.709000000000616
740.868000000000616
740.914000000000616
741.033000000000616
742.942000000000618
743.097000000000618
743.265000000000618
743.435000000000619
743.605000000000619
743.776000000000619
743.937000000000619
744.095000000000619
744.154000000000619
744.257000000000619
744.42400000000062
744.59200000000062
744.73800000000062
744.77200000000062
744.91600000000062
745.06300000000062
745.28500000000062
745.635000000000621
745.814000000000621
745.924000000000621
746.077000000000621
746.237000000000621
746.414000000000621
746.584000000000621
746.778000000000622
746.963000000000622
747.110000000000622
749.097000000000624
749.249000000000624
749.408000000000624
749.558000000000624
749.727000000000624
749.897000000000624
750.066000000000624
750.250000000000625
750.417000000000625
750.580000000000625
750.700000000000625
751.612000000000626
751.766000000000626
751.849000000000626
751.928000000000626
752.080000000000626
752.237000000000626
752.417000000000627
752.545000000000627
752.723000000000627
752.923000000000627
753.073000000000627
753.213000000000627
753.339000000000627
753.463000000000628
755.068000000000629
755.194000000000629
755.370000000000629
755.531000000000629
755.68600000000063
755.84500000000063
756.02300000000063
756.18300000000063
756.33400000000063
756.47400000000063
757.816000000000631
757.912000000000631
758.059000000000632
758.620000000000632
758.732000000000632
758.886000000000632
759.002000000000632
759.911000000000633
762.046000000000635
772.565000000000644
2165.30399999998886
2165.46999999998884
2166.17999999998876
2166.32299999998875
2166.69099999998871
2167.91899999998857
2168.19299999998854
2168.46799999998851
2168.5959999999885
2170.74099999998826
2172.71199999998804
2174.52199999998784
2174.60599999998783
2175.64499999998772
2175.8069999999877
2175.96899999998768
2176.11499999998767
2176.26299999998765
2176.38099999998764
2176.53199999998762
2176.67899999998761
2176.86099999998759
2177.00099999998757
2177.14399999998755
2177.33399999998753
2177.49299999998752
2178.19399999998744
2178.37399999998742
2178.5489999999874
2178.72499999998738
2178.87499999998736
2179.03699999998735
2179.19799999998733
2179.37699999998731
2179.54699999998729
2179.71999999998727
2179.86799999998725
2180.02099999998724
2180.17999999998722
2180.3399999999872
2180.48499999998719
2180.67099999998717
2180.81299999998715
2181.01099999998713
2181.17499999998711
2181.32199999998709
2181.49499999998707
2181.65499999998706
2181.82999999998704
2181.95399999998702
2182.137999999987
2182.34099999998698
2182.48799999998697
2182.68699999998694
2182.82599999998693
2183.00099999998691
2183.15899999998689
2183.32899999998687
2183.46999999998686
2185.47199999998664
2185.63099999998662
2185.7889999999866
2185.94799999998658
2186.12199999998657
2186.28999999998655
2186.45799999998653
2186.63799999998651
2186.81299999998649
2186.96699999998647
2187.13499999998645
2187.26899999998644
2187.49399999998641
2187.6319999999864
2188.94099999998626
2189.07699999998624
2189.23199999998622
2189.38099999998621
2189.55699999998619
2189.72799999998617
2189.89299999998615
2190.06499999998613
2190.21899999998611
2190.3679999999861
2190.55999999998608
2190.72799999998606
2190.86399999998604
2191.04399999998602
2195.08699999998558
2195.23799999998556
2195.39299999998554
2195.54499999998553
2195.71399999998551
2195.88799999998549
2196.06399999998547
2196.21999999998545
2196.39599999998543
2196.56099999998542
2196.7289999999854
2196.89899999998538
2197.07499999998536
2197.23399999998534
2197.41499999998532
2197.5819999999853
2197.74099999998529
2197.92399999998527
2198.07399999998525
2198.26099999998523
2198.41499999998521
2198.57799999998519
2198.75699999998517
2198.89899999998516
2199.09299999998514
2199.24899999998512
2199.4419999999851
2199.58899999998508
2199.77999999998506
2199.94699999998504
2200.12499999998502
2200.26399999998501
2209.30399999998401
2209.441999999984
2209.57599999998398
2209.72399999998397
2209.87699999998395
2210.02399999998393
2210.17999999998392
2210.3419999999839
2210.50199999998388
2210.63699999998387
2210.80599999998385
2210.97399999998383
2211.14499999998381
2211.29799999998379
2211.44599999998378
2211.58699999998376
2211.71199999998375
2211.87899999998373
2212.04499999998371
2212.22099999998369
2212.38899999998367
2212.54599999998366
2212.71399999998364
2212.85499999998362
2213.0269999999836
2213.19299999998358
0
0
0
0
0
0
0
0
0
0
0
0
0
3600.00099999983085
0
0
0
0
0
0
