10
11
18
10
11
18
IPP2.14
saccDay3
0
2
9
55
45
10
59
15
22
4
.3
1
233
233
1
490
490
1
1
1
1
1
1
1
1
1
1
1
1
1
1
1
1
1
1
1
1
232
-1
19.9959999999999969
103.7660000000000505
104.5130000000000512
104.8810000000000515
104.9310000000000516
104.9670000000000516
161.466000000000102
161.663000000000102
161.741000000000102
161.817000000000102
162.766000000000103
163.336000000000103
163.508000000000104
307.955000000000232
308.268000000000232
308.370000000000232
309.168000000000233
340.899000000000261
343.074000000000263
343.453000000000263
343.584000000000264
343.726000000000264
343.848000000000264
344.425000000000264
344.556000000000264
344.692000000000264
344.805000000000265
344.937000000000265
345.066000000000265
345.192000000000265
345.953000000000266
346.099000000000266
346.239000000000266
346.351000000000266
346.490000000000266
346.629000000000266
347.532000000000267
347.891000000000267
347.986000000000267
361.75200000000028
362.74300000000028
363.324000000000281
363.470000000000281
363.725000000000281
364.635000000000282
365.642000000000283
366.108000000000284
366.464000000000284
367.357000000000285
369.446000000000286
369.641000000000287
369.938000000000287
370.056000000000287
370.204000000000287
542.38100000000044
542.50100000000044
542.67300000000044
611.019000000000501
611.051000000000501
611.402000000000501
776.269000000000648
776.677000000000648
777.074000000000648
777.598000000000649
777.844000000000649
778.15500000000065
778.53800000000065
780.372000000000651
781.309000000000652
781.711000000000653
781.796000000000653
782.000000000000653
782.131000000000653
782.264000000000653
782.399000000000653
782.531000000000653
782.669000000000653
782.790000000000654
782.930000000000654
783.057000000000654
783.187000000000654
783.700000000000654
783.846000000000654
784.450000000000655
784.600000000000655
784.736000000000655
784.875000000000655
785.030000000000656
786.023000000000656
786.165000000000657
786.312000000000657
786.448000000000657
786.934000000000657
787.093000000000657
787.246000000000658
787.369000000000658
787.502000000000658
787.650000000000658
788.078000000000658
791.435000000000661
792.126000000000662
793.806000000000663
795.081000000000664
825.208000000000691
825.492000000000692
825.684000000000692
825.848000000000692
827.120000000000693
827.554000000000693
903.493000000000761
903.805000000000761
903.942000000000761
904.241000000000761
904.453000000000762
904.618000000000762
1076.42900000000091
1076.44400000000091
1076.59200000000091
1076.92500000000091
1268.65000000000109
1268.85900000000109
1269.48000000000109
1272.72200000000109
1272.83200000000109
1273.06500000000109
1273.18800000000109
1273.39200000000109
1273.74200000000109
1273.85800000000109
1274.37100000000109
1276.11500000000109
1293.65400000000111
1692.80300000000146
1692.93000000000146
1693.13200000000146
1693.28200000000146
1693.42400000000146
1693.61900000000146
1693.79500000000146
1694.07500000000146
1694.23900000000146
1996.09800000000173
2139.86699999999166
2140.77199999999156
2141.3449999999915
2161.65999999998926
2161.90699999998923
2161.93999999998923
2161.98099999998922
2162.97999999998911
2166.60999999998871
2166.89999999998868
2168.84999999998847
2242.62799999998034
2504.09999999995154
2504.24699999995153
2505.33799999995141
2508.83899999995102
2508.85899999995102
2508.87799999995102
2508.89699999995102
2509.19499999995098
2509.21499999995098
2509.23499999995098
2509.33899999995097
2509.39799999995096
2509.41799999995096
2509.43599999995096
2509.45799999995096
2509.53799999995095
2509.55599999995094
2509.57599999995094
2509.59599999995094
2509.61599999995094
2509.63599999995094
2509.65499999995093
2509.67499999995093
2509.69499999995093
2509.71499999995093
2509.73499999995092
2509.75499999995092
2509.77499999995092
2509.79499999995092
2509.81599999995092
2509.83599999995091
2509.85599999995091
2509.87599999995091
2509.89599999995091
2509.9149999999509
2509.9579999999509
2509.9769999999509
2509.9979999999509
2510.09799999995088
2510.15699999995088
2510.17699999995088
2510.19699999995087
2510.21699999995087
2510.23699999995087
2510.25699999995087
2510.27599999995086
2510.29699999995086
2510.31499999995086
2510.33499999995086
2510.35499999995086
2510.37499999995085
2510.39499999995085
2510.41499999995085
2510.43399999995085
2510.45499999995085
2510.47699999995084
2510.49699999995084
2510.59699999995083
3511.39499999984061
3511.60099999984058
3511.61899999984058
3511.77599999984057
3512.54499999984048
3512.90299999984044
3516.60799999984003
3516.68999999984002
3517.17199999983997
3517.26899999983996
3517.41199999983994
3517.76099999983991
3517.8219999998399
3527.8119999998388
3528.16299999983876
3529.80299999983858
3529.96399999983856
3536.8949999998378
3537.03699999983778
3540.71299999983738
-2
20.0439999999999969
104.0350000000000508
104.7710000000000514
104.9290000000000516
104.9590000000000516
105.1090000000000517
161.496000000000102
161.683000000000102
161.781000000000102
162.221000000000102
162.817000000000103
163.470000000000104
163.819000000000104
307.999000000000232
308.362000000000232
308.402000000000232
309.192000000000233
340.929000000000261
343.128000000000263
343.500000000000263
343.629000000000264
343.770000000000264
343.910000000000264
344.486000000000264
344.614000000000264
344.740000000000265
344.862000000000265
344.989000000000265
345.120000000000265
345.247000000000265
346.010000000000266
346.148000000000266
346.268000000000266
346.410000000000266
346.542000000000266
346.651000000000266
347.599000000000267
347.912000000000267
348.018000000000267
361.81600000000028
362.887000000000281
363.401000000000281
363.681000000000281
364.463000000000282
365.391000000000283
365.824000000000283
366.337000000000284
367.292000000000285
367.449000000000285
369.484000000000286
369.672000000000287
369.959000000000287
370.097000000000287
370.237000000000287
542.40400000000044
542.51900000000044
542.69800000000044
611.035000000000501
611.135000000000501
611.510000000000501
776.310000000000648
776.715000000000648
777.234000000000649
777.650000000000649
778.077000000000649
778.23600000000065
780.337000000000651
781.190000000000652
781.628000000000653
781.795000000000653
781.836000000000653
782.046000000000653
782.189000000000653
782.324000000000653
782.462000000000653
782.594000000000653
782.726000000000654
782.853000000000654
782.980000000000654
783.107000000000654
783.240000000000654
783.765000000000654
783.900000000000655
784.509000000000655
784.650000000000655
784.778000000000655
784.947000000000656
785.067000000000656
786.083000000000656
786.231000000000657
786.364000000000657
786.471000000000657
787.003000000000657
787.151000000000657
787.272000000000658
787.404000000000658
787.551000000000658
787.685000000000658
791.393000000000661
791.504000000000661
792.582000000000662
793.978000000000664
795.349000000000665
825.268000000000691
825.541000000000692
825.800000000000692
826.918000000000693
827.173000000000693
827.729000000000693
903.577000000000761
903.851000000000761
904.020000000000761
904.362000000000762
904.469000000000762
904.978000000000762
1076.43800000000091
1076.52300000000091
1076.81000000000091
1077.09100000000091
1268.76200000000109
1269.07400000000109
1270.75600000000109
1272.79200000000109
1273.00500000000109
1273.15400000000109
1273.26100000000109
1273.64500000000109
1273.78400000000109
1274.15900000000109
1275.99900000000109
1276.88800000000109
1293.79700000000111
1692.85300000000146
1692.96400000000146
1693.17900000000146
1693.31800000000146
1693.53800000000146
1693.69100000000146
1693.89800000000146
1694.20600000000146
1694.89400000000146
1996.13900000000173
2139.91499999999165
2140.82499999999155
2141.37699999999149
2161.69299999998926
2161.93199999998923
2161.97799999998922
2161.98899999998922
2165.90599999998879
2166.64399999998871
2168.32199999998853
2169.14899999998843
2242.83999999998032
2504.11599999995154
2504.37199999995152
2505.34699999995141
2508.84499999995102
2508.86499999995102
2508.88499999995102
2509.19199999995098
2509.20899999995098
2509.23199999995098
2509.30999999995097
2509.34599999995097
2509.40499999995096
2509.42499999995096
2509.44499999995096
2509.46399999995095
2509.54499999995095
2509.56699999995094
2509.58499999995094
2509.60499999995094
2509.62499999995094
2509.64599999995093
2509.66599999995093
2509.68599999995093
2509.70699999995093
2509.72899999995093
2509.74699999995092
2509.76799999995092
2509.78699999995092
2509.80499999995092
2509.82399999995091
2509.84499999995091
2509.86499999995091
2509.88499999995091
2509.90499999995091
2509.9249999999509
2509.9639999999509
2509.9839999999509
2510.00399999995089
2510.10399999995088
2510.16399999995088
2510.18399999995088
2510.20399999995087
2510.22399999995087
2510.24399999995087
2510.26399999995087
2510.28399999995086
2510.30399999995086
2510.32399999995086
2510.34399999995086
2510.36399999995086
2510.38399999995085
2510.40499999995085
2510.42499999995085
2510.44499999995085
2510.46399999995084
2510.48299999995084
2510.50299999995084
2510.60299999995083
3511.54099999984059
3511.60399999984058
3511.72899999984057
3511.89099999984055
3512.76499999984046
3513.70999999984035
3516.66799999984003
3516.72599999984002
3517.23599999983996
3517.30499999983996
3517.74099999983991
3517.7739999998399
3520.08799999983965
3528.10699999983877
3529.6639999998386
3529.94399999983856
3535.92799999983791
3536.94999999983779
3540.36599999983742
3547.23799999983666
489
-3
75.5690000000000255
75.8310000000000257
75.9510000000000258
76.5360000000000263
76.6510000000000264
77.7230000000000274
78.1020000000000277
78.365000000000028
79.1740000000000287
79.3020000000000288
79.6560000000000291
143.758000000000086
144.152000000000086
144.354000000000087
144.389000000000087
145.013000000000087
221.319000000000155
221.753000000000155
221.889000000000155
222.071000000000156
222.199000000000156
222.343000000000156
222.494000000000156
222.599000000000156
222.742000000000156
223.923000000000157
224.040000000000157
224.340000000000158
224.492000000000158
225.419000000000159
225.564000000000159
225.731000000000159
225.866000000000159
226.012000000000159
227.14800000000016
227.29900000000016
227.45600000000016
227.60500000000016
227.762000000000161
228.266000000000161
228.402000000000161
228.567000000000161
228.707000000000161
228.869000000000162
229.837000000000162
229.977000000000163
230.141000000000163
230.289000000000163
230.432000000000163
230.595000000000163
231.096000000000164
231.271000000000164
231.394000000000164
231.555000000000164
231.719000000000164
231.874000000000164
232.031000000000164
232.875000000000165
232.996000000000165
233.164000000000165
233.306000000000166
233.469000000000166
233.618000000000166
233.789000000000166
233.918000000000166
237.573000000000169
237.707000000000169
237.87100000000017
237.98800000000017
238.13100000000017
238.26700000000017
238.41700000000017
238.57200000000017
238.71100000000017
238.85200000000017
239.360000000000171
239.494000000000171
239.653000000000171
239.828000000000171
239.986000000000172
240.168000000000172
241.012000000000172
241.142000000000173
241.314000000000173
241.443000000000173
241.595000000000173
241.748000000000173
241.895000000000173
242.069000000000173
242.201000000000173
242.353000000000174
242.512000000000174
243.059000000000174
243.201000000000174
243.363000000000174
243.532000000000175
243.688000000000175
243.851000000000175
244.008000000000175
244.149000000000175
244.286000000000175
244.374000000000175
244.918000000000176
247.011000000000178
247.135000000000178
247.275000000000178
247.423000000000178
247.567000000000178
247.719000000000178
247.875000000000178
248.027000000000179
248.175000000000179
248.342000000000179
248.478000000000179
248.621000000000179
249.45100000000018
249.58800000000018
249.75000000000018
249.91200000000018
250.07000000000018
250.229000000000181
250.386000000000181
250.533000000000181
250.686000000000181
250.826000000000181
251.666000000000182
251.813000000000182
251.974000000000182
252.151000000000182
252.976000000000183
253.871000000000184
254.006000000000184
254.153000000000184
254.316000000000184
254.468000000000184
254.631000000000185
254.788000000000185
254.942000000000185
255.101000000000185
255.251000000000185
255.415000000000185
255.575000000000185
256.843000000000186
256.979000000000187
257.678000000000187
258.262000000000188
258.394000000000188
258.542000000000188
258.709000000000188
258.867000000000188
259.053000000000188
259.352000000000189
259.538000000000189
259.681000000000189
260.30700000000019
260.57500000000019
260.63500000000019
260.82800000000019
261.18400000000019
262.015000000000191
262.294000000000191
266.197000000000195
266.320000000000195
266.464000000000195
266.611000000000195
266.752000000000195
266.906000000000195
267.027000000000196
267.212000000000196
267.348000000000196
267.493000000000196
267.634000000000196
270.457000000000199
272.669000000000201
272.817000000000201
272.972000000000201
273.133000000000201
273.299000000000201
273.480000000000201
273.656000000000201
273.834000000000202
273.988000000000202
274.683000000000202
274.811000000000202
274.960000000000203
275.125000000000203
275.274000000000203
275.433000000000203
275.570000000000203
275.741000000000203
275.872000000000203
276.018000000000203
276.157000000000204
276.296000000000204
278.967000000000206
279.123000000000206
279.194000000000206
279.292000000000206
279.381000000000206
281.808000000000209
281.941000000000209
282.024000000000209
282.080000000000209
282.248000000000209
282.411000000000209
282.557000000000209
282.706000000000209
282.85500000000021
283.00600000000021
283.15200000000021
283.29200000000021
283.44900000000021
283.59700000000021
283.72500000000021
283.84900000000021
283.978000000000211
284.103000000000211
284.262000000000211
312.012000000000235
312.384000000000236
312.780000000000236
313.288000000000237
313.447000000000237
314.345000000000238
314.838000000000238
546.176000000000443
546.660000000000444
546.937000000000444
547.068000000000444
547.198000000000444
547.354000000000444
575.445000000000469
575.60900000000047
575.75600000000047
576.25300000000047
576.39700000000047
576.44900000000047
576.963000000000471
577.002000000000471
577.450000000000471
577.592000000000471
577.730000000000471
578.309000000000472
578.434000000000472
578.568000000000472
578.696000000000472
578.831000000000472
578.961000000000472
579.102000000000473
579.236000000000473
579.378000000000473
580.533000000000474
580.651000000000474
580.801000000000474
580.919000000000474
581.061000000000474
581.808000000000475
581.955000000000475
582.089000000000475
582.237000000000475
582.376000000000476
583.154000000000476
583.297000000000476
583.453000000000477
583.591000000000477
583.746000000000477
583.888000000000477
584.411000000000477
584.549000000000478
584.707000000000478
584.857000000000478
585.006000000000478
585.128000000000478
586.130000000000479
586.270000000000479
586.421000000000479
586.575000000000479
586.711000000000479
586.86000000000048
588.381000000000481
588.518000000000481
588.662000000000481
588.812000000000481
588.950000000000481
589.095000000000482
589.241000000000482
589.402000000000482
590.200000000000482
590.344000000000483
590.508000000000483
590.653000000000483
591.222000000000483
591.372000000000484
591.525000000000484
591.693000000000484
591.856000000000484
592.000000000000484
592.969000000000485
593.133000000000485
593.293000000000485
594.703000000000486
594.978000000000487
595.120000000000487
595.264000000000487
595.415000000000487
595.564000000000487
595.720000000000487
595.878000000000488
596.031000000000488
596.625000000000488
597.789000000000489
598.92800000000049
599.308000000000491
599.433000000000491
599.576000000000491
599.730000000000491
599.880000000000491
600.023000000000491
600.163000000000491
600.311000000000492
600.459000000000492
600.596000000000492
600.736000000000492
602.874000000000494
603.025000000000494
603.153000000000494
603.297000000000494
603.445000000000494
603.591000000000494
603.733000000000494
603.884000000000495
604.029000000000495
604.189000000000495
604.332000000000495
604.469000000000495
604.622000000000495
604.773000000000495
604.925000000000496
607.077000000000498
626.548000000000515
626.679000000000515
627.023000000000515
627.818000000000516
627.939000000000516
628.094000000000516
628.248000000000516
628.399000000000516
628.546000000000517
628.695000000000517
628.841000000000517
628.974000000000517
629.531000000000517
629.638000000000518
629.793000000000518
629.946000000000518
630.085000000000518
630.226000000000518
630.346000000000518
630.472000000000518
630.622000000000518
630.781000000000519
630.923000000000519
631.067000000000519
632.16100000000052
632.29800000000052
632.43600000000052
636.307000000000523
636.576000000000524
637.231000000000524
638.693000000000526
638.742000000000526
638.869000000000526
639.141000000000526
640.038000000000527
642.900000000000529
643.049000000000529
645.147000000000531
647.377000000000533
676.815000000000559
678.053000000000561
678.180000000000561
678.452000000000561
678.928000000000561
679.004000000000561
679.407000000000562
935.459000000000789
935.561000000000789
935.89100000000079
936.02100000000079
936.21400000000079
936.45500000000079
936.84800000000079
938.166000000000792
938.288000000000792
938.414000000000792
938.546000000000792
938.670000000000792
938.800000000000792
938.932000000000792
939.059000000000792
939.189000000000792
940.241000000000793
940.347000000000794
940.487000000000794
940.626000000000794
940.772000000000794
940.904000000000794
941.012000000000794
941.142000000000794
941.274000000000794
941.643000000000795
941.791000000000795
941.938000000000795
942.065000000000795
942.220000000000795
942.341000000000795
943.272000000000796
943.424000000000796
943.558000000000796
944.162000000000797
944.234000000000797
944.369000000000797
946.557000000000799
948.636000000000801
948.791000000000801
948.944000000000801
949.102000000000801
949.231000000000801
949.376000000000802
949.519000000000802
950.865000000000803
951.027000000000803
951.160000000000803
951.311000000000803
951.455000000000803
954.540000000000806
954.896000000000806
955.058000000000807
955.620000000000807
956.502000000000808
957.393000000000809
957.520000000000809
957.655000000000809
957.794000000000809
957.926000000000809
958.064000000000809
958.197000000000809
958.33900000000081
958.47900000000081
959.612000000000811
959.758000000000811
959.894000000000811
960.043000000000811
960.191000000000811
960.341000000000811
960.502000000000811
960.613000000000812
960.751000000000812
961.879000000000813
962.019000000000813
962.165000000000813
962.310000000000813
962.459000000000813
962.606000000000813
962.744000000000813
962.892000000000814
1043.95700000000089
1044.01900000000089
1044.22000000000089
1045.26800000000089
1045.43700000000089
1045.95100000000089
1297.69900000000111
1297.92400000000111
1298.87400000000111
1299.64700000000111
1305.25900000000112
1305.52600000000112
1306.40300000000112
1306.84700000000112
3569.18699999983424
3569.27899999983423
3569.5589999998342
3569.84299999983417
3569.98499999983415
3570.19699999983413
3570.20999999983413
3570.33499999983412
3570.52999999983409
-4
75.6350000000000255
75.8540000000000257
75.9720000000000258
76.5720000000000264
76.7190000000000265
77.7680000000000274
78.1830000000000278
79.0080000000000285
79.2140000000000287
79.3480000000000288
79.7210000000000292
143.787000000000086
144.218000000000086
144.385000000000087
144.800000000000087
145.676000000000088
221.485000000000155
221.812000000000155
221.946000000000155
222.115000000000156
222.255000000000156
222.389000000000156
222.522000000000156
222.660000000000156
222.788000000000156
223.951000000000157
224.110000000000157
224.411000000000158
224.558000000000158
225.475000000000159
225.636000000000159
225.780000000000159
225.922000000000159
226.040000000000159
227.20700000000016
227.36900000000016
227.52100000000016
227.672000000000161
227.787000000000161
228.316000000000161
228.479000000000161
228.627000000000161
228.780000000000162
228.907000000000162
229.894000000000163
230.052000000000163
230.200000000000163
230.345000000000163
230.507000000000163
230.631000000000163
231.170000000000164
231.311000000000164
231.469000000000164
231.629000000000164
231.766000000000164
231.946000000000164
232.078000000000164
232.914000000000165
233.075000000000165
233.219000000000166
233.382000000000166
233.536000000000166
233.696000000000166
233.819000000000166
233.959000000000166
237.635000000000169
237.77900000000017
237.91800000000017
238.05700000000017
238.19300000000017
238.34100000000017
238.49100000000017
238.63000000000017
238.77200000000017
238.893000000000171
239.411000000000171
239.571000000000171
239.728000000000171
239.904000000000171
240.063000000000172
240.184000000000172
241.061000000000172
241.219000000000173
241.362000000000173
241.518000000000173
241.669000000000173
241.814000000000173
241.955000000000173
242.118000000000173
242.269000000000174
242.425000000000174
242.559000000000174
243.116000000000174
243.280000000000174
243.452000000000175
243.609000000000175
243.771000000000175
243.916000000000175
244.050000000000175
244.189000000000175
244.333000000000175
244.413000000000175
244.962000000000176
247.060000000000178
247.205000000000178
247.350000000000178
247.500000000000178
247.651000000000178
247.800000000000178
247.950000000000179
248.104000000000179
248.252000000000179
248.402000000000179
248.545000000000179
248.685000000000179
249.51100000000018
249.67500000000018
249.83700000000018
249.99300000000018
250.154000000000181
250.314000000000181
250.456000000000181
250.608000000000181
250.746000000000181
250.878000000000181
251.736000000000182
251.892000000000182
252.050000000000182
252.204000000000182
253.012000000000183
253.929000000000184
254.081000000000184
254.232000000000184
254.388000000000184
254.541000000000184
254.705000000000185
254.861000000000185
255.017000000000185
255.171000000000185
255.332000000000185
255.490000000000185
255.646000000000185
256.879000000000186
257.041000000000187
257.713000000000187
258.320000000000188
258.463000000000188
258.615000000000188
258.768000000000188
258.939000000000188
259.111000000000188
259.425000000000189
259.588000000000189
259.702000000000189
260.33300000000019
260.61400000000019
260.67000000000019
261.00400000000019
261.32600000000019
262.027000000000191
262.316000000000191
266.242000000000195
266.387000000000195
266.534000000000195
266.682000000000195
266.828000000000195
266.996000000000195
267.134000000000196
267.278000000000196
267.420000000000196
267.554000000000196
267.667000000000196
270.484000000000199
272.737000000000201
272.894000000000201
273.055000000000201
273.223000000000201
273.392000000000201
273.570000000000201
273.746000000000201
273.907000000000202
274.023000000000202
274.713000000000202
274.889000000000202
275.043000000000203
275.191000000000203
275.346000000000203
275.491000000000203
275.651000000000203
275.788000000000203
275.927000000000203
276.067000000000204
276.198000000000204
276.321000000000204
279.023000000000206
279.166000000000206
279.220000000000206
279.355000000000206
279.448000000000207
281.859000000000209
282.000000000000209
282.078000000000209
282.160000000000209
282.316000000000209
282.480000000000209
282.631000000000209
282.780000000000209
282.93400000000021
283.07900000000021
283.22000000000021
283.36900000000021
283.51800000000021
283.64600000000021
283.76900000000021
283.89100000000021
284.013000000000211
284.175000000000211
284.300000000000211
312.036000000000236
312.421000000000236
312.814000000000236
313.381000000000237
313.686000000000237
314.409000000000238
315.071000000000238
546.215000000000443
546.694000000000444
546.988000000000444
547.119000000000444
547.266000000000444
547.400000000000444
575.480000000000469
575.69600000000047
575.83400000000047
576.31100000000047
576.43000000000047
576.864000000000471
576.977000000000471
577.308000000000471
577.511000000000471
577.645000000000471
578.198000000000472
578.350000000000472
578.501000000000472
578.635000000000472
578.767000000000472
578.904000000000472
579.035000000000473
579.169000000000473
579.303000000000473
579.431000000000473
580.569000000000474
580.714000000000474
580.844000000000474
580.984000000000474
581.117000000000474
581.865000000000475
582.005000000000475
582.150000000000475
582.293000000000476
582.409000000000476
583.219000000000476
583.366000000000476
583.511000000000477
583.664000000000477
583.803000000000477
583.908000000000477
584.465000000000477
584.626000000000478
584.773000000000478
584.922000000000478
585.051000000000478
585.161000000000478
586.196000000000479
586.344000000000479
586.495000000000479
586.632000000000479
586.77400000000048
586.89500000000048
588.444000000000481
588.593000000000481
588.737000000000481
588.876000000000481
589.020000000000482
589.164000000000482
589.313000000000482
589.430000000000482
590.258000000000483
590.423000000000483
590.570000000000483
590.732000000000483
591.286000000000483
591.441000000000484
591.603000000000484
591.765000000000484
591.918000000000484
592.033000000000484
593.042000000000485
593.197000000000485
593.325000000000485
594.724000000000487
595.027000000000487
595.174000000000487
595.336000000000487
595.488000000000487
595.639000000000487
595.791000000000488
595.945000000000488
596.096000000000488
597.664000000000489
598.12800000000049
599.01600000000049
599.361000000000491
599.509000000000491
599.656000000000491
599.807000000000491
599.954000000000491
600.093000000000491
600.240000000000491
600.384000000000492
600.516000000000492
600.658000000000492
600.778000000000492
602.965000000000494
603.073000000000494
603.228000000000494
603.376000000000494
603.523000000000494
603.664000000000494
603.811000000000495
603.957000000000495
604.103000000000495
604.257000000000495
604.381000000000495
604.527000000000495
604.685000000000495
604.839000000000496
604.958000000000496
607.124000000000498
626.598000000000515
626.732000000000515
627.519000000000516
627.864000000000516
628.016000000000516
628.172000000000516
628.321000000000516
628.471000000000516
628.617000000000517
628.763000000000517
628.891000000000517
629.015000000000517
629.551000000000518
629.707000000000518
629.861000000000518
630.005000000000518
630.143000000000518
630.262000000000518
630.383000000000518
630.541000000000518
630.701000000000518
630.842000000000519
630.969000000000519
631.093000000000519
632.22300000000052
632.35900000000052
632.50100000000052
636.508000000000524
636.906000000000524
637.545000000000525
638.720000000000526
638.787000000000526
639.012000000000526
639.780000000000527
642.809000000000529
642.958000000000529
643.09600000000053
646.885000000000533
647.659000000000534
676.86200000000056
678.111000000000561
678.261000000000561
678.906000000000561
678.984000000000561
679.336000000000562
680.256000000000562
935.489000000000789
935.600000000000789
935.93600000000079
936.06100000000079
936.35200000000079
936.72500000000079
937.753000000000791
938.218000000000792
938.347000000000792
938.474000000000792
938.612000000000792
938.737000000000792
938.858000000000792
938.990000000000792
939.116000000000792
939.241000000000792
940.256000000000793
940.410000000000794
940.549000000000794
940.677000000000794
940.824000000000794
940.930000000000794
941.057000000000794
941.190000000000794
941.302000000000794
941.702000000000795
941.849000000000795
941.982000000000795
942.133000000000795
942.253000000000795
942.366000000000795
943.329000000000796
943.473000000000796
943.615000000000796
944.222000000000797
944.257000000000797
945.361000000000798
946.808000000000799
948.699000000000801
948.856000000000801
949.015000000000801
949.152000000000801
949.296000000000801
949.436000000000802
949.552000000000802
950.931000000000803
951.075000000000803
951.224000000000803
951.372000000000803
951.506000000000803
954.580000000000806
954.956000000000806
955.482000000000807
956.158000000000808
957.042000000000808
957.441000000000809
957.576000000000809
957.722000000000809
957.857000000000809
957.995000000000809
958.126000000000809
958.269000000000809
958.40600000000081
958.51700000000081
959.674000000000811
959.819000000000811
959.966000000000811
960.115000000000811
960.263000000000811
960.405000000000811
960.545000000000811
960.668000000000812
960.787000000000812
961.932000000000813
962.081000000000813
962.234000000000813
962.382000000000813
962.524000000000813
962.663000000000813
962.796000000000813
962.911000000000814
1043.97700000000089
1044.07000000000089
1044.51800000000089
1045.43500000000089
1045.64800000000089
1046.81900000000089
1297.70900000000111
1298.80000000000111
1299.20200000000111
1300.27200000000111
1305.30700000000112
1305.92800000000112
1306.72800000000112
1307.00300000000112
3569.24299999983424
3569.33999999983423
3569.6169999998342
3569.94199999983416
3570.01999999983415
3570.20899999983413
3570.29599999983412
3570.43099999983411
3570.61199999983409
0
0
0
0
0
0
0
0
0
0
0
0
0
3600.00099999983085
0
0
0
0
0
0
