2
22
19
2
22
19
IPP3.10
sacch1
0
2
11
25
27
12
27
14
22
4
.3
1
818
818
1
272
272
1
1
1
1
1
1
1
1
1
1
1
1
1
1
1
1
1
1
1
1
817
-1
198.662000000000135
267.225000000000196
302.286000000000227
303.864000000000228
305.67300000000023
306.21200000000023
306.38900000000023
306.504000000000231
307.424000000000231
307.727000000000232
308.314000000000232
308.463000000000232
308.639000000000232
308.943000000000233
309.094000000000233
309.254000000000233
309.448000000000233
309.740000000000233
309.861000000000234
310.008000000000234
314.499000000000238
315.915000000000239
316.65200000000024
375.538000000000292
375.560000000000292
554.838000000000451
555.167000000000451
555.530000000000452
556.652000000000453
556.811000000000453
557.149000000000453
557.281000000000453
557.734000000000454
557.894000000000454
558.076000000000454
558.225000000000454
558.373000000000454
558.668000000000454
558.807000000000455
558.961000000000455
559.921000000000456
560.074000000000456
560.258000000000456
560.586000000000456
560.765000000000456
560.914000000000456
561.091000000000457
561.255000000000457
561.421000000000457
561.600000000000457
561.774000000000457
561.922000000000457
562.088000000000458
562.254000000000458
562.450000000000458
562.645000000000458
563.265000000000459
563.443000000000459
563.596000000000459
563.781000000000459
563.966000000000459
564.157000000000459
564.33100000000046
565.17600000000046
565.611000000000461
565.785000000000461
565.995000000000461
566.170000000000461
566.363000000000461
566.551000000000462
566.758000000000462
566.941000000000462
567.161000000000462
567.362000000000462
567.547000000000462
568.053000000000463
568.245000000000463
568.448000000000463
568.633000000000463
568.825000000000464
569.175000000000464
569.343000000000464
569.542000000000464
569.732000000000464
569.935000000000464
570.142000000000465
570.509000000000465
570.689000000000465
570.882000000000465
571.068000000000466
571.234000000000466
571.407000000000466
572.326000000000467
572.494000000000467
572.691000000000467
572.880000000000467
573.080000000000467
573.287000000000467
573.648000000000468
573.826000000000468
574.003000000000468
574.194000000000468
574.387000000000468
574.565000000000469
574.765000000000469
574.965000000000469
575.147000000000469
575.340000000000469
575.515000000000469
575.70400000000047
575.86500000000047
576.22000000000047
576.39900000000047
576.57900000000047
576.723000000000471
576.917000000000471
577.097000000000471
577.658000000000471
577.830000000000472
577.987000000000472
578.193000000000472
578.401000000000472
578.614000000000472
578.826000000000472
579.028000000000473
579.226000000000473
579.449000000000473
579.668000000000473
579.876000000000473
580.110000000000474
580.329000000000474
580.546000000000474
580.740000000000474
580.963000000000474
581.157000000000474
581.298000000000475
581.531000000000475
581.716000000000475
581.899000000000475
582.074000000000475
582.093000000000475
582.285000000000476
582.499000000000476
582.689000000000476
582.873000000000476
583.090000000000476
583.273000000000476
583.480000000000477
583.695000000000477
583.883000000000477
584.045000000000477
584.233000000000477
584.752000000000478
584.939000000000478
585.135000000000478
585.315000000000478
585.517000000000478
585.732000000000478
585.958000000000479
586.163000000000479
586.378000000000479
586.576000000000479
586.764000000000479
587.67500000000048
587.84600000000048
588.043000000000481
588.246000000000481
588.465000000000481
588.686000000000481
588.895000000000481
589.115000000000482
589.318000000000482
589.524000000000482
589.717000000000482
589.913000000000482
590.119000000000482
592.671000000000485
592.843000000000485
593.033000000000485
593.228000000000485
593.432000000000485
593.629000000000486
593.799000000000486
593.984000000000486
594.165000000000486
594.357000000000486
594.797000000000487
594.989000000000487
595.170000000000487
595.345000000000487
595.537000000000487
595.710000000000487
595.905000000000488
596.106000000000488
596.321000000000488
596.521000000000488
596.709000000000488
596.913000000000488
597.114000000000489
597.303000000000489
597.493000000000489
597.694000000000489
597.889000000000489
598.09500000000049
598.31100000000049
598.51100000000049
599.556000000000491
599.743000000000491
599.946000000000491
600.158000000000491
600.378000000000492
600.590000000000492
600.796000000000492
601.017000000000492
601.215000000000492
601.410000000000492
601.606000000000493
602.442000000000493
602.605000000000494
604.224000000000495
604.392000000000495
604.588000000000495
604.778000000000496
604.986000000000496
605.181000000000496
605.371000000000496
605.553000000000496
605.736000000000496
607.462000000000498
607.635000000000498
607.834000000000498
608.018000000000498
608.224000000000499
608.423000000000499
608.607000000000499
608.783000000000499
608.973000000000499
609.6220000000005
609.8060000000005
609.9920000000005
610.1840000000005
610.3700000000005
610.553000000000501
610.726000000000501
610.924000000000501
611.128000000000501
611.510000000000501
611.688000000000502
611.895000000000502
612.093000000000502
612.230000000000502
612.427000000000502
612.618000000000502
612.804000000000503
612.965000000000503
613.134000000000503
613.332000000000503
613.533000000000503
613.710000000000503
614.505000000000504
614.666000000000504
614.857000000000504
615.031000000000505
616.162000000000506
616.317000000000506
616.503000000000506
616.683000000000506
617.160000000000506
619.008000000000508
619.182000000000508
619.649000000000509
619.769000000000509
619.926000000000509
620.097000000000509
620.248000000000509
620.59400000000051
620.74700000000051
620.91600000000051
621.27400000000051
621.45700000000051
621.73100000000051
623.522000000000512
623.873000000000512
625.173000000000514
625.353000000000514
639.524000000000526
640.181000000000527
640.384000000000527
640.826000000000528
641.130000000000528
661.188000000000546
661.620000000000546
662.426000000000547
663.013000000000547
668.104000000000552
668.959000000000552
671.004000000000554
671.189000000000554
671.578000000000555
672.376000000000556
672.525000000000556
672.566000000000556
672.678000000000556
672.857000000000556
673.005000000000556
673.182000000000556
673.355000000000556
674.010000000000557
674.180000000000557
674.352000000000557
674.521000000000557
674.691000000000558
674.872000000000558
675.002000000000558
675.177000000000558
675.359000000000558
676.018000000000559
676.176000000000559
676.346000000000559
676.515000000000559
676.684000000000559
676.85300000000056
677.04600000000056
677.22200000000056
677.37600000000056
678.064000000000561
678.226000000000561
678.685000000000561
678.861000000000561
679.055000000000561
679.239000000000562
679.419000000000562
679.602000000000562
679.808000000000562
680.948000000000563
681.320000000000563
681.508000000000564
682.531000000000564
682.669000000000565
682.806000000000565
683.354000000000565
683.509000000000565
683.678000000000566
683.862000000000566
684.040000000000566
684.247000000000566
684.368000000000566
684.548000000000566
687.477000000000569
688.51700000000057
689.691000000000571
691.724000000000573
691.876000000000573
692.041000000000573
692.214000000000573
692.387000000000573
692.561000000000573
692.750000000000574
692.929000000000574
693.115000000000574
693.296000000000574
693.457000000000574
693.627000000000574
693.759000000000574
693.919000000000575
694.255000000000575
694.411000000000575
694.586000000000575
694.756000000000575
695.395000000000576
695.536000000000576
695.710000000000576
785.751000000000656
785.874000000000656
786.502000000000657
786.642000000000657
786.802000000000657
787.083000000000657
787.246000000000658
787.364000000000658
787.510000000000658
787.654000000000658
787.796000000000658
787.934000000000658
788.084000000000658
788.236000000000658
788.383000000000658
788.543000000000659
788.684000000000659
788.848000000000659
788.998000000000659
789.155000000000659
789.332000000000659
789.64700000000066
789.81300000000066
789.99000000000066
790.16100000000066
790.30600000000066
790.47400000000066
790.639000000000661
790.823000000000661
790.998000000000661
791.206000000000661
791.387000000000661
791.555000000000661
791.756000000000662
791.944000000000662
792.124000000000662
792.302000000000662
792.488000000000662
792.687000000000662
792.871000000000662
793.072000000000663
793.261000000000663
793.406000000000663
793.590000000000663
793.780000000000663
793.974000000000664
794.157000000000664
794.342000000000664
794.531000000000664
794.690000000000664
794.872000000000664
795.067000000000664
795.281000000000665
795.454000000000665
795.635000000000665
795.809000000000665
795.986000000000665
796.172000000000665
796.379000000000666
796.565000000000666
796.770000000000666
796.964000000000666
797.153000000000666
797.322000000000666
797.485000000000667
797.675000000000667
797.849000000000667
798.023000000000667
798.229000000000667
798.441000000000667
798.629000000000668
798.825000000000668
798.975000000000668
799.170000000000668
799.349000000000668
799.530000000000668
799.703000000000669
799.901000000000669
800.083000000000669
800.268000000000669
800.444000000000669
800.626000000000669
800.82300000000067
801.01800000000067
801.22400000000067
801.41700000000067
801.61200000000067
801.79700000000067
801.960000000000671
802.551000000000671
802.717000000000671
802.903000000000671
803.097000000000672
803.290000000000672
803.473000000000672
803.675000000000672
803.850000000000672
804.013000000000672
804.202000000000673
804.527000000000673
804.682000000000673
804.874000000000673
805.087000000000673
805.276000000000674
805.450000000000674
805.637000000000674
805.807000000000674
805.953000000000674
806.157000000000674
806.329000000000674
806.548000000000675
806.748000000000675
1007.618000000000853
1007.784000000000853
1008.575000000000854
1008.740000000000854
1008.896000000000854
1009.060000000000854
1009.217000000000855
1009.350000000000855
1009.507000000000855
1009.659000000000855
1009.796000000000855
1009.961000000000855
1010.121000000000855
1010.295000000000856
1010.989000000000856
1011.168000000000856
1011.351000000000857
1011.532000000000857
1011.711000000000857
1011.880000000000857
1012.053000000000857
1012.218000000000857
1012.399000000000858
1012.603000000000858
1012.735000000000858
1012.868000000000858
1013.063000000000858
1013.262000000000858
1013.458000000000858
1013.668000000000859
1013.853000000000859
1014.037000000000859
1014.240000000000859
1014.406000000000859
1014.558000000000859
1014.75000000000086
1014.94100000000086
1015.13000000000086
1015.28400000000086
1015.43900000000086
1015.62700000000086
1015.83100000000086
1016.030000000000861
1016.242000000000861
1016.443000000000861
1016.625000000000861
1016.817000000000861
1017.012000000000862
1017.215000000000862
1018.064000000000862
1018.249000000000863
1018.448000000000863
1018.646000000000863
1018.833000000000863
1019.040000000000863
1019.182000000000864
1019.375000000000864
1019.580000000000864
1019.877000000000864
1020.080000000000864
1020.273000000000864
1020.460000000000865
1020.674000000000865
1020.880000000000865
1021.106000000000865
1021.299000000000865
1021.482000000000866
1021.701000000000866
1021.907000000000866
1022.075000000000866
1022.275000000000866
1022.513000000000866
1022.756000000000867
1022.966000000000867
1023.969000000000868
1024.14900000000087
1024.33900000000087
1024.53200000000087
1024.72700000000087
1024.92900000000087
1025.14100000000087
1025.37200000000087
1025.57600000000087
1025.81600000000087
1026.02100000000087
1026.18600000000087
1026.53300000000087
1026.70400000000087
1027.12200000000087
1027.32400000000087
1027.54000000000087
1027.83700000000087
1028.00300000000087
1029.02800000000087
1029.15500000000087
1029.33600000000087
1029.52800000000087
1029.72100000000087
1029.91300000000087
1030.09500000000087
1030.30300000000087
1030.50100000000087
1030.73100000000087
1030.98000000000087
1031.18900000000087
1032.22000000000088
1032.38300000000088
1032.58800000000088
1032.78300000000088
1032.97400000000088
1033.19000000000088
1033.39400000000088
1033.60000000000088
1033.82100000000088
1034.00600000000088
1034.13900000000088
1034.24400000000088
1034.45500000000088
1034.74500000000088
1034.95900000000088
1037.20700000000088
1037.34300000000088
1037.52200000000088
1037.70400000000088
1037.88500000000088
1038.06900000000088
1038.25000000000088
1038.43900000000088
1038.61500000000088
1038.79000000000088
1038.96200000000088
1039.14800000000088
1039.34800000000088
1039.52300000000088
1039.71200000000088
1039.90000000000088
1040.08400000000088
1040.23700000000088
1040.48700000000088
1040.68200000000088
1040.89600000000088
1041.10400000000088
1041.29500000000088
1041.48600000000088
1041.68300000000088
1041.85800000000088
1042.04200000000088
1042.24200000000088
1042.46400000000088
1042.65100000000088
1042.82200000000088
1043.04200000000088
1043.23900000000088
1043.43400000000088
1043.64100000000089
1043.83000000000089
1044.01400000000089
1044.21100000000089
1044.39300000000089
1044.58900000000089
1044.78200000000089
1044.96400000000089
1045.12000000000089
1138.41900000000097
1138.56400000000097
1155.98700000000098
1156.16700000000099
1156.33700000000099
1156.49200000000099
1156.66100000000099
1156.81100000000099
1156.98700000000099
1157.15800000000099
1157.32800000000099
1157.49800000000099
1157.67200000000099
1157.85200000000099
1158.01900000000099
1158.20300000000099
1158.37800000000099
1158.51800000000099
1158.66100000000099
1158.82100000000099
1159.00500000000099
1159.16500000000099
1159.35300000000099
1159.54400000000099
1159.73400000000099
1159.91900000000099
1160.09300000000099
1160.27800000000099
1160.45600000000099
1160.60800000000099
1160.80700000000099
1160.99800000000099
1161.17500000000099
1161.47900000000099
1161.66000000000099
1161.85800000000099
1162.02600000000099
1162.20200000000099
1162.40000000000099
1162.59400000000099
1162.75100000000099
1278.90000000000109
1279.04100000000109
1279.23300000000109
1279.39900000000109
1279.56600000000109
1279.73800000000109
1279.9010000000011
1280.0690000000011
1280.2470000000011
1280.4290000000011
1280.5990000000011
1280.7590000000011
1280.9430000000011
1281.1000000000011
1281.2530000000011
1281.4510000000011
1281.6410000000011
1281.8150000000011
1281.9660000000011
1282.1100000000011
1282.2900000000011
1282.7280000000011
1282.9160000000011
1283.1040000000011
1283.2870000000011
1283.5320000000011
1283.7320000000011
1283.9110000000011
1284.0560000000011
1284.2510000000011
1284.4250000000011
1284.5850000000011
1284.7670000000011
1284.9640000000011
1285.1860000000011
1285.3850000000011
1285.5670000000011
1285.7160000000011
1285.8870000000011
1286.0460000000011
1286.2590000000011
1286.4560000000011
1286.6520000000011
1286.8330000000011
1287.0370000000011
1287.2520000000011
1287.8380000000011
1288.0260000000011
1288.2410000000011
1288.4520000000011
1288.6730000000011
1288.8820000000011
1289.1030000000011
1289.3070000000011
1289.5030000000011
1289.6620000000011
1289.8990000000011
1291.26000000000111
1291.43500000000111
1291.62400000000111
1291.81400000000111
1292.01000000000111
1292.20500000000111
1292.40100000000111
1292.60400000000111
1292.80600000000111
1293.00800000000111
1293.35000000000111
1323.56000000000113
1323.72100000000113
1323.88000000000113
1324.05100000000113
1324.21900000000113
1324.38300000000113
1324.54700000000113
1324.71300000000113
1324.87300000000113
1325.02900000000114
1325.19400000000114
1325.36500000000114
1325.54200000000114
1325.70500000000114
1325.88500000000114
1326.05300000000114
1326.25100000000114
1326.39900000000114
1326.58600000000114
1326.74600000000114
1326.91100000000114
1327.07900000000114
1327.23500000000114
1327.38800000000114
1327.57000000000114
1327.74600000000114
1327.92300000000114
1328.10100000000114
1328.29400000000114
1328.47500000000114
1328.64700000000114
1328.81600000000114
1328.99500000000114
1329.30700000000114
1329.46900000000114
1329.68200000000114
1329.86500000000114
1330.04000000000114
1330.34400000000114
1330.52000000000114
1330.69100000000114
1330.82100000000114
1330.88800000000114
1331.06600000000114
1331.23200000000114
1331.44600000000114
1331.63600000000114
1331.77100000000114
1331.97200000000114
1332.12000000000114
1332.27200000000114
1332.42700000000114
1447.78400000000124
1447.92900000000124
1448.09700000000124
1448.27000000000124
1448.44300000000124
1448.62200000000124
1448.80000000000124
1448.95300000000125
1449.11900000000125
-2
198.786000000000135
268.699000000000197
302.552000000000227
303.912000000000228
305.74500000000023
306.30200000000023
306.43500000000023
306.677000000000231
307.470000000000231
307.787000000000232
308.386000000000232
308.548000000000232
308.703000000000232
309.032000000000233
309.203000000000233
309.339000000000233
309.491000000000233
309.817000000000234
309.954000000000234
310.109000000000234
314.961000000000238
316.63400000000024
317.06700000000024
375.550000000000292
375.753000000000292
554.868000000000451
555.315000000000452
555.723000000000452
556.720000000000453
556.872000000000453
557.174000000000453
557.347000000000453
557.799000000000454
557.953000000000454
558.099000000000454
558.284000000000454
558.438000000000454
558.710000000000455
558.862000000000455
558.994000000000455
559.984000000000456
560.145000000000456
560.328000000000456
560.641000000000456
560.822000000000456
560.994000000000457
561.167000000000457
561.325000000000457
561.512000000000457
561.675000000000457
561.832000000000457
561.991000000000457
562.146000000000458
562.328000000000458
562.534000000000458
562.725000000000458
563.341000000000459
563.492000000000459
563.676000000000459
563.865000000000459
564.040000000000459
564.239000000000459
564.38300000000046
565.21000000000046
565.684000000000461
565.853000000000461
566.075000000000461
566.265000000000461
566.462000000000461
566.642000000000462
566.843000000000462
567.034000000000462
567.223000000000462
567.446000000000462
567.619000000000462
568.149000000000463
568.351000000000463
568.531000000000463
568.735000000000463
568.906000000000464
569.232000000000464
569.411000000000464
569.630000000000464
569.831000000000464
570.043000000000465
570.233000000000465
570.600000000000465
570.786000000000465
570.971000000000465
571.132000000000466
571.303000000000466
571.511000000000466
572.391000000000467
572.591000000000467
572.794000000000467
572.979000000000467
573.182000000000467
573.382000000000468
573.723000000000468
573.903000000000468
574.102000000000468
574.265000000000468
574.455000000000469
574.637000000000469
574.869000000000469
575.054000000000469
575.246000000000469
575.423000000000469
575.60600000000047
575.76200000000047
575.96100000000047
576.29900000000047
576.48200000000047
576.59800000000047
576.818000000000471
577.000000000000471
577.179000000000471
577.701000000000471
577.867000000000472
578.087000000000472
578.295000000000472
578.510000000000472
578.719000000000472
578.934000000000472
579.130000000000473
579.349000000000473
579.554000000000473
579.768000000000473
580.006000000000473
580.229000000000474
580.440000000000474
580.650000000000474
580.854000000000474
581.065000000000474
581.177000000000474
581.412000000000475
581.605000000000475
581.824000000000475
581.990000000000475
582.085000000000475
582.194000000000475
582.410000000000476
582.609000000000476
582.786000000000476
583.004000000000476
583.186000000000476
583.414000000000476
583.611000000000477
583.788000000000477
583.966000000000477
584.153000000000477
584.319000000000477
584.846000000000478
585.049000000000478
585.227000000000478
585.416000000000478
585.630000000000478
585.861000000000479
586.073000000000479
586.284000000000479
586.479000000000479
586.675000000000479
586.87800000000048
587.74700000000048
587.94300000000048
588.149000000000481
588.368000000000481
588.580000000000481
588.793000000000481
589.019000000000481
589.227000000000482
589.429000000000482
589.619000000000482
589.810000000000482
590.025000000000482
590.214000000000482
592.749000000000485
592.946000000000485
593.140000000000485
593.331000000000485
593.533000000000485
593.702000000000486
593.877000000000486
594.071000000000486
594.259000000000486
594.439000000000486
594.890000000000487
595.075000000000487
595.269000000000487
595.446000000000487
595.618000000000487
595.816000000000488
596.011000000000488
596.239000000000488
596.427000000000488
596.630000000000488
596.824000000000488
597.014000000000489
597.217000000000489
597.401000000000489
597.595000000000489
597.775000000000489
598.003000000000489
598.20300000000049
598.40400000000049
598.56400000000049
599.645000000000491
599.846000000000491
600.062000000000491
600.279000000000492
600.488000000000492
600.696000000000492
600.901000000000492
601.121000000000492
601.292000000000492
601.506000000000493
601.706000000000493
602.515000000000493
602.706000000000494
604.299000000000495
604.485000000000495
604.686000000000495
604.885000000000496
605.084000000000496
605.264000000000496
605.453000000000496
605.639000000000496
605.814000000000496
607.540000000000498
607.740000000000498
607.926000000000498
608.118000000000498
608.326000000000499
608.503000000000499
608.697000000000499
608.885000000000499
609.084000000000499
609.6780000000005
609.8990000000005
610.0920000000005
610.2780000000005
610.4590000000005
610.636000000000501
610.831000000000501
611.034000000000501
611.211000000000501
611.582000000000502
611.791000000000502
611.990000000000502
612.122000000000502
612.337000000000502
612.530000000000502
612.717000000000502
612.902000000000503
613.065000000000503
613.233000000000503
613.438000000000503
613.615000000000503
613.808000000000503
614.565000000000504
614.764000000000504
614.937000000000504
615.084000000000505
616.221000000000506
616.394000000000506
616.587000000000506
616.765000000000506
617.208000000000506
619.116000000000508
619.243000000000508
619.696000000000509
619.849000000000509
620.032000000000509
620.200000000000509
620.380000000000509
620.73400000000051
620.78000000000051
621.13000000000051
621.38100000000051
621.51000000000051
623.282000000000512
623.676000000000512
623.994000000000512
625.339000000000514
625.825000000000514
639.567000000000526
640.286000000000527
640.694000000000527
641.083000000000528
641.161000000000528
661.254000000000546
661.668000000000546
662.522000000000547
663.051000000000547
668.746000000000552
669.737000000000553
671.104000000000554
671.513000000000555
671.744000000000555
672.429000000000556
672.541000000000556
672.584000000000556
672.757000000000556
672.909000000000556
673.099000000000556
673.275000000000556
673.443000000000556
674.097000000000557
674.275000000000557
674.448000000000557
674.613000000000558
674.776000000000558
674.910000000000558
675.091000000000558
675.269000000000558
675.386000000000558
676.094000000000559
676.250000000000559
676.452000000000559
676.594000000000559
676.787000000000559
676.95300000000056
677.14700000000056
677.28900000000056
677.48900000000056
678.150000000000561
678.313000000000561
678.776000000000561
678.962000000000561
679.143000000000562
679.334000000000562
679.508000000000562
679.697000000000562
679.858000000000562
681.035000000000563
681.440000000000564
682.019000000000564
682.596000000000565
682.770000000000565
683.158000000000565
683.414000000000565
683.598000000000566
683.776000000000566
683.955000000000566
684.126000000000566
684.266000000000566
684.449000000000566
684.575000000000566
687.732000000000569
689.608000000000571
690.110000000000571
691.803000000000573
691.957000000000573
692.129000000000573
692.303000000000573
692.475000000000573
692.657000000000574
692.844000000000574
693.036000000000574
693.214000000000574
693.374000000000574
693.539000000000574
693.669000000000574
693.836000000000575
694.025000000000575
694.328000000000575
694.505000000000575
694.669000000000575
694.836000000000575
695.459000000000576
695.617000000000576
695.792000000000576
785.793000000000656
785.939000000000656
786.553000000000657
786.722000000000657
786.875000000000657
787.163000000000657
787.272000000000658
787.431000000000658
787.572000000000658
787.712000000000658
787.842000000000658
788.004000000000658
788.149000000000658
788.305000000000658
788.462000000000659
788.570000000000659
788.756000000000659
788.914000000000659
789.065000000000659
789.254000000000659
789.409000000000659
789.74800000000066
789.89600000000066
790.07900000000066
790.22500000000066
790.40100000000066
790.56200000000066
790.741000000000661
790.939000000000661
791.114000000000661
791.315000000000661
791.482000000000661
791.694000000000662
791.869000000000662
792.070000000000662
792.229000000000662
792.402000000000662
792.618000000000662
792.784000000000662
792.983000000000663
793.180000000000663
793.270000000000663
793.507000000000663
793.704000000000663
793.902000000000663
794.093000000000664
794.258000000000664
794.454000000000664
794.605000000000664
794.784000000000664
794.984000000000664
795.197000000000665
795.388000000000665
795.563000000000665
795.746000000000665
795.894000000000665
796.094000000000665
796.290000000000666
796.507000000000666
796.688000000000666
796.890000000000666
797.079000000000666
797.249000000000666
797.404000000000667
797.582000000000667
797.767000000000667
797.906000000000667
798.136000000000667
798.346000000000667
798.566000000000668
798.758000000000668
798.887000000000668
799.091000000000668
799.265000000000668
799.447000000000668
799.630000000000669
799.796000000000669
799.994000000000669
800.176000000000669
800.367000000000669
800.544000000000669
800.75400000000067
800.93100000000067
801.13300000000067
801.33200000000067
801.54100000000067
801.73100000000067
801.86800000000067
802.064000000000671
802.632000000000671
802.815000000000671
803.011000000000672
803.202000000000672
803.391000000000672
803.575000000000672
803.754000000000672
803.904000000000672
804.123000000000672
804.314000000000673
804.565000000000673
804.795000000000673
804.996000000000673
805.200000000000673
805.360000000000674
805.552000000000674
805.741000000000674
805.874000000000674
806.069000000000674
806.240000000000674
806.451000000000675
806.665000000000675
806.856000000000675
1007.680000000000853
1007.847000000000853
1008.648000000000854
1008.806000000000854
1008.981000000000854
1009.129000000000855
1009.252000000000855
1009.432000000000855
1009.561000000000855
1009.708000000000855
1009.875000000000855
1010.041000000000855
1010.188000000000856
1010.365000000000856
1011.066000000000856
1011.250000000000856
1011.446000000000857
1011.620000000000857
1011.801000000000857
1011.977000000000857
1012.129000000000857
1012.314000000000857
1012.480000000000858
1012.640000000000858
1012.760000000000858
1012.961000000000858
1013.162000000000858
1013.359000000000858
1013.561000000000859
1013.765000000000859
1013.943000000000859
1014.145000000000859
1014.313000000000859
1014.457000000000859
1014.68100000000086
1014.85000000000086
1015.04000000000086
1015.18300000000086
1015.32400000000086
1015.50100000000086
1015.72900000000086
1015.929000000000861
1016.131000000000861
1016.336000000000861
1016.547000000000861
1016.715000000000861
1016.915000000000862
1017.123000000000862
1017.332000000000862
1018.153000000000863
1018.354000000000863
1018.552000000000863
1018.741000000000863
1018.929000000000863
1019.064000000000863
1019.275000000000864
1019.476000000000864
1019.643000000000864
1019.978000000000864
1020.183000000000864
1020.370000000000865
1020.573000000000865
1020.788000000000865
1020.998000000000865
1021.206000000000865
1021.398000000000865
1021.603000000000866
1021.820000000000866
1021.984000000000866
1022.185000000000866
1022.390000000000866
1022.636000000000867
1022.867000000000867
1023.020000000000867
1024.06100000000087
1024.25200000000087
1024.44700000000087
1024.63300000000087
1024.83200000000087
1025.05100000000087
1025.24400000000087
1025.47900000000087
1025.69900000000087
1025.93000000000087
1026.06500000000087
1026.30000000000087
1026.59600000000087
1026.82000000000087
1027.21800000000087
1027.43100000000087
1027.64100000000087
1027.88200000000087
1028.05900000000087
1029.06500000000087
1029.24400000000087
1029.43500000000087
1029.63300000000087
1029.82200000000087
1029.99200000000087
1030.16800000000087
1030.40000000000087
1030.62200000000087
1030.82700000000087
1031.07700000000087
1031.28400000000087
1032.30400000000088
1032.49300000000088
1032.69400000000088
1032.88400000000088
1033.08600000000088
1033.29600000000088
1033.51100000000088
1033.70400000000088
1033.91800000000088
1034.12000000000088
1034.15900000000088
1034.36700000000088
1034.56300000000088
1034.84600000000088
1035.07300000000088
1037.27000000000088
1037.43600000000088
1037.61700000000088
1037.80400000000088
1037.98700000000088
1038.16900000000088
1038.35200000000088
1038.52900000000088
1038.69300000000088
1038.88100000000088
1039.06400000000088
1039.26600000000088
1039.44000000000088
1039.61800000000088
1039.81500000000088
1040.01200000000088
1040.14600000000088
1040.33300000000088
1040.57300000000088
1040.79400000000088
1041.00400000000088
1041.21400000000088
1041.39500000000088
1041.59800000000088
1041.76400000000088
1041.95000000000088
1042.14700000000088
1042.36600000000088
1042.59200000000088
1042.73500000000088
1042.94800000000088
1043.14300000000088
1043.32800000000088
1043.54300000000089
1043.74600000000089
1043.92100000000089
1044.11700000000089
1044.28900000000089
1044.50400000000089
1044.66700000000089
1044.87000000000089
1045.01800000000089
1045.20300000000089
1138.47900000000097
1138.63300000000097
1156.06400000000098
1156.23600000000099
1156.40400000000099
1156.57400000000099
1156.74300000000099
1156.91000000000099
1157.07300000000099
1157.24600000000099
1157.41200000000099
1157.58400000000099
1157.76400000000099
1157.93100000000099
1158.10500000000099
1158.28500000000099
1158.41900000000099
1158.56900000000099
1158.70700000000099
1158.91300000000099
1159.07000000000099
1159.26200000000099
1159.43600000000099
1159.64100000000099
1159.82500000000099
1159.99700000000099
1160.19200000000099
1160.36300000000099
1160.50800000000099
1160.71500000000099
1160.90000000000099
1161.08200000000099
1161.25900000000099
1161.53700000000099
1161.76300000000099
1161.89800000000099
1162.11300000000099
1162.29300000000099
1162.50100000000099
1162.65500000000099
1162.82500000000099
1278.96000000000109
1279.12400000000109
1279.31200000000109
1279.48800000000109
1279.65300000000109
1279.81900000000109
1279.9910000000011
1280.1500000000011
1280.3410000000011
1280.5160000000011
1280.6690000000011
1280.8530000000011
1281.0160000000011
1281.1700000000011
1281.3620000000011
1281.5430000000011
1281.7360000000011
1281.8750000000011
1282.0180000000011
1282.2010000000011
1282.3620000000011
1282.8120000000011
1283.0080000000011
1283.2080000000011
1283.4050000000011
1283.6280000000011
1283.8250000000011
1283.9720000000011
1284.1590000000011
1284.3330000000011
1284.4850000000011
1284.6840000000011
1284.8810000000011
1285.0830000000011
1285.2860000000011
1285.4810000000011
1285.6260000000011
1285.8000000000011
1285.9570000000011
1286.1600000000011
1286.3620000000011
1286.5760000000011
1286.7390000000011
1286.9210000000011
1287.1150000000011
1287.3510000000011
1287.9300000000011
1288.1450000000011
1288.3540000000011
1288.5650000000011
1288.7810000000011
1289.0010000000011
1289.2140000000011
1289.4100000000011
1289.5590000000011
1289.7590000000011
1289.9820000000011
1291.34700000000111
1291.53100000000111
1291.71700000000111
1291.91300000000111
1292.11400000000111
1292.31500000000111
1292.51100000000111
1292.71400000000111
1292.92000000000111
1293.11900000000111
1293.40100000000111
1323.63100000000113
1323.79300000000113
1323.96700000000113
1324.14500000000113
1324.31900000000113
1324.47500000000113
1324.67000000000113
1324.79500000000113
1324.96000000000114
1325.13900000000114
1325.28600000000114
1325.46900000000114
1325.62400000000114
1325.79500000000114
1325.97100000000114
1326.15700000000114
1326.30600000000114
1326.49300000000114
1326.63300000000114
1326.82100000000114
1326.99400000000114
1327.14900000000114
1327.29000000000114
1327.47800000000114
1327.66000000000114
1327.85200000000114
1328.01300000000114
1328.20100000000114
1328.39300000000114
1328.57300000000114
1328.75200000000114
1328.92300000000114
1329.08500000000114
1329.38000000000114
1329.57200000000114
1329.78000000000114
1329.94800000000114
1330.11600000000114
1330.43100000000114
1330.62300000000114
1330.81700000000114
1330.83000000000114
1330.98300000000114
1331.15600000000114
1331.34100000000114
1331.53800000000114
1331.69500000000114
1331.88400000000114
1332.02800000000114
1332.17300000000114
1332.32300000000114
1332.52900000000114
1447.84400000000124
1448.00600000000124
1448.17900000000124
1448.34900000000124
1448.52300000000124
1448.71000000000124
1448.86200000000125
1449.02500000000125
1449.16400000000125
271
-3
24.4799999999999931
24.9219999999999928
25.4059999999999924
25.6539999999999921
163.277000000000103
163.648000000000104
826.677000000000692
827.099000000000693
827.890000000000694
828.047000000000694
828.209000000000694
829.989000000000696
830.137000000000696
830.284000000000696
830.449000000000696
830.603000000000696
830.902000000000696
831.033000000000696
831.149000000000696
831.463000000000697
831.637000000000697
831.775000000000697
831.899000000000697
832.048000000000697
832.173000000000697
832.354000000000698
832.632000000000698
832.776000000000698
832.920000000000698
833.087000000000698
833.874000000000699
834.038000000000699
834.200000000000699
834.368000000000699
834.5140000000007
834.6800000000007
834.8200000000007
836.714000000000701
836.864000000000702
838.010000000000703
838.133000000000703
838.552000000000703
838.688000000000703
838.876000000000703
840.374000000000705
840.799000000000705
840.898000000000705
841.148000000000705
841.297000000000706
841.472000000000706
845.452000000000709
849.651000000000713
850.727000000000714
850.771000000000714
851.356000000000714
851.454000000000714
856.347000000000719
856.96100000000072
857.41500000000072
859.905000000000722
860.229000000000722
860.620000000000723
861.399000000000723
861.495000000000724
861.946000000000724
862.108000000000724
862.284000000000724
862.980000000000725
1098.47400000000093
1098.61900000000093
1098.77800000000093
1098.93900000000093
1103.34900000000094
1103.49200000000094
1103.64500000000094
1103.79300000000094
1103.94800000000094
1104.10700000000094
1104.22100000000094
1105.00300000000094
1105.14500000000094
1105.27100000000094
1105.44500000000094
1105.57800000000094
1105.75400000000094
1105.88200000000094
1106.04100000000094
1106.20400000000094
1107.28400000000094
1107.52600000000094
1108.31900000000094
1108.47300000000094
1108.65800000000094
1114.35900000000095
1114.86900000000095
1114.96700000000095
1115.09400000000095
1118.88900000000095
1119.11900000000095
1119.25300000000095
1119.48800000000095
1120.00100000000095
1120.15300000000095
1120.32600000000095
1120.56000000000095
1120.71600000000095
1120.86000000000095
1121.02500000000095
1121.19100000000095
1121.35500000000095
1121.47700000000095
1121.64600000000095
1121.75900000000095
1121.91400000000095
1122.03900000000095
1122.20900000000096
1122.36300000000096
1125.93100000000096
1226.75800000000105
1227.09300000000105
1227.27600000000105
1227.43500000000105
1227.60300000000105
1228.38900000000105
1228.65800000000105
1229.32400000000105
1229.47300000000105
1229.65200000000105
1229.76400000000105
1234.48600000000105
1234.63300000000105
1234.78600000000105
1234.94700000000106
1235.10900000000106
1235.26600000000106
1235.42600000000106
1235.56900000000106
1235.83700000000106
1236.40200000000106
1236.53100000000106
1236.83800000000106
1236.96600000000106
1237.13500000000106
1237.28300000000106
1237.45300000000106
1237.60300000000106
1237.73400000000106
1241.40100000000106
1244.40500000000106
1244.55600000000106
1244.72300000000106
1244.90400000000106
1245.03600000000106
1245.20100000000106
1245.34400000000106
1245.48300000000106
1245.60900000000106
1245.77200000000106
1245.92800000000106
1246.07100000000106
1246.21900000000107
1246.64200000000107
1247.46300000000107
1247.62700000000107
1248.22700000000107
1248.48300000000107
1248.60900000000107
1249.49800000000107
1384.15600000000119
1384.25000000000119
1384.50200000000119
1384.64400000000119
1384.79500000000119
1385.05900000000119
1385.19300000000119
1385.46900000000119
1385.62600000000119
1385.76200000000119
1385.92100000000119
1386.07300000000119
1386.19600000000119
1386.36900000000119
1386.53200000000119
1386.64700000000119
1386.80600000000119
1387.09400000000119
1387.26900000000119
1387.40800000000119
1387.58700000000119
1387.98300000000119
1388.16300000000119
1388.29000000000119
1388.45400000000119
1388.61600000000119
1388.77200000000119
1388.92300000000119
1390.03000000000119
1390.19400000000119
1390.36800000000119
1390.54100000000119
1390.68200000000119
1390.86200000000119
1391.03500000000119
1391.17900000000119
1391.35100000000119
1391.52100000000119
1391.67400000000119
1391.80400000000119
1391.98600000000119
1392.15300000000119
1392.29100000000119
1392.4800000000012
1392.6560000000012
1392.8200000000012
1393.0050000000012
1393.1790000000012
1393.4550000000012
1393.6070000000012
1393.7940000000012
1393.9720000000012
1394.1660000000012
1394.4760000000012
1394.6540000000012
1395.8970000000012
1396.0420000000012
1396.2160000000012
1396.3980000000012
1396.5500000000012
1401.7250000000012
1401.9090000000012
1402.0300000000012
1405.68900000000121
1405.84400000000121
1406.01400000000121
1406.19200000000121
1406.84500000000121
1406.99300000000121
1407.16400000000121
1407.34200000000121
1407.52500000000121
1407.69400000000121
1407.86100000000121
1408.15200000000121
1408.33100000000121
1408.50900000000121
1408.67300000000121
1408.85200000000121
1409.04700000000121
1409.37400000000121
1412.08400000000121
1412.23800000000121
1412.41000000000121
1412.58200000000121
1412.75300000000121
1412.92100000000121
1413.18400000000121
1413.36200000000121
1413.49800000000121
1413.67600000000121
1429.76600000000123
1429.91300000000123
1430.32800000000123
1431.06100000000123
1431.19000000000123
1431.36000000000123
1431.49400000000123
1431.66500000000123
1431.82800000000123
1431.98000000000123
1432.14500000000123
1432.30900000000123
-4
24.5299999999999931
24.9819999999999927
25.4449999999999923
25.817999999999992
163.317000000000103
163.699000000000104
826.692000000000693
827.129000000000693
827.959000000000694
828.121000000000694
828.297000000000694
830.028000000000696
830.178000000000696
830.350000000000696
830.509000000000696
830.660000000000696
830.946000000000696
831.063000000000696
831.237000000000697
831.548000000000697
831.699000000000697
831.828000000000697
831.961000000000697
832.108000000000697
832.264000000000698
832.388000000000698
832.696000000000698
832.830000000000698
832.989000000000698
833.123000000000698
833.951000000000699
834.111000000000699
834.274000000000699
834.417000000000699
834.5950000000007
834.7180000000007
834.8470000000007
836.782000000000702
836.937000000000702
838.106000000000703
838.202000000000703
838.599000000000703
838.762000000000703
838.891000000000703
840.421000000000705
840.854000000000705
841.000000000000705
841.214000000000705
841.386000000000706
841.556000000000706
845.513000000000709
849.738000000000713
850.759000000000714
850.790000000000714
851.406000000000714
851.788000000000715
856.421000000000719
857.06200000000072
857.94500000000072
859.960000000000722
860.373000000000722
861.266000000000723
861.444000000000723
861.650000000000724
862.031000000000724
862.196000000000724
862.359000000000724
863.037000000000725
1098.52600000000093
1098.69300000000093
1098.86000000000093
1099.01000000000093
1103.41100000000094
1103.56500000000094
1103.71700000000094
1103.87200000000094
1104.02100000000094
1104.14800000000094
1104.29000000000094
1105.05000000000094
1105.17800000000094
1105.34400000000094
1105.48500000000094
1105.66100000000094
1105.79100000000094
1105.95700000000094
1106.10800000000094
1106.24700000000094
1107.30700000000094
1107.57100000000094
1108.37800000000094
1108.54600000000094
1108.70400000000094
1114.45200000000095
1114.93200000000095
1115.06200000000095
1116.47900000000095
1118.94900000000095
1119.21800000000095
1119.46100000000095
1119.62700000000095
1120.07100000000095
1120.22800000000095
1120.35300000000095
1120.63600000000095
1120.77600000000095
1120.96900000000095
1121.10300000000095
1121.27300000000095
1121.41200000000095
1121.56800000000095
1121.65700000000095
1121.83800000000095
1121.96100000000095
1122.16000000000095
1122.28000000000096
1122.44600000000096
1125.96300000000096
1226.77800000000105
1227.15400000000105
1227.34700000000105
1227.51800000000105
1227.64100000000105
1228.42400000000105
1228.70000000000105
1229.39100000000105
1229.55100000000105
1229.68800000000105
1229.86000000000105
1234.55200000000105
1234.70800000000105
1234.86700000000106
1235.02200000000106
1235.18200000000106
1235.34400000000106
1235.48500000000106
1235.63100000000106
1235.92600000000106
1236.44800000000106
1236.61200000000106
1236.86200000000106
1237.04000000000106
1237.19000000000106
1237.36000000000106
1237.51300000000106
1237.64800000000106
1237.80700000000106
1241.43400000000106
1244.47600000000106
1244.63800000000106
1244.80800000000106
1244.96300000000106
1245.11000000000106
1245.25500000000106
1245.39200000000106
1245.51600000000106
1245.70800000000106
1245.82700000000106
1245.99900000000106
1246.14900000000107
1246.29100000000107
1246.73000000000107
1247.53500000000107
1247.70900000000107
1248.28800000000107
1248.55900000000107
1248.67900000000107
1249.55700000000107
1384.20500000000119
1384.28300000000119
1384.56300000000119
1384.70600000000119
1384.84100000000119
1385.10300000000119
1385.24100000000119
1385.54300000000119
1385.67500000000119
1385.84300000000119
1385.97400000000119
1386.10000000000119
1386.27500000000119
1386.43600000000119
1386.55800000000119
1386.72800000000119
1386.87900000000119
1387.19900000000119
1387.32000000000119
1387.50800000000119
1387.63600000000119
1388.06000000000119
1388.20700000000119
1388.37400000000119
1388.55300000000119
1388.68600000000119
1388.83500000000119
1389.00300000000119
1390.10500000000119
1390.27900000000119
1390.44500000000119
1390.58500000000119
1390.77900000000119
1390.95000000000119
1391.09000000000119
1391.26800000000119
1391.41500000000119
1391.54000000000119
1391.69900000000119
1391.90100000000119
1392.07200000000119
1392.21100000000119
1392.4040000000012
1392.5730000000012
1392.7050000000012
1392.9200000000012
1393.0740000000012
1393.2280000000012
1393.5070000000012
1393.7140000000012
1393.8900000000012
1394.0590000000012
1394.2510000000012
1394.5700000000012
1394.7020000000012
1395.9540000000012
1396.1290000000012
1396.3000000000012
1396.4590000000012
1396.6160000000012
1401.7930000000012
1401.9300000000012
1402.0930000000012
1405.75300000000121
1405.92200000000121
1406.09800000000121
1406.26100000000121
1406.88900000000121
1407.06100000000121
1407.24900000000121
1407.43200000000121
1407.60500000000121
1407.76000000000121
1407.93300000000121
1408.23700000000121
1408.42400000000121
1408.59300000000121
1408.76100000000121
1408.94200000000121
1409.13100000000121
1409.41400000000121
1412.15000000000121
1412.33200000000121
1412.49300000000121
1412.66300000000121
1412.82900000000121
1412.96300000000121
1413.26000000000121
1413.38900000000121
1413.58200000000121
1413.72200000000121
1429.83100000000123
1430.00700000000123
1430.38400000000123
1431.08700000000123
1431.26000000000123
1431.40100000000123
1431.58400000000123
1431.74100000000123
1431.88100000000123
1432.06500000000123
1432.23000000000123
1432.37500000000123
0
0
0
0
0
0
0
0
0
0
0
0
0
3600.00099999983085
0
0
0
0
0
0
