8
13
19
8
13
19
IPPneo1.10
sacch3
0
2
9
41
14
10
42
52
22
4
.3
1
612
612
1
1752
1752
1
1
1
1
1
1
1
1
1
1
1
1
1
1
1
1
1
1
1
1
611
-1
70.1270000000000206
70.2870000000000208
70.4150000000000209
70.561000000000021
70.7100000000000212
70.8570000000000213
71.3590000000000217
71.4830000000000218
71.624000000000022
71.7750000000000221
71.9200000000000222
72.0750000000000224
72.2310000000000225
72.3700000000000226
72.5310000000000228
72.6660000000000229
73.2520000000000234
73.4170000000000236
73.5840000000000237
73.7420000000000238
73.912000000000024
74.0690000000000241
74.2390000000000243
74.4030000000000244
74.5810000000000246
74.7260000000000247
74.8930000000000249
75.051000000000025
75.1920000000000251
75.3500000000000253
75.5350000000000254
75.6830000000000256
75.8550000000000257
76.0080000000000259
76.179000000000026
76.3530000000000262
76.5540000000000263
76.7090000000000265
76.8640000000000266
77.0270000000000268
78.362000000000028
78.4880000000000281
78.6670000000000282
78.8130000000000284
78.9750000000000285
79.1360000000000286
79.2960000000000288
79.4620000000000289
79.6230000000000291
79.7990000000000292
79.9710000000000294
80.1810000000000296
80.3420000000000297
80.5060000000000299
80.67300000000003
80.8390000000000302
81.0080000000000303
81.4510000000000307
81.6410000000000309
81.800000000000031
81.9700000000000312
82.1520000000000313
82.3230000000000315
82.4880000000000316
87.394000000000036
87.5260000000000361
87.6720000000000362
87.8320000000000364
87.9950000000000365
88.1510000000000366
88.3160000000000368
88.4700000000000369
88.6380000000000371
88.8050000000000372
88.9690000000000374
89.1310000000000375
89.5650000000000379
89.730000000000038
89.8980000000000382
90.0570000000000383
90.2230000000000385
100.5020000000000476
100.6220000000000477
100.7750000000000479
101.2060000000000482
101.3470000000000484
101.5010000000000485
101.6520000000000486
101.7920000000000488
101.9380000000000489
102.5130000000000494
176.859000000000115
177.127000000000116
178.729000000000117
204.12400000000014
204.63900000000014
204.82700000000014
205.219000000000141
205.302000000000141
205.491000000000141
205.938000000000141
206.252000000000142
206.712000000000142
206.830000000000142
207.386000000000143
287.549000000000214
287.990000000000214
288.293000000000214
288.610000000000215
288.948000000000215
289.142000000000215
289.293000000000215
289.473000000000215
289.648000000000216
289.808000000000216
289.936000000000216
290.144000000000216
290.284000000000216
290.467000000000216
290.655000000000216
290.825000000000217
315.403000000000238
316.95300000000024
317.13300000000024
317.32600000000024
317.46700000000024
318.655000000000241
318.818000000000242
319.346000000000242
360.601000000000279
374.179000000000291
374.626000000000291
474.72800000000038
474.88900000000038
475.03900000000038
475.22100000000038
475.403000000000381
475.584000000000381
475.775000000000381
475.909000000000381
479.072000000000384
479.958000000000385
480.266000000000385
480.704000000000385
480.873000000000385
481.167000000000386
481.771000000000386
528.467000000000428
529.079000000000428
529.686000000000429
533.271000000000432
533.575000000000432
533.725000000000432
534.208000000000433
534.376000000000433
534.535000000000433
534.686000000000433
534.841000000000433
535.155000000000434
535.322000000000434
535.467000000000434
535.624000000000434
535.796000000000434
535.957000000000434
536.112000000000434
536.295000000000435
536.444000000000435
536.608000000000435
536.783000000000435
536.970000000000435
537.143000000000435
537.312000000000436
537.495000000000436
537.671000000000436
537.806000000000436
537.966000000000436
538.101000000000436
538.271000000000436
538.449000000000437
538.702000000000437
538.853000000000437
539.011000000000437
539.199000000000437
539.366000000000437
540.236000000000438
550.609000000000447
551.765000000000448
551.875000000000448
552.021000000000449
552.170000000000449
552.334000000000449
553.20000000000045
553.66800000000045
553.94000000000045
554.265000000000451
554.433000000000451
554.563000000000451
554.724000000000451
554.883000000000451
555.047000000000451
555.720000000000452
555.910000000000452
556.051000000000452
556.201000000000452
556.352000000000452
556.756000000000453
556.904000000000453
557.584000000000454
557.869000000000454
558.013000000000454
560.254000000000456
560.410000000000456
560.532000000000456
560.707000000000456
560.831000000000456
560.980000000000457
583.048000000000476
583.264000000000476
583.865000000000477
584.075000000000477
584.185000000000477
584.366000000000477
584.533000000000477
584.700000000000478
584.860000000000478
585.015000000000478
585.181000000000478
585.366000000000478
585.842000000000479
586.436000000000479
586.579000000000479
586.725000000000479
588.765000000000481
678.800000000000561
678.851000000000561
770.046000000000642
775.374000000000647
776.348000000000648
824.18900000000069
824.552000000000691
824.873000000000691
825.431000000000691
825.573000000000692
825.792000000000692
825.814000000000692
826.072000000000692
826.189000000000692
826.356000000000692
827.435000000000693
827.889000000000694
828.023000000000694
828.171000000000694
828.495000000000694
829.376000000000695
829.501000000000695
829.681000000000695
829.801000000000695
829.979000000000695
830.110000000000696
830.586000000000696
830.665000000000696
830.842000000000696
830.985000000000696
831.145000000000696
831.316000000000697
831.455000000000697
831.588000000000697
831.727000000000697
831.894000000000697
832.036000000000697
834.5200000000007
834.5990000000007
834.8540000000007
834.9830000000007
835.1020000000007
835.2500000000007
835.3800000000007
835.5580000000007
835.686000000000701
835.836000000000701
903.01700000000076
903.300000000000761
904.241000000000761
904.840000000000762
905.150000000000762
905.429000000000762
905.571000000000763
905.865000000000763
906.013000000000763
906.169000000000763
906.323000000000763
906.440000000000763
906.610000000000764
907.742000000000765
907.884000000000765
907.990000000000765
908.113000000000765
908.266000000000765
908.393000000000765
908.543000000000765
908.701000000000765
908.853000000000766
908.999000000000766
909.254000000000766
909.424000000000766
909.562000000000766
909.683000000000766
980.86100000000083
985.914000000000834
1118.50600000000095
1118.82900000000095
1119.00500000000095
1119.14200000000095
1198.93700000000102
1199.06900000000102
1199.20700000000102
1216.93300000000104
1306.61000000000112
1306.78600000000112
1306.97100000000112
1307.13200000000112
1376.75600000000118
1377.05500000000118
1377.38000000000118
1378.01200000000118
1378.33700000000118
1378.48100000000118
1378.78900000000118
1378.99900000000118
1379.12400000000118
1379.44700000000118
1379.61800000000118
1379.84000000000118
1408.50500000000121
1408.82500000000121
1409.13800000000121
1409.32400000000121
1409.47000000000121
1409.79700000000121
1410.87300000000121
1410.94200000000121
1411.13900000000121
1411.29500000000121
1440.03500000000124
1440.61400000000124
1440.92700000000124
1441.53400000000124
1486.48700000000128
1495.74600000000129
1548.63300000000133
1549.06400000000133
1549.38100000000133
1549.39700000000133
1549.58900000000133
1550.19600000000134
1550.39300000000134
1550.43800000000134
1551.20600000000134
1551.33300000000134
1551.48000000000134
1551.83500000000134
1551.96700000000134
1552.12200000000134
1552.29000000000134
1552.68200000000134
1552.87100000000134
1553.17100000000134
1553.45600000000134
1553.67800000000134
1554.05100000000134
1554.17500000000134
1554.52400000000134
1555.33700000000134
1555.81200000000134
1555.97200000000134
1556.13000000000134
1556.31300000000134
1556.47200000000134
1557.19000000000134
1557.32000000000134
1557.44900000000134
1557.60100000000134
1557.74600000000134
1557.89700000000134
1558.06200000000134
1558.77100000000134
1559.89600000000134
1560.05100000000134
1560.20500000000134
1560.37300000000134
1560.54700000000134
1560.71600000000134
1560.89500000000134
1561.02000000000134
1561.10600000000134
1561.66400000000135
1561.94600000000135
1562.30900000000135
1562.67500000000135
1562.80400000000135
1563.09600000000135
1563.77300000000135
1564.02900000000135
1564.32200000000135
1565.23900000000135
1565.38100000000135
1565.46500000000135
1565.56200000000135
1565.83400000000135
1566.53400000000135
1566.75300000000135
1566.88200000000135
1567.06700000000135
1568.00000000000135
1568.54100000000135
1568.67900000000135
1569.33700000000135
1569.49100000000135
1569.81600000000135
1569.98300000000135
1570.54300000000135
1570.70200000000135
1576.15700000000136
1576.47800000000136
1576.65000000000136
1576.70000000000136
1576.85000000000136
1607.34300000000139
1608.24500000000139
1608.61100000000139
1608.75900000000139
1608.91300000000139
1609.27300000000139
1609.45500000000139
1610.96700000000139
1700.60700000000147
1700.89000000000147
1701.06400000000147
1701.19800000000147
1701.35600000000147
1702.66800000000147
1708.81500000000148
1709.23000000000148
1709.55800000000148
1709.68400000000148
1712.05500000000148
2192.45799999998587
2195.16199999998557
2285.37799999997563
2335.75999999997008
2335.83299999997008
2337.10799999996994
2337.25099999996992
2337.60299999996988
2337.90399999996985
2338.06399999996983
2338.21199999996982
2401.14899999996288
2401.30299999996287
2401.9289999999628
2402.25299999996276
2402.42099999996274
2402.91099999996269
2404.98199999996246
2405.14799999996244
2405.29799999996243
2406.28999999996232
2406.50999999996229
2407.96899999996213
2408.2499999999621
2408.56299999996207
2408.71399999996205
2408.91699999996203
2408.97899999996202
2409.151999999962
2409.28999999996199
2409.82399999996193
2409.91399999996192
2410.0649999999619
2410.20799999996189
2410.36899999996187
2410.53499999996185
2410.88799999996181
2411.0079999999618
2411.13899999996178
2411.30899999996176
2411.48199999996175
2411.61099999996173
2411.76199999996171
2411.9229999999617
2412.07299999996168
2412.23999999996166
2412.53899999996163
2412.69699999996161
2412.84999999996159
2413.16599999996156
2413.30999999996154
2413.93899999996147
2414.18599999996145
2414.33799999996143
2414.53299999996141
2414.91399999996137
2415.03599999996135
2415.31399999996132
2415.64599999996129
2415.79399999996127
2440.50399999995855
2440.67099999995853
2440.84199999995851
2441.00999999995849
2441.18299999995847
2459.18799999995649
2460.40499999995636
2460.55999999995634
2460.69699999995633
2461.33499999995625
2461.60199999995623
2463.99199999995596
2464.02099999995596
2464.11899999995595
2464.27599999995593
2464.36499999995592
2464.5239999999559
2464.67699999995589
2464.83399999995587
2464.97499999995585
2465.10899999995584
2465.27499999995582
2465.4299999999558
2465.73399999995577
2465.85999999995576
2466.00099999995574
2466.16999999995572
2466.29699999995571
2466.47099999995569
2466.76099999995566
2467.10599999995562
2468.77299999995544
2468.92999999995542
2469.0869999999554
2469.38499999995537
2469.75399999995533
2470.0209999999553
2470.29999999995527
2470.57899999995524
2470.74299999995522
2470.8749999999552
2471.10799999995518
2471.75199999995511
2471.89299999995509
2472.06699999995507
2472.17999999995506
2472.35399999995504
2472.49099999995503
2472.63299999995501
2472.770999999955
2472.93299999995498
2473.22899999995494
2473.36299999995493
2473.53699999995491
2473.96399999995486
2474.07999999995485
2474.26899999995483
2474.41299999995481
2474.5749999999548
2474.99799999995475
2475.4809999999547
2475.63599999995468
2475.77399999995466
2476.12099999995463
2476.40899999995459
2476.54199999995458
2479.54899999995425
2479.70799999995423
2483.21999999995384
2483.38999999995383
2483.73299999995379
2483.88799999995377
2484.04799999995375
2484.18199999995374
2624.29699999993831
2743.63699999992516
2751.67799999992428
2842.60799999991426
2901.3359999999078
2901.44599999990778
2901.59999999990777
2948.92899999990255
3005.86699999989628
3005.96799999989627
3047.82099999989166
3092.58599999988673
3092.98699999988669
3093.08599999988668
3093.24599999988666
3093.7699999998866
3174.66999999987769
3174.89999999987767
3218.71599999987284
3218.87399999987282
3219.18999999987279
3220.0249999998727
3220.54799999987264
3298.83999999986402
3299.07899999986399
3408.51999999985194
3408.66999999985192
3408.8459999998519
3408.96199999985189
3517.90599999983989
3525.1259999998391
-2
70.1730000000000207
70.3320000000000208
70.477000000000021
70.6190000000000211
70.7680000000000212
70.9000000000000213
71.3990000000000218
71.5380000000000219
71.687000000000022
71.8320000000000222
71.9880000000000223
72.1460000000000224
72.2800000000000226
72.4370000000000227
72.5740000000000228
72.7030000000000229
73.3230000000000235
73.4840000000000236
73.6590000000000238
73.8170000000000239
73.9810000000000241
74.1450000000000242
74.3150000000000244
74.4700000000000245
74.6320000000000246
74.7950000000000248
74.9550000000000249
75.1050000000000251
75.2440000000000252
75.4360000000000254
75.5960000000000255
75.7580000000000256
75.9120000000000258
76.0840000000000259
76.2640000000000261
76.4380000000000262
76.6190000000000264
76.7750000000000265
76.9290000000000267
77.0750000000000268
78.407000000000028
78.5660000000000281
78.7300000000000283
78.8890000000000284
79.0550000000000286
79.2050000000000287
79.3720000000000288
79.533000000000029
79.7060000000000291
79.8740000000000293
80.0470000000000294
80.2550000000000296
80.4120000000000298
80.5810000000000299
80.7490000000000301
80.9160000000000302
81.0730000000000304
81.5280000000000308
81.7150000000000309
81.8820000000000311
82.0570000000000312
82.2270000000000314
82.3910000000000315
82.5690000000000317
87.446000000000036
87.5900000000000361
87.7530000000000363
87.9120000000000364
88.0680000000000366
88.2300000000000367
88.3820000000000368
88.551000000000037
88.7170000000000372
88.8810000000000373
89.0410000000000374
89.1760000000000376
89.639000000000038
89.8000000000000381
89.9670000000000383
90.1240000000000384
90.2810000000000385
100.5390000000000476
100.6910000000000478
100.8280000000000479
101.2610000000000483
101.4150000000000484
101.5640000000000486
101.7090000000000487
101.8500000000000488
101.9860000000000489
102.5750000000000495
176.900000000000115
177.173000000000116
178.756000000000117
204.15900000000014
204.75700000000014
205.108000000000141
205.300000000000141
205.315000000000141
205.850000000000141
205.984000000000141
206.277000000000142
206.720000000000142
206.852000000000142
207.417000000000143
287.599000000000214
288.029000000000214
288.365000000000214
288.700000000000215
289.034000000000215
289.208000000000215
289.392000000000215
289.558000000000216
289.715000000000216
289.923000000000216
290.052000000000216
290.231000000000216
290.399000000000216
290.582000000000216
290.752000000000217
290.923000000000217
315.415000000000238
317.03700000000024
317.22000000000024
317.38600000000024
317.57100000000024
318.715000000000241
318.844000000000242
319.446000000000242
360.628000000000279
374.230000000000291
374.661000000000291
474.79300000000038
474.97200000000038
475.15100000000038
475.333000000000381
475.505000000000381
475.655000000000381
475.817000000000381
476.001000000000381
479.092000000000384
480.008000000000385
480.307000000000385
480.775000000000385
480.934000000000386
481.260000000000386
481.820000000000386
528.533000000000428
529.127000000000428
529.766000000000429
533.322000000000432
533.621000000000432
533.790000000000432
534.259000000000433
534.425000000000433
534.582000000000433
534.750000000000433
534.910000000000433
535.227000000000434
535.395000000000434
535.556000000000434
535.726000000000434
535.877000000000434
536.043000000000434
536.219000000000435
536.390000000000435
536.536000000000435
536.712000000000435
536.896000000000435
537.077000000000435
537.251000000000436
537.429000000000436
537.603000000000436
537.770000000000436
537.899000000000436
538.045000000000436
538.216000000000436
538.343000000000436
538.649000000000437
538.811000000000437
538.975000000000437
539.138000000000437
539.329000000000437
539.474000000000437
540.401000000000438
550.644000000000447
551.787000000000448
551.948000000000449
552.110000000000449
552.269000000000449
552.410000000000449
553.28600000000045
553.70900000000045
554.03800000000045
554.328000000000451
554.467000000000451
554.657000000000451
554.820000000000451
554.971000000000451
555.104000000000451
555.838000000000452
555.985000000000452
556.136000000000452
556.274000000000452
556.415000000000452
556.849000000000453
556.964000000000453
557.661000000000454
557.944000000000454
558.083000000000454
560.323000000000456
560.461000000000456
560.615000000000456
560.764000000000456
560.929000000000457
561.071000000000457
583.063000000000476
583.302000000000476
583.923000000000477
584.084000000000477
584.279000000000477
584.439000000000477
584.604000000000478
584.778000000000478
584.941000000000478
585.106000000000478
585.276000000000478
585.424000000000478
585.903000000000479
586.494000000000479
586.669000000000479
586.81400000000048
588.800000000000481
678.838000000000561
678.885000000000561
770.070000000000642
775.444000000000647
776.363000000000648
824.26500000000069
824.604000000000691
824.974000000000691
825.480000000000692
825.657000000000692
825.810000000000692
825.828000000000692
826.163000000000692
826.315000000000692
827.386000000000693
827.527000000000693
827.945000000000694
828.104000000000694
828.268000000000694
828.559000000000694
829.478000000000695
829.612000000000695
829.758000000000695
829.908000000000695
830.053000000000696
830.189000000000696
830.641000000000696
830.792000000000696
830.939000000000696
831.092000000000696
831.230000000000697
831.391000000000697
831.530000000000697
831.684000000000697
831.832000000000697
831.981000000000697
832.131000000000697
834.5640000000007
834.6760000000007
834.8990000000007
835.0370000000007
835.1900000000007
835.3520000000007
835.4980000000007
835.6520000000007
835.799000000000701
836.113000000000701
903.06100000000076
903.372000000000761
904.288000000000762
904.875000000000762
905.182000000000762
905.487000000000763
905.640000000000763
905.941000000000763
906.091000000000763
906.242000000000763
906.381000000000763
906.532000000000764
906.675000000000764
907.772000000000765
907.912000000000765
908.061000000000765
908.196000000000765
908.356000000000765
908.496000000000765
908.639000000000765
908.781000000000765
908.901000000000766
909.049000000000766
909.326000000000766
909.467000000000766
909.589000000000766
909.754000000000766
980.90500000000083
985.973000000000834
1118.57700000000095
1118.90000000000095
1119.06100000000095
1119.20400000000095
1198.97700000000102
1199.13500000000102
1199.27700000000102
1217.00000000000104
1306.69000000000112
1306.86000000000112
1306.99800000000112
1307.19200000000112
1376.77600000000118
1377.12100000000118
1377.55500000000118
1378.04900000000118
1378.39000000000118
1378.55100000000118
1378.86800000000118
1379.03300000000118
1379.18900000000118
1379.54900000000118
1379.71600000000118
1379.89200000000118
1408.57600000000121
1408.88700000000121
1409.21200000000121
1409.37200000000121
1409.53200000000121
1409.88100000000121
1410.91000000000121
1411.03300000000121
1411.18300000000121
1411.33000000000121
1440.10200000000124
1440.69300000000124
1440.99900000000124
1441.61300000000124
1486.50500000000128
1495.76700000000129
1548.66000000000133
1549.08000000000133
1549.38800000000133
1549.45700000000133
1549.92100000000133
1550.24600000000134
1550.43500000000134
1550.80500000000134
1551.25000000000134
1551.39700000000134
1551.54500000000134
1551.85300000000134
1551.99100000000134
1552.18900000000134
1552.34700000000134
1552.69800000000134
1553.01600000000134
1553.22400000000134
1553.55700000000134
1553.90800000000134
1554.11900000000134
1554.43800000000134
1554.80400000000134
1555.35600000000134
1555.87600000000134
1556.03100000000134
1556.19400000000134
1556.37500000000134
1556.53300000000134
1557.22600000000134
1557.35200000000134
1557.50700000000134
1557.64400000000134
1557.79000000000134
1557.96400000000134
1558.12500000000134
1559.62800000000134
1559.95600000000134
1560.10700000000134
1560.26600000000134
1560.43600000000134
1560.61100000000134
1560.76400000000134
1560.97500000000134
1561.05400000000134
1561.17400000000134
1561.84500000000135
1562.22500000000135
1562.62600000000135
1562.68300000000135
1562.87200000000135
1563.15200000000135
1563.81900000000135
1564.07900000000135
1564.37700000000135
1565.29900000000135
1565.44800000000135
1565.49200000000135
1565.78600000000135
1565.86600000000135
1566.58100000000135
1566.80800000000135
1566.93500000000135
1567.14600000000135
1568.06000000000135
1568.63600000000135
1568.72600000000135
1569.39200000000135
1569.55100000000135
1569.86100000000135
1570.03300000000135
1570.58000000000135
1570.73400000000135
1576.22800000000136
1576.54900000000136
1576.69300000000136
1576.83300000000136
1577.12800000000136
1607.37400000000139
1608.34900000000139
1608.67400000000139
1608.84900000000139
1609.01600000000139
1609.34200000000139
1609.51400000000139
1611.03500000000139
1700.66000000000147
1700.96100000000147
1701.10400000000147
1701.27400000000147
1701.43900000000147
1702.70000000000147
1708.82800000000148
1709.32100000000148
1709.59100000000148
1709.70100000000148
1712.11200000000148
2192.48399999998586
2195.18799999998557
2285.39699999997563
2335.77299999997008
2335.85799999997007
2337.14099999996993
2337.33099999996991
2337.67299999996987
2337.98399999996984
2338.14199999996982
2338.3049999999698
2401.22099999996288
2401.49099999996285
2401.99199999996279
2402.32199999996275
2402.48399999996274
2402.96099999996268
2405.05899999996245
2405.20899999996244
2405.37299999996242
2406.35099999996231
2406.52799999996229
2408.02399999996213
2408.32199999996209
2408.62699999996206
2408.77999999996204
2408.92899999996203
2409.09099999996201
2409.23899999996199
2409.42199999996197
2409.84299999996193
2409.99699999996191
2410.16199999996189
2410.30899999996187
2410.45999999996186
2410.59799999996184
2410.92999999996181
2411.11899999996179
2411.25199999996177
2411.39999999996175
2411.54899999996174
2411.72299999996172
2411.8619999999617
2412.02299999996169
2412.16899999996167
2412.50599999996163
2412.64899999996162
2412.8049999999616
2413.11799999996157
2413.27799999996155
2413.42799999996153
2414.17699999996145
2414.31699999996143
2414.47099999996142
2414.6289999999614
2414.96799999996136
2415.28799999996133
2415.60299999996129
2415.75399999996128
2415.89899999996126
2440.58299999995854
2440.74499999995852
2440.9079999999585
2441.04799999995849
2441.23799999995847
2459.23499999995649
2460.46499999995635
2460.62599999995633
2460.77999999995632
2461.37899999995625
2461.68699999995622
2464.00699999995596
2464.02799999995596
2464.19099999995594
2464.31399999995593
2464.47199999995591
2464.60899999995589
2464.75399999995588
2464.89999999995586
2465.06199999995584
2465.20199999995583
2465.35399999995581
2465.5009999999558
2465.80199999995576
2465.96799999995574
2466.10899999995573
2466.27899999995571
2466.42999999995569
2466.75099999995566
2467.07499999995562
2467.67199999995556
2468.86699999995543
2469.01599999995541
2469.1319999999554
2469.45999999995536
2469.81199999995532
2470.07799999995529
2470.36499999995526
2470.66199999995523
2470.82299999995521
2470.96199999995519
2471.23199999995516
2471.8619999999551
2472.00499999995508
2472.15999999995506
2472.29799999995505
2472.44699999995503
2472.58399999995502
2472.719999999955
2472.86599999995499
2473.01199999995497
2473.30099999995494
2473.45299999995492
2473.56699999995491
2474.05799999995485
2474.22099999995484
2474.35599999995482
2474.5089999999548
2474.81899999995477
2475.4249999999547
2475.56999999995469
2475.72099999995467
2476.05099999995463
2476.17099999995462
2476.47099999995459
2476.78499999995455
2479.61099999995424
2479.72299999995423
2483.28999999995384
2483.48599999995382
2483.82899999995378
2483.96899999995376
2484.15099999995374
2484.28199999995373
2624.3229999999383
2743.64499999992516
2751.72099999992427
2842.65699999991426
2901.36599999990779
2901.54699999990777
2902.41599999990768
2953.966999999902
3005.93799999989628
3012.19499999989559
3048.58199999989158
3092.62999999988673
3093.03799999988668
3093.15599999988667
3093.63999999988662
3098.52699999988608
3174.67399999987769
3176.24899999987752
3218.79399999987283
3219.14399999987279
3219.27599999987278
3220.31099999987267
3220.61299999987263
3298.86899999986401
3299.28099999986397
3408.60199999985193
3408.75499999985191
3408.95099999985189
3409.40999999985184
3523.56999999983927
3594.92399999983141
1751
-3
15.68400000000000031
15.81100000000000032
16.0630000000000003
16.6009999999999998
16.7409999999999997
16.8939999999999996
17.0319999999999994
17.1709999999999993
17.2889999999999992
17.4429999999999991
17.580999999999999
17.7239999999999989
17.8759999999999987
18.0409999999999986
18.1709999999999985
18.3419999999999983
18.4899999999999982
18.6619999999999981
18.795999999999998
18.9619999999999978
19.1299999999999977
19.2939999999999975
19.4759999999999974
19.6359999999999972
20.5689999999999965
20.7259999999999963
20.8949999999999962
21.060999999999996
21.2199999999999959
21.4029999999999957
21.5659999999999956
21.7319999999999955
21.9089999999999953
22.1919999999999951
22.3599999999999949
22.5329999999999948
22.9909999999999944
23.1369999999999943
23.3139999999999941
23.497999999999994
23.6799999999999938
23.8489999999999937
24.0339999999999935
24.2229999999999934
24.4079999999999932
25.1869999999999925
25.3609999999999924
25.5309999999999922
25.7169999999999921
25.8919999999999919
26.0779999999999918
26.2419999999999916
26.4349999999999915
26.6259999999999913
26.8319999999999911
27.012999999999991
27.1829999999999909
27.3359999999999907
27.5269999999999906
27.7099999999999904
27.9069999999999902
28.0959999999999901
28.2729999999999899
28.4549999999999898
28.6439999999999896
28.8219999999999895
29.0049999999999893
29.2019999999999891
29.384999999999989
29.5629999999999888
29.7499999999999887
29.9399999999999885
30.1249999999999884
30.3329999999999882
30.497999999999988
30.6869999999999879
30.8839999999999877
31.4919999999999872
31.6589999999999871
31.8439999999999869
32.0219999999999868
32.226999999999987
33.0479999999999877
33.2589999999999879
33.403999999999988
33.5859999999999882
33.7719999999999883
33.9599999999999885
34.1489999999999887
34.3419999999999889
34.545999999999989
34.7289999999999892
34.9119999999999894
35.5619999999999899
35.7169999999999901
35.8989999999999902
36.0849999999999904
36.2689999999999906
36.4529999999999907
36.6389999999999909
36.8289999999999911
37.0179999999999912
37.2279999999999914
37.4099999999999916
37.6049999999999918
37.8009999999999919
37.9949999999999921
38.1939999999999923
38.3839999999999924
38.5539999999999926
38.7419999999999928
38.9379999999999929
39.1289999999999931
39.3169999999999933
39.5079999999999934
39.7049999999999936
39.9399999999999938
40.109999999999994
40.2979999999999941
40.4849999999999943
42.2579999999999959
42.6999999999999963
42.7879999999999964
43.4339999999999969
43.5779999999999971
43.7319999999999972
43.9009999999999973
44.0719999999999975
44.2479999999999977
44.4299999999999978
44.607999999999998
44.7889999999999981
44.9589999999999983
45.1349999999999984
45.3119999999999986
45.4919999999999988
45.6719999999999989
45.8589999999999991
46.0449999999999992
46.2139999999999994
46.3999999999999996
46.872
47.0140000000000001
47.1990000000000003
47.3730000000000004
47.5660000000000006
47.7570000000000008
47.9330000000000009
48.1190000000000011
48.3050000000000013
48.5110000000000014
48.6760000000000016
48.8700000000000018
49.0380000000000019
49.185000000000002
49.3700000000000022
49.5510000000000024
49.7490000000000025
49.9570000000000027
50.1370000000000029
50.313000000000003
50.5100000000000032
50.7080000000000034
50.9050000000000036
51.2430000000000039
51.415000000000004
51.6060000000000042
51.7910000000000044
51.9780000000000045
52.1700000000000047
52.3540000000000049
52.540000000000005
52.7240000000000052
52.9070000000000053
53.1010000000000055
53.2710000000000057
53.4610000000000058
56.8350000000000088
56.9640000000000089
57.1110000000000091
57.2720000000000092
57.4290000000000094
57.6000000000000095
57.7700000000000097
57.9440000000000098
58.12000000000001
58.2830000000000101
58.4490000000000103
58.6250000000000104
58.7950000000000106
58.9790000000000107
59.1450000000000109
59.311000000000011
59.4870000000000112
59.6630000000000113
59.8480000000000115
60.0260000000000117
60.4990000000000121
60.6670000000000122
60.8410000000000124
61.0220000000000126
61.2060000000000127
61.3840000000000129
61.571000000000013
61.7530000000000132
61.9370000000000134
62.1210000000000135
62.3110000000000137
62.4960000000000139
62.701000000000014
65.0040000000000161
65.1440000000000162
65.3030000000000164
65.4690000000000165
65.6400000000000167
65.8170000000000168
65.998000000000017
112.6580000000000584
112.7670000000000585
112.9100000000000586
113.0580000000000588
113.2130000000000589
113.3780000000000591
113.5160000000000592
113.6770000000000593
113.8270000000000594
113.9640000000000596
114.3450000000000599
114.48300000000006
114.6420000000000602
114.7830000000000603
114.9480000000000604
115.1090000000000606
115.2740000000000607
115.4300000000000609
115.594000000000061
115.7510000000000612
115.9130000000000613
116.0490000000000614
116.2230000000000616
116.3810000000000617
116.5480000000000619
116.722000000000062
116.8820000000000622
117.0770000000000623
117.2340000000000625
117.3960000000000626
117.5680000000000628
117.7340000000000629
117.9190000000000631
118.0900000000000632
118.2640000000000634
118.4360000000000635
118.6110000000000637
118.7960000000000639
118.969000000000064
119.1470000000000642
119.3080000000000643
119.4760000000000645
119.6500000000000646
119.8280000000000648
119.9900000000000649
120.1770000000000651
120.3520000000000652
120.5420000000000654
120.7120000000000656
123.6200000000000682
123.7370000000000682
123.8850000000000684
124.0450000000000685
124.1890000000000687
124.3600000000000688
124.513000000000069
124.6750000000000691
124.8310000000000692
124.9710000000000694
125.1420000000000695
125.3110000000000696
125.4860000000000698
125.66500000000007
125.8240000000000701
126.0210000000000703
126.4220000000000706
126.5980000000000708
126.7700000000000709
126.9450000000000711
127.1280000000000713
127.3010000000000714
127.4750000000000716
127.6470000000000717
127.8320000000000719
128.750000000000073
128.906000000000073
129.058000000000073
129.229000000000073
129.397000000000073
129.570000000000073
129.749000000000074
149.582000000000091
149.697000000000091
149.845000000000091
149.972000000000092
150.118000000000092
150.270000000000092
150.417000000000092
150.567000000000092
150.726000000000092
150.881000000000092
151.042000000000092
151.201000000000093
151.367000000000093
151.551000000000093
151.680000000000093
151.852000000000093
152.011000000000093
152.161000000000094
152.324000000000094
152.491000000000094
152.661000000000094
152.833000000000094
152.986000000000094
153.154000000000094
153.729000000000095
153.881000000000095
154.041000000000095
154.200000000000095
154.365000000000095
154.553000000000096
154.720000000000096
154.892000000000096
155.059000000000096
155.223000000000096
155.409000000000096
155.585000000000097
155.764000000000097
155.933000000000097
157.741000000000098
157.868000000000099
158.021000000000099
158.171000000000099
158.330000000000099
158.488000000000099
158.652000000000099
158.819000000000099
158.9900000000001
159.1560000000001
159.3260000000001
159.7600000000001
159.9260000000001
160.085000000000101
160.246000000000101
160.414000000000101
160.586000000000101
160.779000000000101
161.511000000000102
161.659000000000102
161.830000000000102
162.013000000000102
162.185000000000102
162.358000000000103
162.527000000000103
162.705000000000103
162.888000000000103
163.071000000000103
163.242000000000103
163.408000000000103
163.568000000000104
163.740000000000104
163.901000000000104
164.051000000000104
164.270000000000104
164.393000000000104
164.576000000000105
164.766000000000105
164.934000000000105
165.115000000000105
165.285000000000105
165.468000000000105
165.643000000000105
165.801000000000106
165.949000000000106
166.132000000000106
166.410000000000106
166.587000000000106
166.761000000000106
166.932000000000107
167.236000000000107
167.421000000000107
167.745000000000107
167.923000000000108
168.527000000000108
168.692000000000108
168.868000000000108
169.043000000000108
169.224000000000109
169.408000000000109
169.591000000000109
169.773000000000109
169.942000000000109
170.089000000000109
170.27900000000011
170.45500000000011
171.04700000000011
171.22200000000011
171.359000000000111
171.552000000000111
171.739000000000111
171.919000000000111
211.589000000000146
211.716000000000146
211.881000000000147
212.003000000000147
212.192000000000147
212.328000000000147
212.480000000000147
212.632000000000147
212.778000000000147
212.928000000000147
213.092000000000148
216.31000000000015
216.422000000000151
216.557000000000151
216.698000000000151
216.842000000000151
216.992000000000151
217.148000000000151
217.299000000000151
217.454000000000151
217.609000000000152
217.763000000000152
217.924000000000152
218.087000000000152
218.243000000000152
218.409000000000152
218.573000000000152
218.737000000000153
218.895000000000153
219.067000000000153
219.208000000000153
219.377000000000153
220.105000000000154
220.244000000000154
220.411000000000154
220.575000000000154
220.742000000000154
220.905000000000155
221.079000000000155
221.595000000000155
221.759000000000155
221.921000000000155
222.087000000000156
222.260000000000156
222.431000000000156
222.616000000000156
223.047000000000156
223.204000000000157
223.378000000000157
223.562000000000157
223.732000000000157
223.911000000000157
224.088000000000157
224.272000000000158
224.446000000000158
224.628000000000158
224.820000000000158
224.981000000000158
225.140000000000158
225.319000000000158
225.488000000000159
225.675000000000159
225.840000000000159
226.025000000000159
226.203000000000159
226.379000000000159
226.55700000000016
226.74000000000016
226.91300000000016
227.09800000000016
227.28100000000016
227.921000000000161
228.078000000000161
228.675000000000161
228.839000000000162
229.012000000000162
229.182000000000162
229.356000000000162
229.536000000000162
229.720000000000162
229.893000000000163
230.071000000000163
230.255000000000163
231.000000000000164
231.143000000000164
231.308000000000164
231.487000000000164
231.651000000000164
232.419000000000165
232.554000000000165
232.716000000000165
232.876000000000165
233.039000000000165
233.206000000000165
233.377000000000166
233.544000000000166
233.719000000000166
233.891000000000166
234.068000000000166
234.253000000000166
234.427000000000167
234.603000000000167
234.774000000000167
234.929000000000167
235.112000000000167
235.286000000000167
235.454000000000167
235.630000000000168
235.808000000000168
235.990000000000168
236.168000000000168
236.348000000000168
236.524000000000168
236.704000000000169
236.890000000000169
237.064000000000169
237.680000000000169
237.82700000000017
237.98400000000017
238.15200000000017
238.31800000000017
238.49300000000017
238.66600000000017
238.84800000000017
239.033000000000171
239.209000000000171
239.380000000000171
239.556000000000171
239.733000000000171
240.207000000000172
240.350000000000172
240.539000000000172
240.701000000000172
240.887000000000172
241.074000000000172
241.262000000000173
241.445000000000173
241.630000000000173
241.805000000000173
241.989000000000173
242.178000000000173
242.342000000000174
242.491000000000174
242.682000000000174
242.857000000000174
243.037000000000174
243.378000000000175
243.559000000000175
243.711000000000175
243.900000000000175
244.006000000000175
244.096000000000175
244.286000000000175
244.455000000000175
244.642000000000176
244.822000000000176
245.014000000000176
245.205000000000176
245.387000000000176
245.566000000000176
245.747000000000177
245.921000000000177
246.114000000000177
246.854000000000178
247.031000000000178
247.199000000000178
247.371000000000178
247.551000000000178
247.728000000000178
247.916000000000179
248.105000000000179
248.295000000000179
248.471000000000179
248.665000000000179
248.841000000000179
249.02300000000018
249.74700000000018
249.92100000000018
250.09400000000018
250.274000000000181
250.463000000000181
250.646000000000181
250.829000000000181
251.011000000000181
256.366000000000186
256.500000000000186
256.644000000000186
256.799000000000186
256.959000000000187
257.122000000000187
257.284000000000187
257.455000000000187
257.623000000000187
257.793000000000187
257.958000000000187
258.126000000000188
258.296000000000188
258.466000000000188
259.798000000000189
259.955000000000189
260.095000000000189
260.246000000000189
260.39500000000019
260.55700000000019
260.72300000000019
260.88700000000019
261.04900000000019
261.21700000000019
261.37200000000019
261.544000000000191
261.711000000000191
261.891000000000191
262.055000000000191
262.215000000000191
262.390000000000191
262.549000000000192
262.729000000000192
262.915000000000192
263.092000000000192
263.279000000000192
263.473000000000192
265.824000000000194
265.959000000000195
266.129000000000195
266.298000000000195
266.489000000000195
266.621000000000195
266.791000000000195
266.967000000000195
267.139000000000196
267.311000000000196
267.493000000000196
267.665000000000196
267.840000000000196
268.015000000000196
268.188000000000197
268.363000000000197
268.550000000000197
268.734000000000197
268.919000000000197
269.376000000000198
269.531000000000198
269.700000000000198
269.883000000000198
270.065000000000198
270.247000000000198
270.427000000000199
270.611000000000199
270.794000000000199
270.976000000000199
271.143000000000199
271.319000000000199
271.499000000000199
271.6740000000002
271.8490000000002
271.9450000000002
272.0640000000002
272.1970000000002
272.3790000000002
273.078000000000201
273.175000000000201
273.263000000000201
273.442000000000201
273.593000000000201
273.776000000000202
273.964000000000202
274.151000000000202
274.336000000000202
274.522000000000202
274.704000000000202
275.793000000000203
275.943000000000203
276.133000000000204
276.302000000000204
276.490000000000204
276.675000000000204
276.855000000000204
277.031000000000204
277.231000000000205
277.422000000000205
277.618000000000205
277.801000000000205
277.890000000000205
277.994000000000205
278.169000000000205
278.348000000000206
278.526000000000206
278.674000000000206
278.785000000000206
278.874000000000206
279.062000000000206
279.248000000000206
279.394000000000206
279.595000000000207
279.768000000000207
279.954000000000207
280.918000000000208
281.088000000000208
281.267000000000208
303.789000000000228
303.912000000000228
304.048000000000228
304.194000000000228
304.339000000000229
304.493000000000229
304.652000000000229
304.801000000000229
304.958000000000229
305.113000000000229
305.264000000000229
305.41200000000023
305.56300000000023
305.72100000000023
305.86300000000023
306.02600000000023
306.17000000000023
306.34400000000023
306.477000000000231
306.608000000000231
306.778000000000231
306.934000000000231
307.095000000000231
307.251000000000231
307.405000000000231
307.996000000000232
308.126000000000232
308.291000000000232
308.433000000000232
308.587000000000232
308.746000000000233
308.908000000000233
309.064000000000233
309.240000000000233
309.408000000000233
309.580000000000233
309.744000000000233
309.919000000000234
311.876000000000235
312.010000000000235
312.166000000000236
312.300000000000236
329.983000000000251
330.111000000000252
330.252000000000252
330.397000000000252
330.545000000000252
330.695000000000252
330.841000000000252
330.991000000000252
331.148000000000252
331.298000000000253
331.454000000000253
331.611000000000253
331.766000000000253
331.930000000000253
332.091000000000253
332.241000000000253
332.397000000000254
332.560000000000254
332.722000000000254
332.868000000000254
333.040000000000254
333.189000000000254
333.353000000000254
333.497000000000255
333.663000000000255
334.361000000000255
334.509000000000255
334.670000000000256
334.817000000000256
334.984000000000256
335.159000000000256
335.324000000000256
335.489000000000256
335.661000000000256
336.079000000000257
336.245000000000257
336.407000000000257
336.575000000000257
336.757000000000257
336.924000000000258
337.101000000000258
337.274000000000258
337.446000000000258
337.632000000000258
337.799000000000258
338.582000000000259
338.706000000000259
338.867000000000259
339.024000000000259
339.19000000000026
339.36000000000026
339.53300000000026
342.277000000000262
342.412000000000262
342.566000000000263
342.729000000000263
342.890000000000263
343.061000000000263
343.240000000000263
343.402000000000263
343.564000000000264
343.722000000000264
343.892000000000264
344.061000000000264
344.234000000000264
344.409000000000264
344.716000000000264
344.900000000000265
345.059000000000265
345.228000000000265
345.409000000000265
345.585000000000265
345.750000000000265
345.910000000000266
345.991000000000266
346.085000000000266
346.263000000000266
346.452000000000266
346.623000000000266
346.808000000000266
346.956000000000266
347.101000000000267
347.291000000000267
347.473000000000267
347.645000000000267
347.822000000000267
347.995000000000267
348.174000000000268
348.324000000000268
348.484000000000268
348.671000000000268
349.244000000000269
349.394000000000269
349.559000000000269
349.726000000000269
349.909000000000269
350.089000000000269
350.266000000000269
350.43900000000027
350.61700000000027
350.79000000000027
350.96900000000027
351.15500000000027
351.32600000000027
352.678000000000272
352.835000000000272
353.003000000000272
353.173000000000272
353.336000000000272
353.505000000000272
353.675000000000272
354.524000000000273
354.688000000000273
354.855000000000274
355.027000000000274
355.200000000000274
355.373000000000274
358.292000000000277
358.423000000000277
358.578000000000277
358.740000000000277
358.906000000000277
359.065000000000277
382.346000000000298
382.460000000000298
382.597000000000298
382.739000000000298
382.888000000000298
383.031000000000299
383.183000000000299
383.335000000000299
383.485000000000299
383.639000000000299
383.787000000000299
383.950000000000299
384.1010000000003
384.2640000000003
384.4260000000003
384.5740000000003
384.7310000000003
384.8950000000003
385.0730000000003
385.2390000000003
385.417000000000301
386.101000000000301
386.251000000000301
386.422000000000302
386.602000000000302
386.776000000000302
386.954000000000302
387.145000000000302
387.318000000000302
387.496000000000302
387.668000000000303
387.822000000000303
387.965000000000303
388.140000000000303
388.311000000000303
388.484000000000303
388.660000000000304
388.845000000000304
389.024000000000304
389.211000000000304
389.393000000000304
389.568000000000304
389.736000000000304
389.912000000000305
390.076000000000305
390.256000000000305
390.436000000000305
390.606000000000305
390.784000000000305
390.965000000000306
391.151000000000306
391.325000000000306
391.518000000000306
391.710000000000306
391.889000000000306
392.071000000000307
400.395000000000314
400.514000000000314
400.660000000000314
400.818000000000314
400.963000000000314
401.120000000000315
401.274000000000315
401.434000000000315
401.590000000000315
401.749000000000315
401.909000000000315
402.084000000000315
402.245000000000316
402.400000000000316
402.538000000000316
402.699000000000316
402.848000000000316
403.012000000000316
403.172000000000316
403.320000000000317
403.484000000000317
403.649000000000317
403.819000000000317
403.977000000000317
404.134000000000317
404.428000000000318
404.602000000000318
404.762000000000318
404.928000000000318
405.096000000000318
405.778000000000319
407.42000000000032
407.56400000000032
407.71400000000032
407.877000000000321
408.036000000000321
408.198000000000321
408.360000000000321
408.524000000000321
408.695000000000321
408.984000000000322
409.163000000000322
409.340000000000322
409.532000000000322
409.679000000000322
409.845000000000322
410.014000000000322
410.180000000000323
410.582000000000323
410.760000000000323
410.929000000000323
411.106000000000323
411.285000000000324
411.459000000000324
411.637000000000324
411.821000000000324
412.404000000000325
412.566000000000325
412.738000000000325
412.905000000000325
413.072000000000325
413.244000000000325
413.418000000000326
413.587000000000326
413.754000000000326
413.927000000000326
414.102000000000326
414.270000000000326
414.456000000000326
414.625000000000327
414.798000000000327
414.970000000000327
415.133000000000327
415.309000000000327
415.494000000000327
415.665000000000328
415.847000000000328
416.298000000000328
416.478000000000328
416.648000000000328
416.815000000000329
416.989000000000329
417.165000000000329
417.339000000000329
417.520000000000329
417.694000000000329
417.858000000000329
418.05000000000033
418.22600000000033
418.41400000000033
418.56800000000033
418.73200000000033
418.90200000000033
419.192000000000331
419.376000000000331
419.553000000000331
419.728000000000331
419.900000000000331
420.084000000000331
420.269000000000332
420.453000000000332
420.637000000000332
420.815000000000332
420.991000000000332
421.171000000000332
421.369000000000333
421.504000000000333
421.688000000000333
421.859000000000333
422.008000000000333
422.196000000000333
422.373000000000333
422.550000000000334
422.730000000000334
422.926000000000334
424.584000000000335
424.726000000000336
424.891000000000336
425.051000000000336
425.218000000000336
425.383000000000336
425.547000000000336
425.729000000000336
425.907000000000337
426.101000000000337
426.262000000000337
426.447000000000337
426.631000000000337
427.224000000000338
427.397000000000338
427.598000000000338
427.782000000000338
427.961000000000338
428.130000000000339
428.303000000000339
428.487000000000339
429.35600000000034
429.51500000000034
429.68700000000034
429.86400000000034
430.03500000000034
430.20300000000034
430.381000000000341
430.568000000000341
430.739000000000341
430.916000000000341
432.140000000000342
432.295000000000342
432.461000000000342
432.643000000000343
432.812000000000343
432.991000000000343
433.162000000000343
433.352000000000343
433.534000000000343
433.712000000000344
437.441000000000347
437.580000000000347
437.745000000000347
437.907000000000347
438.078000000000347
438.248000000000348
499.208000000000402
499.338000000000402
499.482000000000402
499.632000000000402
499.769000000000402
499.903000000000402
500.147000000000403
500.307000000000403
500.430000000000403
500.584000000000403
500.716000000000403
500.861000000000403
500.995000000000403
501.155000000000403
501.314000000000404
502.123000000000404
502.271000000000404
502.430000000000405
502.601000000000405
502.750000000000405
502.886000000000405
503.065000000000405
503.206000000000405
503.381000000000405
503.544000000000406
503.686000000000406
503.856000000000406
504.005000000000406
504.278000000000406
504.461000000000406
504.655000000000407
504.839000000000407
504.984000000000407
505.155000000000407
505.335000000000407
505.467000000000407
505.611000000000407
505.800000000000408
505.972000000000408
506.145000000000408
507.148000000000409
507.322000000000409
507.507000000000409
507.637000000000409
507.819000000000409
563.742000000000459
563.867000000000459
564.008000000000459
564.155000000000459
564.30000000000046
564.42300000000046
564.54100000000046
564.69200000000046
564.84400000000046
564.98600000000046
565.11800000000046
565.26300000000046
565.42200000000046
565.578000000000461
565.836000000000461
566.014000000000461
566.162000000000461
566.336000000000461
567.192000000000462
567.353000000000462
567.519000000000462
567.699000000000463
567.866000000000463
568.038000000000463
568.200000000000463
568.377000000000463
568.553000000000463
568.688000000000463
568.881000000000464
569.695000000000464
569.865000000000464
570.037000000000465
570.632000000000465
570.789000000000465
570.965000000000465
571.118000000000466
571.289000000000466
571.434000000000466
571.613000000000466
571.785000000000466
571.934000000000466
572.678000000000467
572.824000000000467
572.995000000000467
573.165000000000467
573.296000000000468
573.475000000000468
573.610000000000468
573.785000000000468
573.926000000000468
574.067000000000468
574.245000000000468
574.390000000000468
574.560000000000469
574.716000000000469
574.872000000000469
575.155000000000469
575.339000000000469
575.504000000000469
575.67200000000047
575.83400000000047
576.13000000000047
576.31400000000047
576.46500000000047
576.60500000000047
576.791000000000471
576.958000000000471
577.120000000000471
592.048000000000484
592.173000000000484
592.306000000000484
592.451000000000484
592.595000000000485
592.739000000000485
592.877000000000485
593.028000000000485
593.184000000000485
593.335000000000485
593.496000000000485
593.654000000000486
593.824000000000486
593.980000000000486
594.552000000000486
594.700000000000486
594.851000000000487
595.012000000000487
595.179000000000487
595.344000000000487
595.480000000000487
595.652000000000487
595.945000000000488
596.114000000000488
596.272000000000488
596.444000000000488
596.616000000000488
597.649000000000489
597.808000000000489
597.972000000000489
598.13900000000049
598.31200000000049
598.48100000000049
598.65100000000049
598.83500000000049
599.03800000000049
599.744000000000491
599.898000000000491
600.069000000000491
600.246000000000491
600.409000000000492
600.564000000000492
600.745000000000492
600.929000000000492
601.094000000000492
601.528000000000493
601.696000000000493
601.887000000000493
602.063000000000493
603.161000000000494
603.283000000000494
603.452000000000494
603.617000000000494
603.787000000000495
603.959000000000495
604.102000000000495
604.282000000000495
604.448000000000495
604.625000000000495
604.808000000000496
604.984000000000496
605.163000000000496
605.361000000000496
606.410000000000497
606.554000000000497
606.724000000000497
606.895000000000497
607.069000000000498
607.254000000000498
607.438000000000498
607.625000000000498
609.3090000000005
609.4450000000005
609.6090000000005
609.7810000000005
609.9480000000005
610.1270000000005
610.2810000000005
610.4570000000005
610.639000000000501
610.807000000000501
611.007000000000501
611.145000000000501
611.337000000000501
611.487000000000501
611.768000000000502
611.946000000000502
612.109000000000502
612.275000000000502
612.453000000000502
612.613000000000502
612.775000000000503
612.960000000000503
613.138000000000503
613.335000000000503
613.503000000000503
613.663000000000503
614.382000000000504
614.564000000000504
614.740000000000504
614.908000000000504
615.088000000000505
615.258000000000505
615.440000000000505
615.600000000000505
615.754000000000505
615.934000000000505
616.119000000000506
616.303000000000506
616.477000000000506
616.659000000000506
616.831000000000506
617.122000000000506
617.309000000000507
617.488000000000507
617.674000000000507
617.866000000000507
618.037000000000507
618.218000000000507
618.403000000000508
619.671000000000509
619.833000000000509
620.009000000000509
620.177000000000509
620.347000000000509
620.523000000000509
620.69300000000051
620.87000000000051
621.03800000000051
621.21500000000051
621.41400000000051
621.58100000000051
622.441000000000511
622.633000000000511
622.815000000000512
623.005000000000512
623.203000000000512
623.528000000000512
623.712000000000512
623.893000000000512
624.069000000000513
624.244000000000513
624.424000000000513
624.618000000000513
624.795000000000513
625.697000000000514
625.869000000000514
626.072000000000514
626.452000000000515
626.587000000000515
626.763000000000515
626.942000000000515
627.133000000000515
627.320000000000516
627.511000000000516
627.698000000000516
627.854000000000516
628.003000000000516
628.214000000000516
628.387000000000516
628.554000000000517
628.733000000000517
628.905000000000517
629.079000000000517
629.262000000000517
629.444000000000517
629.619000000000518
629.804000000000518
630.002000000000518
630.179000000000518
630.933000000000519
631.084000000000519
631.259000000000519
631.435000000000519
631.614000000000519
631.795000000000519
631.97300000000052
632.14300000000052
632.86000000000052
633.036000000000521
633.218000000000521
633.389000000000521
633.565000000000521
633.729000000000521
633.895000000000521
634.064000000000521
634.216000000000522
634.406000000000522
634.594000000000522
634.783000000000522
634.975000000000522
639.793000000000527
639.932000000000527
640.102000000000527
640.258000000000527
640.417000000000527
640.588000000000527
640.756000000000527
640.932000000000528
641.101000000000528
641.266000000000528
641.966000000000528
642.126000000000529
642.290000000000529
642.454000000000529
642.620000000000529
642.783000000000529
642.952000000000529
643.10600000000053
643.28200000000053
643.44900000000053
643.75400000000053
643.92500000000053
644.822000000000531
644.975000000000531
645.137000000000531
645.320000000000532
645.485000000000532
645.629000000000532
645.793000000000532
645.929000000000532
646.103000000000532
646.275000000000532
646.420000000000532
646.602000000000533
646.768000000000533
646.936000000000533
647.096000000000533
647.283000000000533
647.443000000000533
647.618000000000534
703.293000000000583
703.414000000000583
703.546000000000583
703.674000000000583
703.794000000000583
703.913000000000584
704.063000000000584
704.174000000000584
704.316000000000584
704.456000000000584
704.594000000000584
704.746000000000584
704.875000000000584
705.039000000000584
705.545000000000585
705.714000000000585
705.864000000000585
706.024000000000585
706.187000000000586
706.317000000000586
706.483000000000586
706.633000000000586
706.800000000000586
706.944000000000586
707.121000000000586
707.521000000000587
707.680000000000587
707.849000000000587
707.985000000000587
708.134000000000587
708.303000000000587
708.462000000000588
708.992000000000588
709.154000000000588
709.679000000000589
709.834000000000589
710.001000000000589
710.165000000000589
710.332000000000589
710.500000000000589
710.67700000000059
745.24200000000062
745.39300000000062
745.54900000000062
747.168000000000622
747.296000000000622
747.436000000000622
747.560000000000622
747.698000000000622
747.836000000000622
747.959000000000623
748.110000000000623
748.250000000000623
748.400000000000623
748.871000000000623
749.025000000000624
749.200000000000624
749.346000000000624
749.501000000000624
750.299000000000625
750.459000000000625
750.611000000000625
750.730000000000625
750.891000000000625
751.145000000000625
751.295000000000626
751.585000000000626
751.721000000000626
751.889000000000626
752.021000000000626
752.201000000000626
752.324000000000626
752.491000000000627
752.651000000000627
752.822000000000627
753.676000000000628
753.814000000000628
753.976000000000628
754.118000000000628
754.276000000000628
754.443000000000628
754.595000000000628
754.760000000000629
754.901000000000629
755.073000000000629
755.77500000000063
755.93200000000063
756.10200000000063
756.24800000000063
756.40400000000063
756.961000000000631
757.114000000000631
757.289000000000631
757.465000000000631
757.635000000000631
757.796000000000631
757.953000000000632
758.091000000000632
758.265000000000632
758.430000000000632
758.610000000000632
759.416000000000633
759.548000000000633
759.722000000000633
759.892000000000633
760.061000000000633
760.344000000000634
760.528000000000634
760.710000000000634
761.321000000000634
761.481000000000635
762.738000000000636
762.889000000000636
763.071000000000636
763.220000000000636
763.366000000000636
763.541000000000636
764.303000000000637
764.459000000000637
764.626000000000637
766.382000000000639
766.516000000000639
766.670000000000639
766.801000000000639
766.95200000000064
767.08400000000064
767.37500000000064
1085.51300000000092
1085.63600000000092
1085.76600000000092
1086.27200000000092
1086.39000000000092
1086.53200000000092
1086.80600000000092
1087.06600000000092
1087.21800000000092
1087.38500000000092
1088.20100000000092
1088.37300000000092
1088.64800000000093
1088.81200000000093
1089.35000000000093
1089.53800000000093
1089.80600000000093
1089.98500000000093
1090.15700000000093
1091.75900000000093
1091.92100000000093
1092.08900000000093
1092.24800000000093
1092.41500000000093
1092.55300000000093
1092.70100000000093
1092.84100000000093
1093.02300000000093
1093.16000000000093
1093.35100000000093
1093.54100000000093
1094.25200000000093
1094.42000000000093
1094.72400000000093
1094.90800000000093
1095.06200000000093
1095.22600000000093
1096.65500000000093
1096.80300000000093
1096.97400000000093
1097.11400000000093
1097.28000000000093
1097.68800000000093
1097.87600000000093
1098.06700000000093
1099.48300000000093
1099.63100000000093
1099.80900000000094
1099.93900000000094
1100.11300000000094
1100.27700000000094
1100.42200000000094
1100.60500000000094
1101.88900000000094
1102.04900000000094
1102.23200000000094
1102.40800000000094
1102.58300000000094
1103.57300000000094
1103.73600000000094
1103.91000000000094
1104.07100000000094
1105.08100000000094
1105.26200000000094
1105.44700000000094
1105.60300000000094
1105.77300000000094
1105.94000000000094
1107.30500000000094
1107.45900000000094
1107.63000000000094
1107.79300000000094
1107.93300000000094
1108.11900000000094
1108.30900000000094
1108.49600000000094
1109.75500000000094
1109.92100000000094
1110.11200000000094
1615.13500000000139
1615.27100000000139
1615.89700000000139
1616.04500000000139
1616.19900000000139
1616.32200000000139
1616.48500000000139
1616.60500000000139
1617.31200000000139
1617.7270000000014
1617.8770000000014
1619.8340000000014
1619.9940000000014
1620.1520000000014
1620.3090000000014
1620.5950000000014
1620.7640000000014
1621.0200000000014
1621.1910000000014
1621.3720000000014
1621.5020000000014
1622.9760000000014
1623.1240000000014
1623.2840000000014
1623.4190000000014
1623.5730000000014
1623.8530000000014
1624.0290000000014
1624.1640000000014
1625.4610000000014
1625.6290000000014
1625.7970000000014
1626.4880000000014
1626.6590000000014
1626.8300000000014
1626.9720000000014
1627.1310000000014
1627.3100000000014
1628.6830000000014
1628.8380000000014
1629.00600000000141
1629.15200000000141
1630.78100000000141
1630.94500000000141
1631.11300000000141
1631.28900000000141
1631.46100000000141
1632.64600000000141
1632.80900000000141
1632.99000000000141
1633.17500000000141
1633.35800000000141
1633.54100000000141
1635.05600000000141
1635.20500000000141
1635.38900000000141
1635.56700000000141
1635.74200000000141
1635.92600000000141
1636.11300000000141
1636.28000000000141
1636.42700000000141
1636.63600000000141
1636.83100000000141
1636.98900000000141
1637.17500000000141
1638.37300000000141
1638.53700000000141
1638.72700000000141
1638.89100000000141
1639.08000000000141
1639.25100000000141
1639.44200000000141
1639.62900000000141
1640.80400000000142
1640.97700000000142
1641.15900000000142
1641.34000000000142
1641.50600000000142
1641.82300000000142
1642.02200000000142
1642.21800000000142
1642.41700000000142
1644.32100000000142
1644.46200000000142
1644.65700000000142
1644.84100000000142
1644.99900000000142
1645.17300000000142
1645.52100000000142
1645.71400000000142
1646.65100000000142
1646.83100000000142
1647.02600000000142
1647.20700000000142
1647.35000000000142
1647.55400000000142
1647.78500000000142
1647.98800000000142
1649.92200000000142
1650.76200000000142
1650.90700000000142
1651.07700000000142
1651.79700000000143
1651.94600000000143
1652.12900000000143
2330.92999999997062
2331.77999999997052
2332.32199999997046
2333.22599999997036
2333.39399999997035
-4
15.72300000000000031
15.86400000000000032
16.1170000000000002
16.6569999999999998
16.8039999999999996
16.9409999999999995
17.0769999999999994
17.1969999999999993
17.3419999999999992
17.4829999999999991
17.6229999999999989
17.7799999999999988
17.9389999999999987
18.0829999999999986
18.2419999999999984
18.3959999999999983
18.5599999999999982
18.700999999999998
18.8629999999999979
19.0349999999999978
19.1949999999999976
19.3589999999999975
19.5349999999999973
19.7039999999999972
20.6239999999999964
20.7819999999999963
20.9509999999999961
21.117999999999996
21.2829999999999958
21.4539999999999957
21.6269999999999956
21.7979999999999954
21.9489999999999953
22.242999999999995
22.4159999999999949
22.5709999999999948
23.0129999999999944
23.2129999999999942
23.3919999999999941
23.5659999999999939
23.7329999999999938
23.9289999999999936
24.1189999999999934
24.2999999999999933
24.4769999999999931
25.2579999999999925
25.4249999999999923
25.6109999999999922
25.779999999999992
25.9619999999999919
26.1369999999999917
26.3229999999999916
26.5189999999999914
26.6979999999999913
26.9009999999999911
27.0839999999999909
27.2219999999999908
27.4129999999999907
27.6009999999999905
27.7959999999999903
27.9809999999999902
28.16199999999999
28.3449999999999899
28.5269999999999897
28.7129999999999896
28.8939999999999894
29.0889999999999892
29.2739999999999891
29.4569999999999889
29.6349999999999888
29.8299999999999886
30.0149999999999885
30.2099999999999883
30.3899999999999881
30.576999999999988
30.7649999999999878
30.9169999999999877
31.5579999999999872
31.728999999999987
31.9139999999999868
32.0979999999999869
32.285999999999987
33.1229999999999878
33.3079999999999879
33.4849999999999881
33.6689999999999883
33.8589999999999884
34.0449999999999886
34.2349999999999888
34.4249999999999889
34.6209999999999891
34.8039999999999893
34.9509999999999894
35.62299999999999
35.7969999999999901
35.9889999999999903
36.1729999999999905
36.3519999999999906
36.5339999999999908
36.723999999999991
36.9109999999999911
37.1029999999999913
37.3049999999999915
37.4979999999999917
37.6989999999999918
37.893999999999992
38.0789999999999922
38.2789999999999924
38.4519999999999925
38.6309999999999927
38.8289999999999928
39.028999999999993
39.2209999999999932
39.4059999999999934
39.5889999999999935
39.7789999999999937
40.0189999999999939
40.1969999999999941
40.3839999999999942
40.5569999999999944
42.2899999999999959
42.7539999999999963
42.8699999999999964
43.485999999999997
43.6429999999999971
43.8059999999999973
43.9769999999999974
44.1489999999999976
44.3309999999999977
44.5149999999999979
44.690999999999998
44.8629999999999982
45.0339999999999984
45.2109999999999985
45.3859999999999987
45.5729999999999988
45.758999999999999
45.9299999999999991
46.1079999999999993
46.2919999999999995
46.4629999999999996
46.892
47.0850000000000002
47.2670000000000003
47.4560000000000005
47.6470000000000007
47.8330000000000008
48.014000000000001
48.2000000000000012
48.3940000000000013
48.5770000000000015
48.7600000000000017
48.9300000000000018
49.0800000000000019
49.2590000000000021
49.4500000000000023
49.6430000000000024
49.8280000000000026
50.0260000000000028
50.2060000000000029
50.4010000000000031
50.6020000000000033
50.7890000000000035
50.9620000000000036
51.3280000000000039
51.4950000000000041
51.6890000000000043
51.8750000000000044
52.0630000000000046
52.2490000000000048
52.4340000000000049
52.6200000000000051
52.8070000000000053
52.9910000000000054
53.1700000000000056
53.3540000000000057
53.5340000000000059
56.8840000000000089
57.025000000000009
57.1810000000000091
57.3420000000000093
57.5050000000000094
57.6770000000000096
57.8500000000000097
58.0240000000000099
58.18600000000001
58.3520000000000102
58.5260000000000103
58.6960000000000105
58.8580000000000106
59.0430000000000108
59.2100000000000109
59.3830000000000111
59.5570000000000112
59.7430000000000114
59.9270000000000116
60.1020000000000117
60.5670000000000122
60.7380000000000123
60.9200000000000125
61.1040000000000126
61.2790000000000128
61.471000000000013
61.6580000000000131
61.8450000000000133
62.0250000000000134
62.2060000000000136
62.3840000000000138
62.5700000000000139
62.7670000000000141
65.0580000000000161
65.2110000000000163
65.3780000000000164
65.5450000000000166
65.7220000000000167
65.8940000000000169
66.063000000000017
112.6850000000000584
112.8250000000000586
112.9720000000000587
113.1250000000000588
113.278000000000059
113.4250000000000591
113.5830000000000592
113.7320000000000594
113.8660000000000595
114.0360000000000596
114.39500000000006
114.5460000000000601
114.6940000000000602
114.8550000000000604
115.0120000000000605
115.1740000000000606
115.3260000000000608
115.4970000000000609
115.6370000000000611
115.8000000000000612
115.9530000000000613
116.1200000000000615
116.2850000000000616
116.4510000000000618
116.6240000000000619
116.7870000000000621
116.9630000000000622
117.1400000000000624
117.2950000000000625
117.4630000000000627
117.6340000000000628
117.818000000000063
117.9950000000000632
118.1680000000000633
118.3380000000000635
118.5090000000000636
118.6800000000000638
118.8680000000000639
119.0450000000000641
119.2190000000000642
119.3770000000000644
119.5440000000000645
119.7240000000000647
119.8860000000000648
120.075000000000065
120.2510000000000652
120.4280000000000653
120.6130000000000655
120.7900000000000656
123.6570000000000682
123.8050000000000683
123.9570000000000684
124.1040000000000686
124.2650000000000687
124.4210000000000689
124.577000000000069
124.7240000000000691
124.8670000000000693
125.0400000000000694
125.2100000000000696
125.3750000000000697
125.5600000000000699
125.71900000000007
125.8960000000000702
126.0580000000000703
126.4950000000000707
126.6690000000000709
126.839000000000071
127.0250000000000712
127.2010000000000713
127.3700000000000715
127.5370000000000716
127.7160000000000718
127.8910000000000719
128.812000000000073
128.962000000000073
129.124000000000073
129.294000000000073
129.466000000000073
129.641000000000073
129.803000000000074
149.625000000000091
149.759000000000091
149.893000000000091
150.036000000000092
150.183000000000092
150.330000000000092
150.479000000000092
150.637000000000092
150.792000000000092
150.950000000000092
151.110000000000093
151.274000000000093
151.440000000000093
151.592000000000093
151.754000000000093
151.916000000000093
152.072000000000093
152.225000000000094
152.395000000000094
152.563000000000094
152.733000000000094
152.887000000000094
153.057000000000094
153.211000000000094
153.785000000000095
153.944000000000095
154.107000000000095
154.270000000000095
154.446000000000096
154.615000000000096
154.799000000000096
154.957000000000096
155.120000000000096
155.302000000000096
155.478000000000096
155.669000000000097
155.838000000000097
156.014000000000097
157.781000000000098
157.932000000000099
158.085000000000099
158.240000000000099
158.399000000000099
158.560000000000099
158.724000000000099
158.893000000000099
159.0590000000001
159.2280000000001
159.3780000000001
159.8220000000001
159.9840000000001
160.137000000000101
160.306000000000101
160.479000000000101
160.656000000000101
160.829000000000101
161.574000000000102
161.731000000000102
161.902000000000102
162.088000000000102
162.260000000000102
162.426000000000103
162.601000000000103
162.790000000000103
162.967000000000103
163.141000000000103
163.307000000000103
163.465000000000104
163.642000000000104
163.801000000000104
163.950000000000104
164.132000000000104
164.303000000000104
164.472000000000104
164.657000000000105
164.834000000000105
165.009000000000105
165.181000000000105
165.366000000000105
165.539000000000105
165.706000000000106
165.840000000000106
166.019000000000106
166.173000000000106
166.474000000000106
166.651000000000106
166.827000000000107
166.991000000000107
167.316000000000107
167.498000000000107
167.820000000000107
167.982000000000108
168.593000000000108
168.765000000000108
168.943000000000108
169.122000000000109
169.304000000000109
169.489000000000109
169.669000000000109
169.841000000000109
169.992000000000109
170.17300000000011
170.35900000000011
170.53800000000011
171.11500000000011
171.25300000000011
171.440000000000111
171.634000000000111
171.808000000000111
171.965000000000111
211.627000000000146
211.770000000000146
211.912000000000147
212.060000000000147
212.234000000000147
212.385000000000147
212.538000000000147
212.682000000000147
212.816000000000147
212.996000000000148
213.157000000000148
216.347000000000151
216.482000000000151
216.616000000000151
216.758000000000151
216.906000000000151
217.061000000000151
217.210000000000151
217.374000000000151
217.517000000000152
217.669000000000152
217.824000000000152
217.992000000000152
218.147000000000152
218.309000000000152
218.482000000000152
218.636000000000153
218.798000000000153
218.962000000000153
219.126000000000153
219.282000000000153
219.446000000000153
220.158000000000154
220.312000000000154
220.482000000000154
220.640000000000154
220.813000000000154
220.980000000000155
221.147000000000155
221.657000000000155
221.817000000000155
221.981000000000156
222.154000000000156
222.328000000000156
222.506000000000156
222.669000000000156
223.102000000000156
223.278000000000157
223.449000000000157
223.628000000000157
223.804000000000157
223.979000000000157
224.163000000000157
224.341000000000158
224.517000000000158
224.692000000000158
224.860000000000158
225.027000000000158
225.201000000000158
225.386000000000159
225.567000000000159
225.742000000000159
225.922000000000159
226.100000000000159
226.277000000000159
226.455000000000159
226.63200000000016
226.80900000000016
226.99300000000016
227.17400000000016
227.35800000000016
227.983000000000161
228.148000000000161
228.741000000000162
228.910000000000162
229.083000000000162
229.255000000000162
229.438000000000162
229.609000000000162
229.792000000000162
229.972000000000163
230.142000000000163
230.297000000000163
231.054000000000164
231.214000000000164
231.376000000000164
231.547000000000164
231.681000000000164
232.465000000000165
232.623000000000165
232.784000000000165
232.950000000000165
233.117000000000165
233.289000000000166
233.449000000000166
233.623000000000166
233.795000000000166
233.966000000000166
234.141000000000166
234.322000000000166
234.498000000000167
234.653000000000167
234.824000000000167
235.005000000000167
235.184000000000167
235.358000000000167
235.524000000000168
235.696000000000168
235.880000000000168
236.066000000000168
236.248000000000168
236.418000000000168
236.595000000000168
236.780000000000169
236.959000000000169
237.122000000000169
237.72800000000017
237.88800000000017
238.05300000000017
238.22200000000017
238.38800000000017
238.56600000000017
238.73800000000017
238.927000000000171
239.102000000000171
239.262000000000171
239.455000000000171
239.633000000000171
239.808000000000171
240.245000000000172
240.421000000000172
240.599000000000172
240.777000000000172
240.963000000000172
241.154000000000173
241.341000000000173
241.519000000000173
241.705000000000173
241.882000000000173
242.065000000000173
242.230000000000174
242.387000000000174
242.566000000000174
242.762000000000174
242.930000000000174
243.110000000000174
243.452000000000175
243.614000000000175
243.794000000000175
243.977000000000175
244.050000000000175
244.184000000000175
244.380000000000175
244.538000000000176
244.722000000000176
244.908000000000176
245.101000000000176
245.305000000000176
245.473000000000176
245.675000000000177
245.807000000000177
246.009000000000177
246.185000000000177
246.927000000000178
247.093000000000178
247.270000000000178
247.447000000000178
247.620000000000178
247.803000000000178
247.997000000000179
248.190000000000179
248.371000000000179
248.548000000000179
248.738000000000179
248.919000000000179
249.06700000000018
249.81900000000018
249.99700000000018
250.168000000000181
250.356000000000181
250.544000000000181
250.725000000000181
250.907000000000181
251.089000000000181
256.415000000000186
256.557000000000186
256.713000000000186
256.872000000000186
257.032000000000187
257.190000000000187
257.365000000000187
257.531000000000187
257.696000000000187
257.864000000000187
258.032000000000188
258.201000000000188
258.359000000000188
258.479000000000188
259.853000000000189
259.995000000000189
260.137000000000189
260.29700000000019
260.46000000000019
260.62800000000019
260.79300000000019
260.94800000000019
261.11900000000019
261.27500000000019
261.444000000000191
261.611000000000191
261.782000000000191
261.955000000000191
262.116000000000191
262.286000000000191
262.446000000000191
262.630000000000192
262.814000000000192
262.987000000000192
263.178000000000192
263.364000000000192
263.524000000000192
265.877000000000194
266.028000000000195
266.194000000000195
266.363000000000195
266.525000000000195
266.694000000000195
266.867000000000195
267.040000000000196
267.210000000000196
267.391000000000196
267.569000000000196
267.738000000000196
267.906000000000196
268.088000000000196
268.264000000000197
268.451000000000197
268.636000000000197
268.821000000000197
268.954000000000197
269.429000000000198
269.600000000000198
269.786000000000198
269.964000000000198
270.149000000000198
270.327000000000198
270.511000000000199
270.697000000000199
270.875000000000199
271.034000000000199
271.219000000000199
271.402000000000199
271.5740000000002
271.7520000000002
271.9340000000002
271.9850000000002
272.1150000000002
272.2780000000002
272.4240000000002
273.150000000000201
273.209000000000201
273.369000000000201
273.483000000000201
273.667000000000201
273.857000000000202
274.041000000000202
274.230000000000202
274.415000000000202
274.597000000000202
274.731000000000202
275.849000000000203
276.024000000000204
276.207000000000204
276.385000000000204
276.569000000000204
276.748000000000204
276.920000000000204
277.110000000000204
277.312000000000205
277.506000000000205
277.706000000000205
277.876000000000205
277.930000000000205
278.119000000000205
278.279000000000205
278.424000000000206
278.572000000000206
278.761000000000206
278.800000000000206
278.956000000000206
279.136000000000206
279.306000000000206
279.484000000000207
279.653000000000207
279.840000000000207
280.037000000000207
280.987000000000208
281.167000000000208
281.342000000000208
303.839000000000228
303.968000000000228
304.110000000000228
304.256000000000229
304.405000000000229
304.560000000000229
304.718000000000229
304.872000000000229
305.032000000000229
305.170000000000229
305.31900000000023
305.46900000000023
305.62800000000023
305.77500000000023
305.92900000000023
306.08000000000023
306.24400000000023
306.39900000000023
306.514000000000231
306.676000000000231
306.840000000000231
307.011000000000231
307.153000000000231
307.306000000000231
307.459000000000231
308.042000000000232
308.195000000000232
308.337000000000232
308.494000000000232
308.645000000000232
308.821000000000233
308.968000000000233
309.147000000000233
309.325000000000233
309.477000000000233
309.644000000000233
309.816000000000234
309.983000000000234
311.921000000000235
312.074000000000236
312.206000000000236
312.365000000000236
330.031000000000251
330.170000000000252
330.316000000000252
330.462000000000252
330.611000000000252
330.756000000000252
330.908000000000252
331.057000000000252
331.208000000000252
331.364000000000253
331.520000000000253
331.676000000000253
331.838000000000253
331.996000000000253
332.142000000000253
332.299000000000253
332.467000000000254
332.627000000000254
332.784000000000254
332.942000000000254
333.096000000000254
333.252000000000254
333.405000000000254
333.558000000000255
333.711000000000255
334.420000000000255
334.576000000000256
334.729000000000256
334.894000000000256
335.056000000000256
335.231000000000256
335.401000000000256
335.561000000000256
335.725000000000257
336.148000000000257
336.318000000000257
336.485000000000257
336.658000000000257
336.828000000000258
337.003000000000258
337.173000000000258
337.349000000000258
337.531000000000258
337.700000000000258
337.867000000000258
338.611000000000259
338.772000000000259
338.935000000000259
339.10000000000026
339.26700000000026
339.43500000000026
339.60700000000026
342.332000000000262
342.477000000000263
342.630000000000263
342.803000000000263
342.970000000000263
343.140000000000263
343.303000000000263
343.471000000000263
343.627000000000264
343.788000000000264
343.955000000000264
344.137000000000264
344.308000000000264
344.485000000000264
344.797000000000265
344.958000000000265
345.135000000000265
345.319000000000265
345.486000000000265
345.650000000000265
345.808000000000265
345.985000000000266
346.013000000000266
346.162000000000266
346.348000000000266
346.522000000000266
346.703000000000266
346.861000000000266
347.010000000000267
347.184000000000267
347.379000000000267
347.544000000000267
347.713000000000267
347.898000000000267
348.074000000000268
348.220000000000268
348.389000000000268
348.563000000000268
348.718000000000268
349.297000000000269
349.463000000000269
349.628000000000269
349.802000000000269
349.991000000000269
350.165000000000269
350.33400000000027
350.51600000000027
350.69200000000027
350.87000000000027
351.04700000000027
351.22300000000027
351.38300000000027
352.742000000000272
352.911000000000272
353.078000000000272
353.243000000000272
353.410000000000272
353.576000000000272
353.751000000000273
354.591000000000273
354.760000000000273
354.928000000000274
355.102000000000274
355.274000000000274
355.446000000000274
358.336000000000277
358.490000000000277
358.649000000000277
358.811000000000277
358.969000000000277
359.141000000000277
382.390000000000298
382.522000000000298
382.662000000000298
382.803000000000298
382.944000000000298
383.096000000000299
383.247000000000299
383.402000000000299
383.552000000000299
383.694000000000299
383.858000000000299
384.008000000000299
384.1710000000003
384.3370000000003
384.4820000000003
384.6380000000003
384.7980000000003
384.9670000000003
385.1420000000003
385.309000000000301
385.449000000000301
386.162000000000301
386.330000000000301
386.506000000000302
386.681000000000302
386.855000000000302
387.037000000000302
387.220000000000302
387.399000000000302
387.574000000000303
387.726000000000303
387.874000000000303
388.039000000000303
388.220000000000303
388.391000000000303
388.565000000000303
388.741000000000304
388.927000000000304
389.110000000000304
389.294000000000304
389.479000000000304
389.640000000000304
389.812000000000305
389.977000000000305
390.155000000000305
390.342000000000305
390.507000000000305
390.690000000000305
390.870000000000306
391.050000000000306
391.235000000000306
391.421000000000306
391.602000000000306
391.792000000000306
391.969000000000306
392.137000000000307
400.434000000000314
400.583000000000314
400.724000000000314
400.881000000000314
401.032000000000315
401.187000000000315
401.344000000000315
401.500000000000315
401.657000000000315
401.812000000000315
401.985000000000315
402.148000000000316
402.310000000000316
402.441000000000316
402.602000000000316
402.753000000000316
402.907000000000316
403.057000000000316
403.217000000000316
403.383000000000317
403.548000000000317
403.726000000000317
403.878000000000317
404.027000000000317
404.186000000000317
404.507000000000318
404.677000000000318
404.823000000000318
404.995000000000318
405.153000000000318
405.845000000000319
407.48200000000032
407.62700000000032
407.784000000000321
407.946000000000321
408.102000000000321
408.264000000000321
408.428000000000321
408.593000000000321
408.768000000000321
409.064000000000322
409.245000000000322
409.417000000000322
409.580000000000322
409.752000000000322
409.916000000000322
410.078000000000323
410.222000000000323
410.661000000000323
410.839000000000323
411.008000000000323
411.180000000000324
411.351000000000324
411.530000000000324
411.706000000000324
411.885000000000324
412.468000000000325
412.642000000000325
412.807000000000325
412.977000000000325
413.149000000000325
413.321000000000325
413.484000000000326
413.653000000000326
413.827000000000326
414.001000000000326
414.163000000000326
414.339000000000326
414.532000000000326
414.698000000000327
414.870000000000327
415.029000000000327
415.205000000000327
415.393000000000327
415.566000000000327
415.738000000000328
415.911000000000328
416.370000000000328
416.542000000000328
416.710000000000328
416.890000000000329
417.065000000000329
417.234000000000329
417.415000000000329
417.584000000000329
417.765000000000329
417.94100000000033
418.12600000000033
418.30500000000033
418.47200000000033
418.62500000000033
418.79400000000033
418.94600000000033
419.270000000000331
419.447000000000331
419.630000000000331
419.796000000000331
419.979000000000331
420.166000000000332
420.352000000000332
420.533000000000332
420.712000000000332
420.886000000000332
421.070000000000332
421.249000000000332
421.411000000000333
421.582000000000333
421.754000000000333
421.903000000000333
422.092000000000333
422.281000000000333
422.447000000000334
422.624000000000334
422.809000000000334
422.994000000000334
424.635000000000336
424.794000000000336
424.954000000000336
425.120000000000336
425.284000000000336
425.442000000000336
425.630000000000336
425.802000000000336
425.983000000000337
426.152000000000337
426.343000000000337
426.519000000000337
426.686000000000337
427.300000000000338
427.482000000000338
427.679000000000338
427.850000000000338
428.016000000000338
428.188000000000339
428.373000000000339
428.563000000000339
429.42000000000034
429.58700000000034
429.76300000000034
429.94100000000034
430.10600000000034
430.27900000000034
430.459000000000341
430.636000000000341
430.809000000000341
430.966000000000341
432.201000000000342
432.366000000000342
432.538000000000343
432.715000000000343
432.891000000000343
433.059000000000343
433.242000000000343
433.430000000000343
433.609000000000343
433.782000000000344
437.494000000000347
437.655000000000347
437.819000000000347
437.982000000000347
438.146000000000348
438.286000000000348
499.252000000000402
499.397000000000402
499.544000000000402
499.683000000000402
499.818000000000402
499.946000000000402
500.213000000000403
500.342000000000403
500.489000000000403
500.625000000000403
500.765000000000403
500.904000000000403
501.042000000000403
501.213000000000404
501.347000000000404
502.176000000000404
502.338000000000404
502.500000000000405
502.650000000000405
502.783000000000405
502.957000000000405
503.111000000000405
503.280000000000405
503.432000000000405
503.586000000000406
503.750000000000406
503.911000000000406
504.034000000000406
504.355000000000406
504.543000000000406
504.728000000000407
504.884000000000407
505.034000000000407
505.222000000000407
505.365000000000407
505.502000000000407
505.692000000000408
505.864000000000408
506.042000000000408
506.190000000000408
507.213000000000409
507.395000000000409
507.538000000000409
507.708000000000409
507.848000000000409
563.787000000000459
563.925000000000459
564.070000000000459
564.214000000000459
564.33400000000046
564.46100000000046
564.60100000000046
564.75400000000046
564.89400000000046
565.03100000000046
565.16800000000046
565.32700000000046
565.477000000000461
565.612000000000461
565.908000000000461
566.071000000000461
566.232000000000461
566.390000000000461
567.253000000000462
567.420000000000462
567.595000000000462
567.761000000000463
567.930000000000463
568.095000000000463
568.272000000000463
568.450000000000463
568.592000000000463
568.766000000000463
568.921000000000464
569.761000000000464
569.936000000000464
570.106000000000465
570.694000000000465
570.862000000000465
571.020000000000465
571.187000000000466
571.327000000000466
571.508000000000466
571.679000000000466
571.832000000000466
571.978000000000466
572.718000000000467
572.886000000000467
573.063000000000467
573.202000000000467
573.367000000000468
573.513000000000468
573.681000000000468
573.829000000000468
573.967000000000468
574.144000000000468
574.291000000000468
574.456000000000468
574.595000000000469
574.764000000000469
574.901000000000469
575.226000000000469
575.401000000000469
575.56800000000047
575.72800000000047
575.88100000000047
576.19800000000047
576.36900000000047
576.50100000000047
576.68100000000047
576.848000000000471
577.018000000000471
577.164000000000471
592.092000000000484
592.223000000000484
592.366000000000484
592.511000000000485
592.654000000000485
592.789000000000485
592.940000000000485
593.093000000000485
593.245000000000485
593.403000000000485
593.561000000000486
593.717000000000486
593.889000000000486
594.035000000000486
594.598000000000486
594.758000000000487
594.918000000000487
595.088000000000487
595.247000000000487
595.387000000000487
595.553000000000487
595.700000000000487
596.013000000000488
596.171000000000488
596.346000000000488
596.516000000000488
596.660000000000488
597.714000000000489
597.880000000000489
598.04300000000049
598.21200000000049
598.37900000000049
598.55300000000049
598.73200000000049
598.91400000000049
599.08000000000049
599.808000000000491
599.970000000000491
600.142000000000491
600.306000000000492
600.454000000000492
600.639000000000492
600.819000000000492
600.992000000000492
601.137000000000492
601.596000000000493
601.777000000000493
601.959000000000493
602.139000000000493
603.180000000000494
603.353000000000494
603.520000000000494
603.692000000000494
603.861000000000495
604.003000000000495
604.182000000000495
604.343000000000495
604.524000000000495
604.705000000000495
604.885000000000496
605.057000000000496
605.226000000000496
605.399000000000496
606.462000000000497
606.629000000000497
606.797000000000497
606.972000000000497
607.148000000000498
607.333000000000498
607.519000000000498
607.684000000000498
609.3530000000005
609.5190000000005
609.6860000000005
609.8540000000005
610.0270000000005
610.1820000000005
610.3590000000005
610.537000000000501
610.704000000000501
610.870000000000501
611.048000000000501
611.222000000000501
611.386000000000501
611.539000000000501
611.842000000000502
612.009000000000502
612.170000000000502
612.349000000000502
612.517000000000502
612.670000000000502
612.856000000000503
613.036000000000503
613.217000000000503
613.400000000000503
613.560000000000503
613.710000000000503
614.459000000000504
614.638000000000504
614.810000000000504
614.984000000000504
615.156000000000505
615.336000000000505
615.494000000000505
615.648000000000505
615.823000000000505
616.009000000000505
616.195000000000506
616.357000000000506
616.556000000000506
616.728000000000506
616.881000000000506
617.207000000000506
617.387000000000507
617.570000000000507
617.752000000000507
617.928000000000507
618.110000000000507
618.296000000000508
618.458000000000508
619.735000000000509
619.911000000000509
620.082000000000509
620.249000000000509
620.420000000000509
620.59200000000051
620.76200000000051
620.92900000000051
621.10500000000051
621.29500000000051
621.47700000000051
621.63300000000051
622.520000000000511
622.716000000000511
622.896000000000512
623.096000000000512
623.280000000000512
623.605000000000512
623.785000000000512
623.966000000000512
624.142000000000513
624.321000000000513
624.501000000000513
624.689000000000513
624.854000000000513
625.764000000000514
625.938000000000514
626.132000000000514
626.500000000000515
626.665000000000515
626.836000000000515
627.023000000000515
627.212000000000515
627.402000000000516
627.589000000000516
627.749000000000516
627.898000000000516
628.084000000000516
628.280000000000516
628.448000000000516
628.618000000000517
628.807000000000517
628.963000000000517
629.157000000000517
629.338000000000517
629.514000000000517
629.696000000000518
629.874000000000518
630.074000000000518
630.249000000000518
630.983000000000519
631.158000000000519
631.328000000000519
631.509000000000519
631.693000000000519
631.86100000000052
632.03500000000052
632.19900000000052
632.93300000000052
633.118000000000521
633.288000000000521
633.462000000000521
633.626000000000521
633.790000000000521
633.957000000000521
634.104000000000522
634.294000000000522
634.482000000000522
634.666000000000522
634.857000000000522
635.049000000000522
639.838000000000527
640.004000000000527
640.166000000000527
640.327000000000527
640.489000000000527
640.656000000000527
640.828000000000528
641.000000000000528
641.167000000000528
641.321000000000528
642.034000000000529
642.195000000000529
642.357000000000529
642.519000000000529
642.679000000000529
642.846000000000529
643.004000000000529
643.18000000000053
643.35200000000053
643.51000000000053
643.82400000000053
643.97200000000053
644.877000000000531
645.045000000000531
645.213000000000531
645.383000000000532
645.533000000000532
645.688000000000532
645.827000000000532
645.995000000000532
646.172000000000532
646.316000000000532
646.497000000000532
646.666000000000533
646.828000000000533
646.988000000000533
647.169000000000533
647.345000000000533
647.514000000000533
647.667000000000534
703.335000000000583
703.466000000000583
703.592000000000583
703.709000000000583
703.822000000000583
703.972000000000584
704.102000000000584
704.226000000000584
704.367000000000584
704.509000000000584
704.652000000000584
704.785000000000584
704.942000000000584
705.076000000000585
705.611000000000585
705.773000000000585
705.929000000000585
706.091000000000585
706.223000000000586
706.387000000000586
706.537000000000586
706.703000000000586
706.848000000000586
707.016000000000586
707.159000000000586
707.584000000000587
707.741000000000587
707.884000000000587
708.030000000000587
708.197000000000587
708.356000000000587
708.498000000000588
709.050000000000588
709.203000000000588
709.739000000000589
709.902000000000589
710.069000000000589
710.235000000000589
710.400000000000589
710.576000000000589
710.72800000000059
745.28700000000062
745.45500000000062
745.598000000000621
747.213000000000622
747.353000000000622
747.475000000000622
747.614000000000622
747.747000000000622
747.874000000000623
748.018000000000623
748.160000000000623
748.299000000000623
748.467000000000623
748.924000000000624
749.083000000000624
749.257000000000624
749.408000000000624
749.533000000000624
750.363000000000625
750.518000000000625
750.644000000000625
750.799000000000625
750.939000000000625
751.197000000000626
751.355000000000626
751.614000000000626
751.785000000000626
751.931000000000626
752.099000000000626
752.239000000000626
752.391000000000627
752.554000000000627
752.727000000000627
752.869000000000627
753.721000000000628
753.879000000000628
754.020000000000628
754.184000000000628
754.333000000000628
754.495000000000628
754.656000000000629
754.803000000000629
754.972000000000629
755.132000000000629
755.83100000000063
755.99900000000063
756.15200000000063
756.30500000000063
756.43900000000063
757.011000000000631
757.183000000000631
757.355000000000631
757.530000000000631
757.687000000000631
757.845000000000631
757.991000000000632
758.158000000000632
758.325000000000632
758.506000000000632
758.668000000000632
759.439000000000633
759.618000000000633
759.791000000000633
759.963000000000633
760.098000000000633
760.424000000000634
760.605000000000634
760.783000000000634
761.372000000000635
761.534000000000635
762.804000000000636
762.958000000000636
763.134000000000636
763.274000000000636
763.441000000000636
763.615000000000637
764.360000000000637
764.524000000000637
764.661000000000637
766.426000000000639
766.576000000000639
766.709000000000639
766.853000000000639
766.98900000000064
767.14600000000064
767.43900000000064
1085.53800000000092
1085.67400000000092
1085.82300000000092
1086.29000000000092
1086.43200000000092
1086.59000000000092
1086.84600000000092
1087.11200000000092
1087.27400000000092
1087.41400000000092
1088.26200000000092
1088.43300000000092
1088.70600000000093
1088.83900000000093
1089.41800000000093
1089.55900000000093
1089.87100000000093
1090.05100000000093
1090.21400000000093
1091.81600000000093
1091.98700000000093
1092.14600000000093
1092.31300000000093
1092.43700000000093
1092.59400000000093
1092.73000000000093
1092.90800000000093
1093.05300000000093
1093.23800000000093
1093.42100000000093
1093.58600000000093
1094.30700000000093
1094.48400000000093
1094.79000000000093
1094.94800000000093
1095.11500000000093
1095.27200000000093
1096.71200000000093
1096.87000000000093
1097.02000000000093
1097.17400000000093
1097.31300000000093
1097.76200000000093
1097.95100000000093
1098.12600000000093
1099.52600000000093
1099.69500000000094
1099.84400000000094
1100.00900000000094
1100.17400000000094
1100.31600000000094
1100.48800000000094
1100.67300000000094
1101.94000000000094
1102.12100000000094
1102.29400000000094
1102.46600000000094
1102.60100000000094
1103.63500000000094
1103.80400000000094
1103.96800000000094
1104.13600000000094
1105.14700000000094
1105.33800000000094
1105.49200000000094
1105.66500000000094
1105.83400000000094
1105.98800000000094
1107.36100000000094
1107.52200000000094
1107.69400000000094
1107.83500000000094
1108.00600000000094
1108.19500000000094
1108.37600000000094
1108.52100000000094
1109.80600000000094
1109.99100000000094
1110.15400000000094
1615.17800000000139
1615.32700000000139
1615.95200000000139
1616.09700000000139
1616.22600000000139
1616.38400000000139
1616.50700000000139
1616.67200000000139
1617.35600000000139
1617.7760000000014
1617.9450000000014
1619.8870000000014
1620.0510000000014
1620.2080000000014
1620.3570000000014
1620.6540000000014
1620.7940000000014
1621.0860000000014
1621.2600000000014
1621.4120000000014
1621.5480000000014
1623.0170000000014
1623.1750000000014
1623.3230000000014
1623.4710000000014
1623.6090000000014
1623.9160000000014
1624.0670000000014
1624.2130000000014
1625.5200000000014
1625.6980000000014
1625.8600000000014
1626.5450000000014
1626.7150000000014
1626.8650000000014
1627.0170000000014
1627.1940000000014
1627.3650000000014
1628.7340000000014
1628.9000000000014
1629.05000000000141
1629.21200000000141
1630.83300000000141
1631.01000000000141
1631.18500000000141
1631.35300000000141
1631.51100000000141
1632.69900000000141
1632.87900000000141
1633.06500000000141
1633.24700000000141
1633.42700000000141
1633.59900000000141
1635.10000000000141
1635.27600000000141
1635.45600000000141
1635.63200000000141
1635.79100000000141
1635.99500000000141
1636.17000000000141
1636.31400000000141
1636.50400000000141
1636.71700000000141
1636.88200000000141
1637.05600000000141
1637.21900000000141
1638.43000000000141
1638.60700000000141
1638.78300000000141
1638.96400000000141
1639.13600000000141
1639.30700000000141
1639.51200000000141
1639.66000000000141
1640.85900000000142
1641.04200000000142
1641.22000000000142
1641.38800000000142
1641.56800000000142
1641.89800000000142
1642.08900000000142
1642.29300000000142
1642.46800000000142
1644.35400000000142
1644.52900000000142
1644.72500000000142
1644.88800000000142
1645.05900000000142
1645.24000000000142
1645.58500000000142
1645.74500000000142
1646.71800000000142
1646.91000000000142
1647.09300000000142
1647.23300000000142
1647.43000000000142
1647.63500000000142
1647.86300000000142
1648.04600000000142
1649.97300000000142
1650.81100000000142
1650.97200000000142
1651.13600000000142
1651.84200000000143
1652.01600000000143
1652.19500000000143
2330.94299999997062
2331.82399999997052
2332.39899999997046
2333.27999999997036
2333.41699999997034
0
0
0
0
0
0
0
0
0
0
0
0
0
3600.00099999983085
0
0
0
0
0
0
