8
11
19
8
11
19
IPPneo1.16
sacch1
0
4
12
21
15
13
24
18
22
4
.3
1
1757
1757
1
464
464
1
1
1
1
1
1
1
1
1
1
1
1
1
1
1
1
1
1
1
1
1756
-1
82.1610000000000313
218.268000000000152
218.842000000000153
219.210000000000153
256.456000000000186
257.199000000000187
259.022000000000188
259.172000000000189
259.490000000000189
259.630000000000189
260.43100000000019
260.58500000000019
260.74800000000019
260.91800000000019
261.08500000000019
261.25400000000019
261.436000000000191
261.960000000000191
262.110000000000191
262.277000000000191
262.441000000000191
262.614000000000192
262.750000000000192
263.037000000000192
263.198000000000192
263.369000000000192
263.532000000000192
263.691000000000193
264.131000000000193
264.274000000000193
264.441000000000193
264.606000000000193
264.770000000000194
264.931000000000194
265.126000000000194
267.233000000000196
267.393000000000196
267.564000000000196
267.759000000000196
267.945000000000196
268.162000000000197
268.330000000000197
268.492000000000197
269.073000000000197
269.238000000000197
269.417000000000198
269.610000000000198
269.797000000000198
270.022000000000198
270.193000000000198
270.370000000000198
270.546000000000199
270.716000000000199
270.907000000000199
271.074000000000199
271.252000000000199
271.438000000000199
271.6390000000002
271.8150000000002
273.624000000000201
274.110000000000202
274.929000000000203
275.249000000000203
275.482000000000203
275.688000000000203
277.910000000000205
278.204000000000205
280.748000000000208
280.971000000000208
281.719000000000209
281.895000000000209
282.041000000000209
282.203000000000209
282.368000000000209
282.536000000000209
282.714000000000209
282.88300000000021
283.04100000000021
283.20200000000021
283.76800000000021
283.914000000000211
284.058000000000211
284.227000000000211
284.416000000000211
284.589000000000211
284.774000000000211
284.954000000000211
285.125000000000212
285.298000000000212
285.479000000000212
285.644000000000212
285.818000000000212
286.008000000000212
287.103000000000213
287.254000000000213
287.435000000000214
287.613000000000214
287.796000000000214
287.987000000000214
288.185000000000214
288.371000000000214
288.561000000000215
288.736000000000215
288.923000000000215
289.092000000000215
322.308000000000245
327.398000000000249
327.533000000000249
327.689000000000249
327.85800000000025
328.03500000000025
331.105000000000252
331.244000000000253
331.421000000000253
331.557000000000253
331.726000000000253
331.910000000000253
332.074000000000253
332.238000000000253
332.393000000000254
332.554000000000254
332.718000000000254
332.880000000000254
333.046000000000254
333.196000000000254
333.357000000000254
333.546000000000255
482.131000000000387
482.268000000000387
482.421000000000387
482.587000000000387
482.747000000000387
483.227000000000388
483.726000000000388
484.035000000000388
484.196000000000388
484.333000000000388
484.494000000000389
484.657000000000389
484.821000000000389
484.996000000000389
485.166000000000389
485.343000000000389
485.51700000000039
485.68600000000039
485.85700000000039
486.01300000000039
486.15600000000039
486.32200000000039
486.50600000000039
486.670000000000391
486.853000000000391
487.021000000000391
487.847000000000392
488.026000000000392
488.172000000000392
488.345000000000392
488.524000000000392
488.709000000000392
488.883000000000393
489.048000000000393
489.232000000000393
489.386000000000393
489.543000000000393
489.711000000000393
489.940000000000394
490.121000000000394
490.282000000000394
490.474000000000394
490.672000000000394
491.769000000000395
491.912000000000395
492.083000000000395
492.256000000000396
492.417000000000396
492.584000000000396
492.761000000000396
492.930000000000396
493.115000000000396
493.313000000000396
493.459000000000397
493.619000000000397
493.788000000000397
493.963000000000397
494.147000000000397
494.348000000000397
494.522000000000398
494.695000000000398
494.888000000000398
495.085000000000398
495.256000000000398
495.421000000000398
495.620000000000399
495.805000000000399
495.947000000000399
497.2590000000004
497.4120000000004
567.514000000000462
567.646000000000462
567.801000000000463
567.963000000000463
568.136000000000463
568.304000000000463
568.467000000000463
568.617000000000463
568.735000000000463
568.901000000000464
569.057000000000464
569.206000000000464
569.356000000000464
569.488000000000464
569.645000000000464
569.811000000000464
570.000000000000465
570.159000000000465
570.279000000000465
570.407000000000465
570.573000000000465
570.749000000000465
570.902000000000465
571.050000000000466
571.846000000000466
571.994000000000466
572.162000000000466
572.557000000000467
572.668000000000467
572.832000000000467
572.994000000000467
573.152000000000467
573.321000000000468
573.501000000000468
573.679000000000468
573.866000000000468
574.029000000000468
575.166000000000469
575.308000000000469
575.482000000000469
575.66900000000047
575.86000000000047
576.02300000000047
576.16700000000047
576.33000000000047
576.60200000000047
576.739000000000471
576.909000000000471
577.089000000000471
577.294000000000471
577.468000000000471
577.650000000000471
577.809000000000472
577.985000000000472
578.185000000000472
578.355000000000472
578.507000000000472
578.673000000000472
581.829000000000475
590.930000000000483
591.051000000000483
591.207000000000483
591.353000000000484
591.514000000000484
591.678000000000484
591.816000000000484
591.965000000000484
592.100000000000484
592.243000000000484
592.398000000000484
592.547000000000485
592.722000000000485
592.834000000000485
592.970000000000485
593.128000000000485
593.298000000000485
593.453000000000485
593.623000000000486
593.776000000000486
593.935000000000486
594.099000000000486
594.288000000000486
594.453000000000486
594.587000000000486
594.715000000000486
594.882000000000487
595.072000000000487
595.241000000000487
595.377000000000487
595.526000000000487
595.687000000000487
595.854000000000488
596.024000000000488
596.215000000000488
596.384000000000488
596.543000000000488
596.714000000000488
597.802000000000489
602.242000000000493
602.390000000000493
602.560000000000494
602.739000000000494
602.906000000000494
603.061000000000494
603.228000000000494
603.404000000000494
603.579000000000494
603.738000000000494
603.871000000000495
606.331000000000497
606.621000000000497
606.803000000000497
606.969000000000497
607.131000000000498
607.307000000000498
607.499000000000498
607.662000000000498
607.835000000000498
608.005000000000498
608.177000000000498
608.338000000000499
636.644000000000524
636.769000000000524
636.923000000000524
637.086000000000524
637.249000000000524
637.423000000000524
637.589000000000525
637.760000000000525
637.901000000000525
638.048000000000525
638.207000000000525
638.365000000000525
638.530000000000525
638.697000000000526
638.857000000000526
639.024000000000526
639.204000000000526
639.368000000000526
678.366000000000561
712.159000000000591
712.285000000000591
712.436000000000591
712.601000000000591
712.757000000000591
712.919000000000592
713.079000000000592
713.239000000000592
713.389000000000592
713.525000000000592
713.675000000000592
713.830000000000592
713.977000000000592
714.136000000000593
714.306000000000593
714.468000000000593
714.627000000000593
714.801000000000593
714.957000000000593
715.102000000000593
715.263000000000594
715.445000000000594
715.602000000000594
715.761000000000594
715.934000000000594
716.099000000000594
716.278000000000594
716.443000000000595
717.091000000000595
717.256000000000595
717.438000000000596
717.612000000000596
717.768000000000596
717.912000000000596
718.073000000000596
718.247000000000596
718.421000000000596
718.586000000000597
718.761000000000597
718.939000000000597
719.130000000000597
719.273000000000597
719.662000000000598
719.830000000000598
720.008000000000598
720.185000000000598
720.361000000000598
720.528000000000598
720.700000000000598
720.878000000000599
721.070000000000599
721.659000000000599
721.809000000000599
721.9770000000006
722.1590000000006
722.3590000000006
722.5090000000006
722.6730000000006
722.8410000000006
723.0110000000006
723.203000000000601
723.376000000000601
723.532000000000601
723.688000000000601
723.860000000000601
724.074000000000601
724.244000000000602
724.411000000000602
724.551000000000602
724.749000000000602
724.934000000000602
725.103000000000602
725.258000000000602
725.439000000000603
725.651000000000603
725.824000000000603
725.987000000000603
836.895000000000702
838.382000000000703
838.511000000000703
838.667000000000703
838.838000000000703
838.975000000000703
839.121000000000704
839.260000000000704
839.393000000000704
839.526000000000704
839.656000000000704
839.803000000000704
839.951000000000704
840.108000000000704
840.252000000000705
840.423000000000705
840.588000000000705
840.751000000000705
840.892000000000705
841.551000000000706
841.677000000000706
841.834000000000706
841.996000000000706
842.165000000000706
842.313000000000706
842.476000000000707
842.654000000000707
842.794000000000707
842.935000000000707
843.102000000000707
843.286000000000707
843.436000000000707
843.582000000000708
843.696000000000708
843.828000000000708
843.986000000000708
844.162000000000708
844.347000000000708
844.487000000000708
844.620000000000708
844.787000000000709
844.991000000000709
845.163000000000709
845.309000000000709
845.451000000000709
845.615000000000709
845.80200000000071
845.96800000000071
846.13400000000071
847.006000000000711
847.155000000000711
847.329000000000711
847.501000000000711
847.654000000000711
847.816000000000711
847.995000000000712
848.160000000000712
848.305000000000712
908.601000000000765
915.987000000000772
916.117000000000772
916.273000000000772
916.441000000000772
916.629000000000772
916.791000000000773
916.912000000000773
917.046000000000773
1007.557000000000853
1007.703000000000853
1008.056000000000854
1008.445000000000854
1013.090000000000858
1016.423000000000861
1827.25100000000158
1827.38200000000158
1827.53800000000158
1827.71200000000158
1827.86700000000158
1828.01500000000158
1828.16000000000158
1828.29800000000158
1828.43800000000158
1828.59700000000158
1828.75400000000158
1828.90000000000158
1829.06400000000158
1829.24200000000158
1829.40000000000158
1829.54200000000158
1829.69900000000158
1830.30700000000158
1830.47700000000158
1830.65000000000158
1830.79500000000158
1830.94600000000158
1831.13400000000158
1831.29200000000158
1831.45300000000158
1831.57300000000158
1831.71500000000159
1831.89600000000159
1832.09400000000159
1832.24700000000159
1832.37600000000159
1832.64900000000159
1832.82800000000159
1833.03100000000159
1833.20300000000159
1833.37700000000159
1833.55900000000159
1833.77400000000159
1833.93800000000159
1834.84500000000159
1834.98800000000159
1835.16600000000159
1835.34800000000159
1835.53200000000159
1835.71000000000159
1835.88500000000159
1836.05100000000159
1836.19800000000159
1836.37000000000159
1836.55000000000159
1836.76000000000159
1836.92700000000159
1837.11000000000159
1837.31600000000159
1837.48800000000159
1837.63700000000159
1838.62600000000159
1838.78200000000159
1838.96000000000159
1839.14600000000159
1839.34300000000159
1839.52700000000159
1839.71300000000159
1839.90800000000159
1840.09200000000159
1840.28600000000159
1840.46200000000159
1840.63700000000159
1840.81400000000159
1841.01200000000159
1841.19600000000159
1841.38800000000159
1841.57000000000159
1842.36000000000159
1842.51700000000159
1842.71600000000159
1842.8970000000016
1843.0550000000016
1843.2460000000016
1843.4540000000016
1843.6250000000016
1843.8010000000016
1843.9940000000016
1844.2150000000016
1844.3970000000016
1844.5450000000016
1844.7090000000016
1845.4970000000016
1845.6400000000016
1845.8160000000016
1846.2050000000016
1846.3810000000016
1846.5480000000016
1846.7240000000016
1846.9130000000016
1847.0980000000016
1847.2850000000016
1847.4810000000016
1847.6700000000016
1847.8210000000016
1849.2050000000016
1849.3560000000016
1849.5430000000016
1849.7320000000016
1849.9190000000016
1850.1030000000016
1850.2640000000016
1850.4220000000016
1850.5850000000016
1850.7820000000016
1850.9490000000016
1851.1240000000016
1851.3050000000016
1851.4980000000016
1852.0860000000016
1852.2690000000016
1852.4540000000016
1852.6640000000016
1852.8510000000016
1853.0360000000016
1853.2170000000016
1853.4010000000016
1853.5520000000016
1853.7160000000016
1853.8980000000016
1854.0970000000016
1854.28000000000161
1854.44000000000161
1854.63300000000161
1854.83700000000161
1855.02300000000161
1855.21700000000161
1855.42600000000161
1855.61300000000161
1855.78200000000161
1855.96800000000161
1856.15600000000161
1856.36300000000161
1856.55000000000161
1856.72200000000161
1859.83900000000161
1859.97600000000161
1860.14200000000161
1860.33300000000161
1860.52100000000161
1860.68000000000161
1860.85300000000161
1861.05300000000161
1861.25200000000161
1861.42300000000161
1861.59300000000161
1861.77900000000161
1861.97100000000161
1862.16900000000161
1862.33300000000161
1862.51100000000161
1862.70600000000161
1862.88800000000161
1863.06800000000161
1863.23600000000161
1863.43300000000161
1863.63100000000161
1863.81600000000161
1864.02100000000161
1864.18400000000161
1864.37300000000161
1864.57500000000161
1864.77800000000161
1864.98500000000161
1866.30400000000162
1866.48600000000162
1866.67200000000162
1866.87800000000162
1867.05300000000162
1867.21600000000162
1867.40100000000162
1867.60100000000162
1867.78900000000162
1867.97300000000162
1868.11900000000162
1868.29100000000162
1868.48700000000162
1868.68800000000162
1868.86900000000162
1870.33700000000162
1870.47300000000162
1870.66300000000162
1870.88100000000162
1871.04700000000162
1871.22400000000162
1871.42100000000162
1871.62400000000162
1871.79600000000162
1871.96100000000162
1874.18000000000162
1874.34800000000162
1874.53700000000162
1874.73800000000162
1874.92600000000162
1875.09700000000162
1875.27400000000162
1875.46600000000162
1875.67200000000162
1875.86000000000162
1876.03900000000162
1876.22100000000162
1876.40100000000162
1876.58800000000162
1876.80600000000163
1876.96400000000163
1877.15300000000163
1877.32600000000163
1879.28100000000163
1879.46100000000163
1879.65300000000163
1879.88200000000163
1880.08500000000163
1880.26000000000163
1880.46300000000163
1880.67600000000163
1880.86800000000163
1881.06500000000163
1881.22300000000163
1881.41600000000163
1881.64300000000163
1881.80300000000163
1881.99000000000163
1882.18200000000163
1882.39500000000163
1882.56800000000163
1882.73600000000163
1883.53600000000163
1883.69400000000163
1883.87800000000163
1884.07400000000163
1884.24000000000163
1884.41900000000163
1884.60300000000163
1884.77900000000163
1884.97000000000163
1885.15800000000163
1885.35500000000163
1885.52900000000163
1885.74100000000163
1885.93200000000163
1886.12600000000163
1886.30000000000163
1886.47900000000163
1886.66400000000163
1886.87800000000163
1887.08300000000163
1887.38800000000163
1887.57700000000163
1887.77300000000164
1887.97500000000164
1888.16300000000164
1889.32000000000164
1889.49300000000164
1889.68200000000164
1889.87300000000164
1890.06900000000164
1890.28500000000164
1890.46200000000164
1890.64900000000164
1890.82100000000164
1891.01000000000164
1891.18700000000164
1891.38000000000164
1891.56300000000164
1891.76500000000164
1891.93500000000164
1892.12100000000164
1892.31300000000164
1892.51400000000164
1892.70600000000164
1892.90100000000164
1893.08300000000164
1893.27500000000164
1895.15300000000164
1895.35900000000164
1895.58800000000164
1895.77100000000164
1896.18200000000164
1896.37900000000164
1896.56000000000164
1896.75900000000164
1896.93400000000164
1897.13900000000164
1897.37500000000164
1897.51800000000164
1897.71400000000164
1897.88700000000164
1898.08600000000164
1898.33100000000164
1898.49900000000164
1898.69600000000164
1898.86800000000164
1899.05100000000164
1899.25100000000165
1899.42400000000165
1899.62100000000165
1899.80500000000165
1905.38700000000165
1905.52400000000165
1905.69300000000165
1905.86600000000165
1906.03200000000165
1906.19700000000165
1906.37100000000165
1906.54800000000165
1906.71900000000165
1906.87200000000165
1907.04600000000165
1907.22600000000165
1907.39600000000165
1907.56500000000165
1907.74700000000165
1907.93500000000165
1908.09300000000165
1908.25900000000165
1908.43400000000165
1908.62600000000165
1908.80100000000165
1908.98900000000165
1909.14000000000165
1909.32000000000165
1909.49900000000165
1909.67500000000165
1909.85600000000165
1910.04800000000165
1910.23700000000165
1910.42500000000166
1910.60600000000166
1912.56400000000166
1912.71700000000166
1912.89100000000166
1913.08000000000166
1913.25400000000166
1913.42500000000166
1913.61500000000166
1913.79400000000166
1913.95700000000166
1914.12400000000166
1914.29000000000166
1914.46500000000166
1914.67200000000166
1914.84300000000166
1915.01400000000166
1915.19200000000166
1915.36800000000166
1915.55200000000166
1915.74700000000166
1915.92200000000166
1916.10800000000166
1916.29300000000166
1916.46500000000166
1920.00700000000166
1920.13900000000166
1920.30500000000166
1920.48200000000166
1920.65300000000166
1920.81300000000166
1920.98800000000166
1921.16400000000166
1921.33700000000166
1921.50200000000166
1921.66700000000166
1921.85100000000167
1922.04600000000167
1922.21500000000167
1922.39000000000167
1922.56800000000167
1922.75500000000167
1922.93400000000167
1923.10900000000167
1926.97100000000167
1927.13000000000167
1927.30000000000167
1927.47000000000167
1927.64100000000167
1927.80800000000167
1927.98700000000167
1928.17700000000167
1928.31600000000167
1928.49100000000167
1928.65400000000167
1928.83500000000167
1929.02500000000167
1929.19300000000167
1929.55900000000167
1929.69100000000167
1929.86900000000167
1930.04400000000167
1930.20700000000167
1930.38900000000167
1930.58100000000167
1930.76100000000167
1930.94600000000167
1931.11600000000167
1931.28600000000167
1931.46500000000167
1931.66400000000167
1932.73400000000167
1932.87800000000168
1933.05900000000168
1933.23500000000168
1933.40600000000168
1933.59000000000168
1933.77400000000168
1933.96200000000168
1934.11800000000168
1934.27800000000168
1934.46800000000168
1934.64500000000168
1934.82500000000168
1936.48600000000168
1936.64300000000168
1936.83200000000168
1937.01700000000168
1937.19400000000168
1937.38700000000168
1937.56200000000168
1937.74900000000168
1937.93400000000168
1946.24400000000169
1946.41000000000169
1946.58500000000169
1947.02400000000169
1947.18700000000169
1947.35800000000169
1947.52700000000169
1947.68900000000169
1947.85700000000169
1948.04200000000169
1948.23100000000169
1948.42500000000169
1948.59200000000169
1948.75700000000169
1948.93900000000169
1949.11000000000169
1949.28300000000169
1949.46900000000169
1967.30500000000171
1967.48300000000171
1967.66000000000171
1967.83700000000171
1968.02100000000171
1968.19700000000171
1968.36600000000171
1968.55600000000171
1969.98100000000171
1970.13000000000171
1970.30300000000171
1970.49100000000171
1970.65700000000171
1970.83100000000171
1970.99900000000171
1971.15300000000171
1971.32300000000171
1971.51300000000171
1973.03900000000171
1973.18900000000171
1973.36900000000171
1973.55400000000171
1973.72700000000171
1973.89600000000171
1974.06000000000171
1974.26200000000171
1976.04900000000171
1976.20200000000171
1976.38200000000171
1976.55300000000171
2097.52699999999632
2097.67799999999631
2097.85199999999629
2098.01999999999627
2098.18799999999625
2099.5289999999961
2099.69099999999608
2099.85099999999607
2100.00599999999605
2100.15399999999603
2100.30999999999602
2100.485999999996
2100.66099999999598
2100.83299999999596
2101.01599999999594
2101.18699999999592
2513.87399999995047
2514.02099999995045
2514.18099999995043
2514.34999999995042
2514.5229999999504
2514.67799999995038
2514.84599999995036
2515.00899999995034
2515.15099999995033
2515.30299999995031
2515.45999999995029
2515.62299999995028
2515.78799999995026
2515.96999999995024
2516.16199999995022
2517.05199999995012
2517.2239999999501
2517.40199999995008
2517.58599999995006
2517.77299999995004
2517.93599999995002
2518.11999999995
2518.29099999994998
2518.44899999994996
2518.60299999994995
2518.88699999994992
2519.09499999994989
2519.27399999994987
2519.46299999994985
2519.65399999994983
2519.77799999994982
2519.9579999999498
2520.14599999994978
2520.31499999994976
2520.51099999994974
2520.68999999994972
2522.6409999999495
2522.79999999994949
2522.96299999994947
2523.14599999994945
2523.31199999994943
2523.48499999994941
2523.64899999994939
2523.80999999994937
2524.00399999994935
2524.19399999994933
2524.35899999994931
2524.53399999994929
2524.67599999994928
2524.86699999994926
2525.05599999994924
2525.21599999994922
2525.3939999999492
2525.58399999994918
2525.78199999994916
2525.95299999994914
2526.12599999994912
2526.3349999999491
2526.50799999994908
2526.67799999994906
2526.85899999994904
2527.05199999994902
2527.235999999949
2529.0399999999488
2529.19899999994878
2529.38099999994876
2529.58399999994874
2529.74899999994872
2529.9249999999487
2530.11099999994868
2530.29499999994866
2530.45299999994864
2530.65099999994862
2530.8139999999486
2531.00499999994858
2531.15399999994857
2531.34299999994854
2531.50899999994853
2531.69699999994851
2531.84999999994849
2532.01399999994847
2532.18099999994845
2532.35999999994843
2532.52399999994841
2532.71499999994839
2532.88699999994837
2533.07899999994835
2533.25399999994833
2533.43099999994831
2533.61999999994829
2533.81299999994827
2534.02499999994825
2535.17599999994812
2535.3399999999481
2535.53399999994808
2535.71399999994806
2535.89499999994804
2536.06599999994802
2536.250999999948
2536.41799999994799
2536.57999999994797
2536.74699999994795
2536.94499999994793
2537.10799999994791
2537.28799999994789
2537.48099999994787
2537.65699999994785
2537.81799999994783
2538.00199999994781
2538.21699999994779
2538.37999999994777
2538.54599999994775
2538.72899999994773
2538.92999999994771
2539.11699999994769
2539.28399999994767
2539.45599999994765
2539.63699999994763
2539.82899999994761
2540.03299999994759
2540.19599999994757
2540.36699999994755
2540.56799999994753
2540.74799999994751
2540.93399999994749
2541.09699999994747
2541.28499999994745
2541.48499999994743
2542.82899999994728
2542.98999999994726
2543.16899999994724
2543.36499999994722
2543.5299999999472
2543.69699999994718
2543.87899999994716
2544.07199999994714
2544.25599999994712
2544.4359999999471
2544.61299999994708
2544.78699999994706
2544.96499999994704
2545.14099999994703
2545.333999999947
2545.53599999994698
2545.72599999994696
2545.89099999994694
2546.07299999994692
2546.2369999999469
2546.42099999994688
2546.62299999994686
2546.79099999994684
2546.96699999994682
2547.1739999999468
2547.35599999994678
2547.54599999994676
2549.15999999994658
2549.32199999994656
2549.50999999994654
2549.70499999994652
2549.8889999999465
2550.07299999994648
2550.24699999994646
2550.41699999994644
2550.60299999994642
2550.76299999994641
2550.93799999994639
2551.11699999994637
2551.27999999994635
2551.44599999994633
2551.61299999994631
2551.78199999994629
2551.96999999994627
2552.14299999994625
2552.30399999994624
2552.49999999994621
2552.6649999999462
2552.85199999994618
2553.04099999994616
2553.21099999994614
2553.40399999994612
2553.5759999999461
2553.75699999994608
2553.94699999994606
2554.13799999994603
2554.30699999994602
2554.51199999994599
2554.68299999994597
2554.87199999994595
2555.05699999994593
2555.23399999994591
2555.41599999994589
2555.60499999994587
2555.78799999994585
2555.97799999994583
2556.16399999994581
2556.35899999994579
2556.55299999994577
2556.76699999994574
2556.94699999994572
2557.11699999994571
2557.31199999994568
2557.50599999994566
2557.70499999994564
2557.91699999994562
2558.0549999999456
2558.19599999994559
2558.38599999994557
2558.57799999994555
2558.75799999994553
2558.92899999994551
2559.12999999994548
2559.30999999994546
2559.50499999994544
2559.70099999994542
2559.8959999999454
2563.39199999994501
2563.539999999945
2563.71999999994498
2563.90599999994496
2564.08099999994494
2564.25999999994492
2564.4329999999449
2564.61899999994488
2564.78999999994486
2564.97499999994484
2565.16699999994482
2565.3509999999448
2565.52899999994478
2565.71099999994476
2565.88799999994474
2566.05199999994472
2566.2379999999447
2566.42999999994468
2566.59999999994466
2566.80299999994464
2566.99499999994462
2567.1769999999446
2567.34899999994458
2567.52599999994456
2567.72499999994454
2567.90699999994452
2568.0929999999445
2568.28199999994448
2568.47799999994445
2568.65799999994444
2568.85999999994441
2569.04499999994439
2569.24099999994437
2569.42899999994435
2569.62199999994433
2569.81999999994431
2570.00799999994429
2570.19599999994427
2570.39099999994424
2570.58699999994422
2570.7639999999442
2570.95699999994418
2571.15099999994416
2571.33399999994414
2571.52699999994412
2571.7229999999441
2571.90699999994408
2572.10699999994406
2572.27599999994404
2572.47099999994402
2572.67199999994399
2572.87799999994397
2574.12499999994383
2574.28699999994382
2574.47199999994379
2574.64899999994378
2574.83899999994375
2575.03899999994373
2575.22299999994371
2575.40499999994369
2575.61099999994367
2575.79999999994365
2576.02499999994362
2576.18599999994361
2576.37599999994358
2576.57199999994356
2576.75599999994354
2576.93599999994352
2577.1169999999435
2577.33699999994348
2577.51799999994346
2577.69199999994344
2578.0239999999434
2578.63299999994334
2578.80299999994332
2578.9929999999433
2579.18699999994328
2579.35899999994326
2579.53599999994324
2579.72199999994322
2579.92799999994319
2580.11199999994317
2580.30799999994315
2580.49999999994313
2580.68499999994311
2580.89699999994309
2581.08399999994307
2581.26899999994305
2581.44899999994303
2581.641999999943
2581.84399999994298
2582.04199999994296
2582.21699999994294
2582.40799999994292
2582.6059999999429
2582.80199999994288
2582.99999999994286
2583.22099999994283
2583.39199999994281
2583.58399999994279
2583.76099999994277
2583.93899999994275
2584.13899999994273
2584.32999999994271
2584.53999999994269
2584.76099999994266
2584.93899999994264
2585.10799999994262
2585.3029999999426
2585.50599999994258
2585.68399999994256
2585.87899999994254
2586.06099999994252
2586.2649999999425
2586.92199999994242
2587.0929999999424
2587.28399999994238
2587.47499999994236
2587.65499999994234
2587.83699999994232
2588.0279999999423
2588.24299999994228
2588.44699999994226
2588.61999999994224
2588.81099999994222
2588.9939999999422
2589.20199999994217
2589.39899999994215
2589.58099999994213
2589.79799999994211
2589.94299999994209
2590.13399999994207
2590.32099999994205
2591.85899999994188
2592.02299999994186
2592.20899999994184
2592.40599999994182
2592.5909999999418
2592.79699999994178
2592.96999999994176
2593.16399999994174
2593.34899999994172
2593.55299999994169
2593.74999999994167
2593.95199999994165
2594.13199999994163
2594.33799999994161
2594.54499999994158
2594.72799999994156
2594.91899999994154
2595.13899999994152
2599.45499999994104
2599.60599999994103
2599.77699999994101
2599.99199999994098
2600.15799999994097
2600.34799999994094
2600.52999999994092
2600.7229999999409
2600.90999999994088
2601.11199999994086
2601.30699999994084
2601.47799999994082
2601.6619999999408
2601.83399999994078
2602.01299999994076
2603.60999999994059
2603.75899999994057
2603.93399999994055
2604.12499999994053
2604.29199999994051
2604.46799999994049
2604.64599999994047
2604.83199999994045
2605.00699999994043
2605.17499999994041
2605.35499999994039
2605.53699999994037
2605.74399999994035
2605.91499999994033
2606.08699999994031
2606.26199999994029
2606.43799999994027
2606.62999999994025
2606.82399999994023
2607.01699999994021
2607.17899999994019
2607.36599999994017
2607.54899999994015
2607.71599999994013
2607.89699999994011
2608.09599999994009
2608.29199999994007
2608.46199999994005
2608.64699999994003
2608.85199999994001
2609.02699999993999
2609.21099999993997
2609.37499999993995
2612.21499999993964
2612.36099999993962
2612.5269999999396
2612.72299999993958
2612.89399999993956
2613.08099999993954
2619.8399999999388
2619.97599999993878
2620.15599999993876
2620.32399999993874
2620.49599999993873
2620.66599999993871
2620.82999999993869
2621.02099999993867
2621.19299999993865
2621.35699999993863
2621.53199999993861
2621.70799999993859
2621.87399999993857
2622.88499999993846
2623.02699999993845
2623.31599999993842
2623.50699999993839
2623.69999999993837
2623.87399999993835
2624.04699999993833
2624.22799999993831
2624.3939999999383
2624.58599999993828
2624.74999999993826
2624.92999999993824
2625.12599999993822
2625.2959999999382
2625.45799999993818
2625.64999999993816
2628.31699999993786
2636.153999999937
2636.27999999993699
2636.43499999993697
2636.60199999993695
2636.77799999993693
2636.93599999993692
2637.0769999999369
2637.24099999993688
2637.41999999993686
2637.57699999993684
2637.75599999993682
2637.88999999993681
2638.05499999993679
2638.23999999993677
2638.41899999993675
2638.58599999993673
2654.15899999993502
2654.315999999935
2654.49099999993498
2654.66299999993496
2654.82999999993494
2654.99299999993493
2655.15299999993491
2655.31999999993489
2655.48599999993487
2655.65699999993485
2655.82899999993483
2656.00999999993481
2656.1819999999348
2656.37099999993477
2656.52899999993476
2656.73999999993473
2656.92299999993471
2664.04999999993393
2664.18899999993391
2664.3429999999339
2664.52399999993388
2664.69399999993386
2664.84099999993384
2664.98799999993383
2665.15999999993381
2665.33999999993379
2665.50599999993377
2665.66899999993375
2665.87899999993373
2667.54099999993354
2667.68899999993353
2667.85899999993351
2668.04399999993349
2668.22499999993347
2668.39199999993345
2668.55799999993343
2668.70399999993342
2668.8499999999334
2669.94399999993328
2670.11099999993326
2670.30199999993324
2670.46699999993322
2670.6369999999332
2670.77399999993319
2703.41999999992959
2703.57399999992958
2703.75699999992956
2703.94899999992954
2704.10199999992952
2707.29399999992917
2707.43899999992915
2707.60899999992913
2707.78899999992911
2707.96399999992909
2708.27299999992906
2710.77799999992878
2710.91399999992877
2711.08899999992875
2711.26699999992873
2711.40899999992871
2711.5379999999287
2711.66399999992869
3087.38399999988731
3087.51299999988729
3088.3179999998872
3088.83299999988715
3088.99499999988713
3089.15899999988711
3089.2809999998871
3089.57299999988706
3089.73299999988705
3089.86999999988703
3089.99799999988702
3090.161999999887
3090.34499999988698
3090.47799999988696
3092.08699999988679
3092.23099999988677
3092.40599999988675
3092.56399999988674
3092.71499999988672
3092.8529999998867
3093.03099999988668
3093.19499999988667
3094.55799999988652
3094.7129999998865
3094.88199999988648
3095.04099999988646
3095.21399999988644
3095.34699999988643
3095.50599999988641
3095.67299999988639
3097.66999999988617
3097.81099999988616
3097.99899999988614
3098.15499999988612
3098.3169999998861
3098.45599999988609
3098.63699999988607
3098.80099999988605
3098.97699999988603
3099.55899999988596
3099.69799999988595
3099.88699999988593
3100.09199999988591
3100.25899999988589
3114.43999999988433
3114.59699999988431
3114.75799999988429
3114.92699999988427
3115.08599999988425
3115.23699999988424
3115.39899999988422
3115.5809999998842
3115.75499999988418
3115.92599999988416
3116.19899999988413
3116.38599999988411
3116.57699999988409
3116.75399999988407
3117.63199999988397
3117.77499999988396
3117.95499999988394
3118.14099999988392
3118.3209999998839
3118.50499999988388
3118.69799999988386
3119.30599999988379
3119.44499999988377
3119.61999999988376
3119.79999999988374
3119.96299999988372
3120.1339999998837
3127.30299999988291
3127.48699999988289
3128.80599999988274
3128.97099999988273
3129.12899999988271
3129.30199999988269
3129.47699999988267
3129.66399999988265
3129.84999999988263
3130.03199999988261
3130.21199999988259
3130.38799999988257
3130.57199999988255
3130.74599999988253
3130.92799999988251
3131.11799999988249
3131.32299999988247
3131.48299999988245
3131.64699999988243
3131.84099999988241
3132.03799999988239
3132.22499999988237
3132.41999999988235
3132.58999999988233
3132.8009999998823
3132.98199999988228
3133.16399999988226
3133.35599999988224
3133.54499999988222
3133.7289999998822
3133.94799999988218
3134.13099999988216
3134.29499999988214
3134.47999999988212
3134.6829999998821
3134.88799999988207
3135.07299999988205
3135.26899999988203
3135.47999999988201
3136.57099999988189
3136.73499999988187
3136.92799999988185
3137.14299999988183
3137.3379999998818
3137.54399999988178
3137.73499999988176
3137.93399999988174
3138.11999999988172
3138.2989999998817
3138.53499999988167
3138.71299999988165
3138.89999999988163
3139.09999999988161
3139.31199999988159
3139.49999999988157
3139.69899999988154
3139.89899999988152
3140.1129999998815
3140.30999999988148
3140.53199999988145
3140.72299999988143
3140.93899999988141
3141.16399999988138
3141.37799999988136
3141.59499999988134
3141.79499999988131
3141.99799999988129
3142.19599999988127
3142.41399999988124
3142.60999999988122
3142.8129999998812
3143.01699999988118
3143.22999999988116
3143.42399999988113
3143.62699999988111
3143.82799999988109
3144.05099999988106
3144.26999999988104
3144.47499999988102
3144.672999999881
3144.85499999988098
3145.06799999988095
3145.29099999988093
3145.5049999998809
3145.70899999988088
3145.91399999988086
3146.11699999988084
3146.31699999988082
3146.52099999988079
3146.70399999988077
3146.90999999988075
3147.12099999988073
3147.3289999998807
3147.47999999988069
3147.66999999988067
3147.85499999988065
3148.04699999988062
3148.2309999998806
3148.42799999988058
3148.61499999988056
3148.80099999988054
3148.98499999988052
3149.1739999998805
3149.36799999988048
3149.57099999988046
3149.76299999988044
3149.94799999988042
3150.1239999998804
3150.32599999988037
3150.52899999988035
3150.72999999988033
3150.9529999998803
3151.13599999988028
3153.03599999988008
3153.19999999988006
3153.36899999988004
3153.56499999988002
3153.74899999988
3153.93699999987998
3154.13599999987995
3154.33299999987993
3154.51499999987991
3154.69599999987989
3169.1879999998783
3169.32899999987828
3169.49399999987826
3169.69599999987824
3209.64299999987384
3209.78199999987383
3209.95399999987381
3210.12499999987379
3210.28899999987377
3210.43699999987375
3210.59099999987374
3210.74099999987372
3210.9009999998737
3211.03999999987369
3211.22499999987367
3211.41199999987365
3211.57099999987363
3211.8399999998736
3212.01199999987358
3212.18799999987356
3212.37699999987354
3212.55299999987352
3212.7279999998735
3212.89199999987348
3213.07699999987346
3213.25299999987344
3213.44999999987342
3213.6409999998734
3213.78299999987338
3213.97499999987336
3215.10699999987324
3215.25399999987322
3215.4399999998732
3215.61999999987318
3215.77799999987316
3215.94899999987315
3216.11799999987313
3216.25599999987311
3216.42799999987309
3216.63999999987307
3216.81499999987305
3223.47599999987232
3223.6289999998723
3223.79799999987228
3223.96299999987226
3224.11899999987225
3224.40799999987221
3224.5819999998722
3224.76699999987218
3224.95099999987215
3225.11099999987214
3225.29199999987212
3225.4429999998721
3225.61499999987208
3225.78599999987206
3225.98599999987204
3226.16599999987202
3226.354999999872
3226.48299999987199
-2
82.2160000000000314
218.349000000000152
218.857000000000153
219.255000000000153
256.511000000000186
257.219000000000187
259.106000000000188
259.249000000000189
259.545000000000189
259.686000000000189
260.48400000000019
260.64600000000019
260.82600000000019
260.99100000000019
261.15600000000019
261.33200000000019
261.472000000000191
262.007000000000191
262.185000000000191
262.354000000000191
262.511000000000192
262.647000000000192
262.815000000000192
263.100000000000192
263.261000000000192
263.436000000000192
263.601000000000192
263.755000000000193
264.173000000000193
264.344000000000193
264.510000000000193
264.676000000000193
264.837000000000194
265.008000000000194
265.167000000000194
267.300000000000196
267.471000000000196
267.647000000000196
267.842000000000196
268.038000000000196
268.226000000000197
268.397000000000197
268.566000000000197
269.139000000000197
269.320000000000198
269.496000000000198
269.702000000000198
269.895000000000198
270.103000000000198
270.279000000000198
270.455000000000199
270.626000000000199
270.804000000000199
270.980000000000199
271.160000000000199
271.351000000000199
271.5360000000002
271.7160000000002
271.8400000000002
273.862000000000202
274.185000000000202
274.985000000000203
275.370000000000203
275.589000000000203
275.798000000000203
277.983000000000205
278.266000000000205
280.815000000000208
281.162000000000208
281.788000000000209
281.939000000000209
282.119000000000209
282.280000000000209
282.451000000000209
282.626000000000209
282.79200000000021
282.95700000000021
283.10400000000021
283.24100000000021
283.79900000000021
283.961000000000211
284.141000000000211
284.314000000000211
284.499000000000211
284.687000000000211
284.866000000000211
285.037000000000212
285.205000000000212
285.376000000000212
285.556000000000212
285.729000000000212
285.910000000000212
286.052000000000212
287.172000000000213
287.346000000000214
287.526000000000214
287.707000000000214
287.899000000000214
288.090000000000214
288.282000000000214
288.462000000000215
288.652000000000215
288.822000000000215
289.005000000000215
289.136000000000215
322.375000000000245
327.433000000000249
327.607000000000249
327.763000000000249
327.93500000000025
328.10300000000025
331.134000000000252
331.315000000000253
331.474000000000253
331.645000000000253
331.818000000000253
331.990000000000253
332.157000000000253
332.314000000000254
332.472000000000254
332.632000000000254
332.792000000000254
332.957000000000254
333.108000000000254
333.269000000000254
333.447000000000254
333.632000000000255
482.183000000000387
482.340000000000387
482.502000000000387
482.665000000000387
482.828000000000387
483.323000000000388
483.789000000000388
484.084000000000388
484.246000000000388
484.408000000000389
484.572000000000389
484.735000000000389
484.906000000000389
485.080000000000389
485.252000000000389
485.41700000000039
485.59100000000039
485.76600000000039
485.92500000000039
486.06100000000039
486.22400000000039
486.40700000000039
486.58200000000039
486.751000000000391
486.933000000000391
487.098000000000391
487.913000000000392
488.075000000000392
488.253000000000392
488.432000000000392
488.612000000000392
488.789000000000392
488.930000000000393
489.143000000000393
489.297000000000393
489.450000000000393
489.618000000000393
489.799000000000393
490.007000000000394
490.191000000000394
490.366000000000394
490.569000000000394
490.711000000000394
491.823000000000395
491.992000000000395
492.170000000000396
492.329000000000396
492.498000000000396
492.672000000000396
492.843000000000396
493.020000000000396
493.200000000000396
493.377000000000397
493.526000000000397
493.685000000000397
493.847000000000397
494.054000000000397
494.242000000000397
494.447000000000397
494.614000000000398
494.802000000000398
494.984000000000398
495.168000000000398
495.330000000000398
495.512000000000398
495.717000000000399
495.836000000000399
496.006000000000399
497.3210000000004
497.4890000000004
567.568000000000462
567.724000000000463
567.886000000000463
568.055000000000463
568.230000000000463
568.384000000000463
568.536000000000463
568.661000000000463
568.811000000000464
568.972000000000464
569.119000000000464
569.266000000000464
569.397000000000464
569.561000000000464
569.728000000000464
569.931000000000464
570.083000000000465
570.196000000000465
570.323000000000465
570.495000000000465
570.648000000000465
570.813000000000465
570.957000000000465
571.104000000000466
571.910000000000466
572.085000000000466
572.281000000000467
572.592000000000467
572.755000000000467
572.909000000000467
573.072000000000467
573.238000000000467
573.403000000000468
573.583000000000468
573.771000000000468
573.944000000000468
574.061000000000468
575.227000000000469
575.402000000000469
575.58300000000047
575.76300000000047
575.92900000000047
576.08600000000047
576.24900000000047
576.38600000000047
576.64600000000047
576.833000000000471
577.008000000000471
577.201000000000471
577.384000000000471
577.545000000000471
577.728000000000471
577.891000000000472
578.081000000000472
578.269000000000472
578.423000000000472
578.585000000000472
578.717000000000472
581.848000000000475
590.955000000000483
591.114000000000483
591.276000000000484
591.440000000000484
591.595000000000484
591.737000000000484
591.883000000000484
592.021000000000484
592.161000000000484
592.304000000000484
592.463000000000484
592.599000000000485
592.731000000000485
592.875000000000485
593.040000000000485
593.200000000000485
593.366000000000485
593.530000000000486
593.688000000000486
593.842000000000486
594.014000000000486
594.184000000000486
594.362000000000486
594.505000000000486
594.620000000000486
594.794000000000487
594.971000000000487
595.145000000000487
595.281000000000487
595.430000000000487
595.601000000000487
595.771000000000487
595.936000000000488
596.115000000000488
596.302000000000488
596.457000000000488
596.632000000000488
596.779000000000488
597.882000000000489
602.316000000000493
602.476000000000493
602.648000000000494
602.807000000000494
602.967000000000494
603.137000000000494
603.319000000000494
603.494000000000494
603.648000000000494
603.768000000000495
603.886000000000495
606.340000000000497
606.701000000000497
606.871000000000497
607.045000000000498
607.221000000000498
607.397000000000498
607.568000000000498
607.749000000000498
607.923000000000498
608.090000000000498
608.244000000000499
608.379000000000499
636.690000000000524
636.845000000000524
637.005000000000524
637.167000000000524
637.340000000000524
637.505000000000525
637.663000000000525
637.810000000000525
637.960000000000525
638.118000000000525
638.279000000000525
638.442000000000525
638.611000000000526
638.771000000000526
638.940000000000526
639.102000000000526
639.277000000000526
639.401000000000526
678.506000000000561
712.210000000000591
712.362000000000591
712.524000000000591
712.684000000000591
712.844000000000591
712.998000000000592
713.158000000000592
713.308000000000592
713.434000000000592
713.583000000000592
713.744000000000592
713.896000000000592
714.058000000000592
714.232000000000593
714.385000000000593
714.540000000000593
714.702000000000593
714.868000000000593
715.014000000000593
715.176000000000594
715.347000000000594
715.517000000000594
715.677000000000594
715.847000000000594
716.023000000000594
716.185000000000594
716.356000000000595
716.492000000000595
717.186000000000595
717.353000000000595
717.526000000000596
717.665000000000596
717.829000000000596
717.984000000000596
718.161000000000596
718.340000000000596
718.503000000000596
718.671000000000597
718.852000000000597
719.031000000000597
719.180000000000597
719.296000000000597
719.747000000000598
719.924000000000598
720.101000000000598
720.276000000000598
720.443000000000598
720.620000000000598
720.797000000000598
720.970000000000599
721.135000000000599
721.719000000000599
721.8940000000006
722.0750000000006
722.2520000000006
722.4260000000006
722.5860000000006
722.7540000000006
722.9210000000006
723.104000000000601
723.287000000000601
723.439000000000601
723.580000000000601
723.771000000000601
723.970000000000601
724.161000000000602
724.315000000000602
724.456000000000602
724.645000000000602
724.846000000000602
725.011000000000602
725.178000000000602
725.353000000000603
725.555000000000603
725.741000000000603
725.901000000000603
726.071000000000603
837.252000000000702
838.440000000000703
838.592000000000703
838.749000000000703
838.922000000000703
839.050000000000704
839.192000000000704
839.332000000000704
839.471000000000704
839.561000000000704
839.728000000000704
839.878000000000704
840.028000000000704
840.181000000000704
840.341000000000705
840.506000000000705
840.652000000000705
840.811000000000705
840.929000000000705
841.582000000000706
841.755000000000706
841.912000000000706
842.070000000000706
842.232000000000706
842.397000000000706
842.556000000000707
842.715000000000707
842.860000000000707
843.022000000000707
843.187000000000707
843.354000000000707
843.467000000000708
843.602000000000708
843.728000000000708
843.898000000000708
844.076000000000708
844.244000000000708
844.403000000000708
844.536000000000708
844.707000000000709
844.898000000000709
845.079000000000709
845.224000000000709
845.370000000000709
845.528000000000709
845.70500000000071
845.88600000000071
846.04600000000071
846.20600000000071
847.073000000000711
847.248000000000711
847.419000000000711
847.573000000000711
847.721000000000711
847.895000000000711
848.069000000000712
848.211000000000712
848.333000000000712
908.642000000000765
916.034000000000772
916.199000000000772
916.379000000000772
916.534000000000772
916.706000000000772
916.832000000000773
916.961000000000773
917.109000000000773
1007.621000000000853
1007.789000000000853
1008.154000000000854
1008.557000000000854
1013.176000000000858
1016.450000000000861
1827.29700000000158
1827.45600000000158
1827.61700000000158
1827.79000000000158
1827.93100000000158
1828.07500000000158
1828.20600000000158
1828.34400000000158
1828.50400000000158
1828.64900000000158
1828.80800000000158
1828.97400000000158
1829.14800000000158
1829.31300000000158
1829.44700000000158
1829.58300000000158
1829.73800000000158
1830.38500000000158
1830.55500000000158
1830.71000000000158
1830.87800000000158
1831.03900000000158
1831.21200000000158
1831.34100000000158
1831.48500000000158
1831.61700000000159
1831.80700000000159
1831.98300000000159
1832.15400000000159
1832.27600000000159
1832.40200000000159
1832.69700000000159
1832.91800000000159
1833.11500000000159
1833.28600000000159
1833.46400000000159
1833.66300000000159
1833.84900000000159
1833.96800000000159
1834.88700000000159
1835.06500000000159
1835.25300000000159
1835.43100000000159
1835.60900000000159
1835.78500000000159
1835.95400000000159
1836.11300000000159
1836.26600000000159
1836.46500000000159
1836.64800000000159
1836.83300000000159
1837.01500000000159
1837.20500000000159
1837.40400000000159
1837.53500000000159
1837.66600000000159
1838.67300000000159
1838.86100000000159
1839.05700000000159
1839.23800000000159
1839.43300000000159
1839.62100000000159
1839.81600000000159
1840.00500000000159
1840.18000000000159
1840.37200000000159
1840.54900000000159
1840.72900000000159
1840.91900000000159
1841.11300000000159
1841.29900000000159
1841.48700000000159
1841.61600000000159
1842.41800000000159
1842.61600000000159
1842.7970000000016
1842.9670000000016
1843.1520000000016
1843.3560000000016
1843.5320000000016
1843.7040000000016
1843.9040000000016
1844.1020000000016
1844.3040000000016
1844.4670000000016
1844.6130000000016
1844.7420000000016
1845.5460000000016
1845.7290000000016
1846.1200000000016
1846.2760000000016
1846.4500000000016
1846.6200000000016
1846.8150000000016
1847.0050000000016
1847.1990000000016
1847.3900000000016
1847.5760000000016
1847.7230000000016
1847.8510000000016
1849.2560000000016
1849.4550000000016
1849.6350000000016
1849.8210000000016
1850.0110000000016
1850.1780000000016
1850.3260000000016
1850.4960000000016
1850.6700000000016
1850.8580000000016
1851.0320000000016
1851.2080000000016
1851.4020000000016
1851.5770000000016
1852.1720000000016
1852.3620000000016
1852.5610000000016
1852.7590000000016
1852.9560000000016
1853.1250000000016
1853.2950000000016
1853.4690000000016
1853.6190000000016
1853.8100000000016
1853.9970000000016
1854.17300000000161
1854.34700000000161
1854.52600000000161
1854.73900000000161
1854.93000000000161
1855.12000000000161
1855.32300000000161
1855.51600000000161
1855.69000000000161
1855.87300000000161
1856.07200000000161
1856.26200000000161
1856.44200000000161
1856.61900000000161
1856.76000000000161
1859.88100000000161
1860.06200000000161
1860.23600000000161
1860.41000000000161
1860.58200000000161
1860.76200000000161
1860.94600000000161
1861.13700000000161
1861.32800000000161
1861.51000000000161
1861.68700000000161
1861.88000000000161
1862.07200000000161
1862.24800000000161
1862.41700000000161
1862.61300000000161
1862.79300000000161
1862.96300000000161
1863.14400000000161
1863.33800000000161
1863.53600000000161
1863.72100000000161
1863.90100000000161
1864.09400000000161
1864.27800000000161
1864.48300000000161
1864.67600000000161
1864.86700000000161
1865.00800000000161
1866.37100000000162
1866.57700000000162
1866.77000000000162
1866.95000000000162
1867.11400000000162
1867.29400000000162
1867.50100000000162
1867.69600000000162
1867.86000000000162
1868.01500000000162
1868.18800000000162
1868.38700000000162
1868.58300000000162
1868.75700000000162
1868.90600000000162
1870.38700000000162
1870.56700000000162
1870.76400000000162
1870.94900000000162
1871.11200000000162
1871.32500000000162
1871.51500000000162
1871.67800000000162
1871.83300000000162
1871.99700000000162
1874.25900000000162
1874.44500000000162
1874.63100000000162
1874.81300000000162
1874.99700000000162
1875.17000000000162
1875.37200000000162
1875.57600000000162
1875.76900000000162
1875.93800000000162
1876.11800000000162
1876.29900000000162
1876.48400000000162
1876.67800000000163
1876.86100000000163
1877.04600000000163
1877.22500000000163
1877.41200000000163
1879.34500000000163
1879.55400000000163
1879.75600000000163
1879.96600000000163
1880.15400000000163
1880.35700000000163
1880.57100000000163
1880.76700000000163
1880.93300000000163
1881.11800000000163
1881.31400000000163
1881.51400000000163
1881.69700000000163
1881.88700000000163
1882.07900000000163
1882.28100000000163
1882.46400000000163
1882.60200000000163
1882.78800000000163
1883.60900000000163
1883.78400000000163
1883.96200000000163
1884.14100000000163
1884.32500000000163
1884.50200000000163
1884.68100000000163
1884.87000000000163
1885.05500000000163
1885.24600000000163
1885.43300000000163
1885.62400000000163
1885.83000000000163
1886.02200000000163
1886.19800000000163
1886.35800000000163
1886.55900000000163
1886.77100000000163
1886.97200000000163
1887.10300000000163
1887.47400000000163
1887.66700000000163
1887.86900000000164
1888.05600000000164
1888.22500000000164
1889.39500000000164
1889.58800000000164
1889.78200000000164
1889.97200000000164
1890.17400000000164
1890.36300000000164
1890.52700000000164
1890.72600000000164
1890.91000000000164
1891.09200000000164
1891.27300000000164
1891.46900000000164
1891.66200000000164
1891.83800000000164
1892.02100000000164
1892.20300000000164
1892.41900000000164
1892.61700000000164
1892.79400000000164
1892.97800000000164
1893.16600000000164
1893.30300000000164
1895.23600000000164
1895.42600000000164
1895.62800000000164
1895.84600000000164
1896.26900000000164
1896.45700000000164
1896.63900000000164
1896.82600000000164
1897.03500000000164
1897.22600000000164
1897.40600000000164
1897.60100000000164
1897.77500000000164
1897.97500000000164
1898.18100000000164
1898.36600000000164
1898.58600000000164
1898.76400000000164
1898.94800000000164
1899.13100000000164
1899.31700000000165
1899.50800000000165
1899.70300000000165
1899.87300000000165
1905.44000000000165
1905.60000000000165
1905.76400000000165
1905.94200000000165
1906.11300000000165
1906.28000000000165
1906.45400000000165
1906.61500000000165
1906.77700000000165
1906.95200000000165
1907.12800000000165
1907.30400000000165
1907.46100000000165
1907.65300000000165
1907.83700000000165
1907.99900000000165
1908.16200000000165
1908.34200000000165
1908.51000000000165
1908.70500000000165
1908.87800000000165
1909.03900000000165
1909.22200000000165
1909.40400000000165
1909.58100000000165
1909.76800000000165
1909.95000000000165
1910.13500000000165
1910.31500000000166
1910.50500000000166
1910.66000000000166
1912.60300000000166
1912.80400000000166
1912.98500000000166
1913.16400000000166
1913.33300000000166
1913.51900000000166
1913.70000000000166
1913.86300000000166
1914.03100000000166
1914.19200000000166
1914.36300000000166
1914.53300000000166
1914.72400000000166
1914.91700000000166
1915.08800000000166
1915.26800000000166
1915.45400000000166
1915.63600000000166
1915.82500000000166
1916.00500000000166
1916.18700000000166
1916.35800000000166
1916.51100000000166
1920.04100000000166
1920.21500000000166
1920.39100000000166
1920.56300000000166
1920.72300000000166
1920.89300000000166
1921.07200000000166
1921.24000000000166
1921.39900000000166
1921.56800000000166
1921.75600000000167
1921.94000000000167
1922.12000000000167
1922.27300000000167
1922.45300000000167
1922.63700000000167
1922.83400000000167
1922.99600000000167
1923.13700000000167
1927.04100000000167
1927.21000000000167
1927.37900000000167
1927.53900000000167
1927.71400000000167
1927.89300000000167
1928.06400000000167
1928.21200000000167
1928.38900000000167
1928.54900000000167
1928.73300000000167
1928.91600000000167
1929.09300000000167
1929.26400000000167
1929.58100000000167
1929.77200000000167
1929.94500000000167
1930.10100000000167
1930.28300000000167
1930.46400000000167
1930.66300000000167
1930.84300000000167
1931.01900000000167
1931.18400000000167
1931.36900000000167
1931.56600000000167
1931.74600000000167
1932.77800000000167
1932.96600000000168
1933.14000000000168
1933.30900000000168
1933.47800000000168
1933.67600000000168
1933.86500000000168
1934.01800000000168
1934.16800000000168
1934.35900000000168
1934.55300000000168
1934.72900000000168
1934.85400000000168
1936.55100000000168
1936.73100000000168
1936.91600000000168
1937.09500000000168
1937.28300000000168
1937.47000000000168
1937.64600000000168
1937.83400000000168
1937.96300000000168
1946.31500000000169
1946.48700000000169
1946.66600000000169
1947.10000000000169
1947.26700000000169
1947.43800000000169
1947.60000000000169
1947.76200000000169
1947.93900000000169
1948.12600000000169
1948.31500000000169
1948.45800000000169
1948.66300000000169
1948.84300000000169
1949.01300000000169
1949.19100000000169
1949.37200000000169
1949.50500000000169
1967.35300000000171
1967.56500000000171
1967.74400000000171
1967.92700000000171
1968.10700000000171
1968.27900000000171
1968.45800000000171
1968.63600000000171
1970.01500000000171
1970.21100000000171
1970.39100000000171
1970.56600000000171
1970.73500000000171
1970.90800000000171
1971.05800000000171
1971.22800000000171
1971.39600000000171
1971.57200000000171
1973.09800000000171
1973.27300000000171
1973.45600000000171
1973.63300000000171
1973.80200000000171
1973.96700000000171
1974.14900000000171
1974.33300000000171
1976.10500000000171
1976.27800000000171
1976.44200000000171
1976.56500000000171
2097.58499999999632
2097.7559999999963
2097.92299999999628
2098.10199999999626
2098.26999999999624
2099.59499999999609
2099.75499999999608
2099.90899999999606
2100.05099999999604
2100.20099999999603
2100.38099999999601
2100.54599999999599
2100.72099999999597
2100.90899999999595
2101.08799999999593
2101.24099999999591
2513.92299999995046
2514.08799999995044
2514.25499999995043
2514.42499999995041
2514.58799999995039
2514.75899999995037
2514.90799999995035
2515.05599999995034
2515.20399999995032
2515.3609999999503
2515.52899999995029
2515.68399999995027
2515.87599999995025
2516.04099999995023
2516.18999999995021
2517.12099999995011
2517.29999999995009
2517.48499999995007
2517.65999999995005
2517.83499999995003
2518.00599999995001
2518.19399999994999
2518.35299999994998
2518.49399999994996
2518.62699999994995
2518.97199999994991
2519.16799999994989
2519.34699999994987
2519.53799999994984
2519.68299999994983
2519.85599999994981
2520.04399999994979
2520.20999999994977
2520.39199999994975
2520.58899999994973
2520.75599999994971
2522.7059999999495
2522.87699999994948
2523.05199999994946
2523.22299999994944
2523.38399999994942
2523.5569999999494
2523.72099999994938
2523.89499999994936
2524.09899999994934
2524.26399999994932
2524.41599999994931
2524.57699999994929
2524.76199999994927
2524.93699999994925
2525.12099999994923
2525.29199999994921
2525.48099999994919
2525.66499999994917
2525.85999999994915
2526.02999999994913
2526.21299999994911
2526.41599999994909
2526.58099999994907
2526.75699999994905
2526.95099999994903
2527.11899999994901
2527.28099999994899
2529.10399999994879
2529.28999999994877
2529.47399999994875
2529.65599999994873
2529.83899999994871
2530.01599999994869
2530.19899999994867
2530.35299999994865
2530.53399999994863
2530.71599999994861
2530.90199999994859
2531.05199999994858
2531.23999999994856
2531.40799999994854
2531.57999999994852
2531.7489999999485
2531.90999999994848
2532.07999999994846
2532.25399999994844
2532.41999999994843
2532.59799999994841
2532.78699999994839
2532.97899999994836
2533.15499999994835
2533.32699999994833
2533.50599999994831
2533.71199999994828
2533.90099999994826
2534.05299999994825
2535.25099999994811
2535.43399999994809
2535.61599999994807
2535.79299999994805
2535.96999999994804
2536.14899999994802
2536.317999999948
2536.47899999994798
2536.64499999994796
2536.82799999994794
2537.00599999994792
2537.1929999999479
2537.38099999994788
2537.55699999994786
2537.71499999994784
2537.90599999994782
2538.1049999999478
2538.27899999994778
2538.44599999994776
2538.62999999994774
2538.82999999994772
2539.0169999999477
2539.18599999994768
2539.35899999994766
2539.53799999994764
2539.73899999994762
2539.9239999999476
2540.09799999994758
2540.27099999994756
2540.46799999994754
2540.65099999994752
2540.8149999999475
2540.98899999994748
2541.18599999994746
2541.38299999994744
2541.53699999994742
2542.90299999994727
2543.07799999994725
2543.25999999994723
2543.43699999994721
2543.60299999994719
2543.78399999994717
2543.97399999994715
2544.15899999994713
2544.33699999994711
2544.50899999994709
2544.69299999994707
2544.86899999994706
2545.04199999994704
2545.23499999994701
2545.43099999994699
2545.61399999994697
2545.79099999994695
2545.96699999994693
2546.13299999994692
2546.3229999999469
2546.51899999994687
2546.68799999994685
2546.86799999994683
2547.06399999994681
2547.25599999994679
2547.43899999994677
2547.61699999994675
2549.23099999994657
2549.41599999994655
2549.60499999994653
2549.78899999994651
2549.96799999994649
2550.15299999994647
2550.32399999994645
2550.49399999994644
2550.67199999994642
2550.8459999999464
2551.01999999994638
2551.18299999994636
2551.34799999994634
2551.51199999994632
2551.6879999999463
2551.86999999994628
2552.04299999994626
2552.20199999994625
2552.38299999994623
2552.56599999994621
2552.75299999994619
2552.93599999994617
2553.10999999994615
2553.29299999994613
2553.47599999994611
2553.64899999994609
2553.84399999994607
2554.03899999994605
2554.20099999994603
2554.39499999994601
2554.58699999994598
2554.77099999994596
2554.95499999994594
2555.13599999994592
2555.3179999999459
2555.49799999994588
2555.69099999994586
2555.87699999994584
2556.06399999994582
2556.2609999999458
2556.45499999994578
2556.64999999994576
2556.84899999994574
2557.02399999994572
2557.2119999999457
2557.41099999994567
2557.60499999994565
2557.79899999994563
2557.94999999994561
2558.0879999999456
2558.28999999994558
2558.47899999994556
2558.66099999994554
2558.83099999994552
2559.0129999999455
2559.20799999994548
2559.40699999994545
2559.60299999994543
2559.79799999994541
2559.99299999994539
2563.44899999994501
2563.63199999994499
2563.81199999994497
2563.99099999994495
2564.16399999994493
2564.33799999994491
2564.52299999994489
2564.69699999994487
2564.87099999994485
2565.05599999994483
2565.24099999994481
2565.43199999994479
2565.60899999994477
2565.78299999994475
2565.95199999994473
2566.13599999994471
2566.31999999994469
2566.50399999994467
2566.69699999994465
2566.88699999994463
2567.06599999994461
2567.24499999994459
2567.41999999994457
2567.61299999994455
2567.80799999994453
2567.99699999994451
2568.18499999994449
2568.37499999994447
2568.56099999994445
2568.74099999994443
2568.9399999999444
2569.13999999994438
2569.33099999994436
2569.52499999994434
2569.71399999994432
2569.8879999999443
2570.09999999994428
2570.29099999994426
2570.48199999994423
2570.66399999994421
2570.84999999994419
2571.04399999994417
2571.23499999994415
2571.42799999994413
2571.61799999994411
2571.80999999994409
2572.00499999994407
2572.16999999994405
2572.37699999994403
2572.567999999944
2572.75299999994398
2572.89699999994397
2574.19699999994382
2574.3779999999438
2574.55399999994379
2574.73899999994377
2574.93099999994374
2575.12399999994372
2575.3089999999437
2575.49399999994368
2575.70699999994366
2575.90799999994364
2576.08899999994362
2576.2759999999436
2576.46799999994357
2576.65799999994355
2576.83799999994353
2577.01699999994351
2577.21699999994349
2577.41799999994347
2577.59099999994345
2577.76899999994343
2578.0589999999434
2578.70199999994333
2578.89399999994331
2579.08099999994329
2579.26099999994327
2579.44399999994325
2579.62999999994323
2579.8259999999432
2580.01699999994318
2580.20399999994316
2580.39699999994314
2580.59099999994312
2580.7879999999431
2580.99099999994308
2581.17499999994306
2581.35299999994304
2581.54499999994302
2581.73999999994299
2581.93299999994297
2582.12199999994295
2582.31099999994293
2582.50699999994291
2582.69799999994289
2582.89699999994287
2583.10099999994284
2583.29299999994282
2583.4799999999428
2583.65199999994278
2583.84099999994276
2584.03799999994274
2584.22999999994272
2584.4279999999427
2584.63799999994268
2584.83599999994265
2584.99999999994264
2585.20899999994261
2585.40199999994259
2585.58699999994257
2585.76899999994255
2585.96099999994253
2586.15999999994251
2586.34699999994249
2586.99599999994242
2587.1819999999424
2587.36999999994237
2587.55199999994235
2587.73899999994233
2587.93299999994231
2588.13099999994229
2588.33299999994227
2588.51699999994225
2588.70399999994223
2588.89499999994221
2589.08599999994219
2589.28499999994216
2589.47599999994214
2589.67799999994212
2589.8359999999421
2590.02599999994208
2590.21699999994206
2590.38399999994204
2591.93199999994187
2592.11699999994185
2592.30399999994183
2592.49599999994181
2592.68199999994179
2592.86599999994177
2593.06299999994175
2593.24899999994173
2593.43699999994171
2593.64199999994168
2593.83699999994166
2594.02999999994164
2594.23099999994162
2594.4269999999416
2594.61699999994158
2594.81399999994155
2595.00999999994153
2595.19499999994151
2599.51099999994104
2599.68899999994102
2599.870999999941
2600.05399999994098
2600.25299999994096
2600.43599999994094
2600.62699999994091
2600.81499999994089
2601.00399999994087
2601.20199999994085
2601.37499999994083
2601.56399999994081
2601.73499999994079
2601.90899999994077
2602.10699999994075
2603.66799999994058
2603.84899999994056
2604.02499999994054
2604.20099999994052
2604.3749999999405
2604.55199999994048
2604.73499999994046
2604.91299999994044
2605.07799999994042
2605.2569999999404
2605.44099999994038
2605.62899999994036
2605.81499999994034
2605.98799999994032
2606.1639999999403
2606.33899999994029
2606.53199999994026
2606.72099999994024
2606.89599999994022
2607.0789999999402
2607.26799999994018
2607.45099999994016
2607.61399999994014
2607.79599999994012
2607.9929999999401
2608.18199999994008
2608.33999999994006
2608.55199999994004
2608.74999999994002
2608.92399999994
2609.11099999993998
2609.27399999993996
2609.44899999993994
2612.27599999993963
2612.43699999993961
2612.5899999999396
2612.74799999993958
2612.96699999993956
2613.13699999993954
2619.87499999993879
2620.05899999993877
2620.22899999993876
2620.40499999993874
2620.57199999993872
2620.7339999999387
2620.91799999993868
2621.09799999993866
2621.26099999993864
2621.42599999993862
2621.6089999999386
2621.77299999993859
2621.90199999993857
2622.92199999993846
2623.09599999993844
2623.40599999993841
2623.60399999993838
2623.78299999993836
2623.94599999993835
2624.12499999993833
2624.29399999993831
2624.46899999993829
2624.64299999993827
2624.83399999993825
2625.02699999993823
2625.20199999993821
2625.35699999993819
2625.52499999993817
2625.70099999993815
2628.32799999993786
2636.169999999937
2636.35299999993698
2636.51699999993696
2636.68799999993694
2636.84499999993693
2636.98299999993691
2637.14699999993689
2637.32499999993687
2637.48399999993685
2637.63899999993684
2637.78999999993682
2637.9569999999368
2638.14599999993678
2638.31999999993676
2638.48899999993674
2638.63999999993673
2654.20499999993501
2654.39299999993499
2654.56999999993497
2654.73599999993495
2654.90299999993494
2655.05899999993492
2655.2279999999349
2655.39199999993488
2655.56499999993486
2655.73799999993484
2655.91699999993482
2656.08799999993481
2656.26499999993479
2656.42699999993477
2656.61099999993475
2656.82599999993472
2656.96399999993471
2664.07699999993393
2664.26299999993391
2664.43599999993389
2664.59499999993387
2664.73899999993385
2664.89399999993384
2665.06299999993382
2665.2449999999338
2665.41299999993378
2665.57799999993376
2665.75499999993374
2665.94199999993372
2667.59599999993354
2667.76799999993352
2667.9499999999335
2668.13199999993348
2668.30099999993346
2668.46599999993344
2668.61199999993343
2668.75199999993341
2668.8749999999334
2670.01099999993327
2670.19999999993325
2670.36499999993323
2670.53499999993321
2670.6649999999332
2670.85599999993318
2703.49499999992958
2703.67299999992957
2703.85099999992955
2704.00899999992953
2704.17099999992951
2707.35299999992916
2707.52399999992914
2707.70099999992912
2707.8789999999291
2708.04399999992908
2708.45699999992904
2710.80999999992878
2710.99899999992876
2711.17499999992874
2711.31899999992872
2711.44499999992871
2711.5649999999287
2711.69899999992868
3087.4279999998873
3087.59899999988728
3088.3819999998872
3088.89599999988714
3089.04699999988712
3089.18799999988711
3089.35099999988709
3089.64199999988706
3089.77199999988704
3089.90099999988703
3090.05999999988701
3090.23299999988699
3090.38699999988698
3090.52999999988696
3092.13999999988678
3092.30899999988676
3092.47199999988675
3092.63399999988673
3092.78199999988671
3092.94499999988669
3093.09799999988668
3093.22299999988666
3094.63799999988651
3094.79599999988649
3095.01099999988647
3095.12399999988645
3095.24599999988644
3095.38999999988642
3095.5759999998864
3095.75699999988638
3097.72699999988617
3097.89299999988615
3098.06499999988613
3098.22499999988611
3098.3629999998861
3098.52499999988608
3098.70899999988606
3098.92799999988603
3099.01599999988602
3099.59199999988596
3099.79199999988594
3099.97799999988592
3100.1589999998859
3100.32499999988588
3114.47299999988432
3114.6639999998843
3114.83099999988428
3114.97999999988427
3115.14099999988425
3115.30299999988423
3115.48499999988421
3115.65899999988419
3115.82999999988417
3115.96299999988416
3116.28199999988412
3116.4789999998841
3116.65099999988408
3116.78399999988407
3117.66599999988397
3117.85799999988395
3118.04399999988393
3118.22399999988391
3118.39699999988389
3118.60299999988387
3118.78799999988385
3119.33699999988379
3119.51799999988377
3119.68699999988375
3119.84899999988373
3120.02499999988371
3120.18999999988369
3127.3619999998829
3127.55399999988288
3128.84799999988274
3129.03299999988272
3129.2059999998827
3129.37899999988268
3129.56099999988266
3129.74699999988264
3129.93599999988262
3130.1149999998826
3130.28999999988258
3130.46299999988256
3130.64599999988254
3130.82499999988252
3131.0149999998825
3131.19599999988248
3131.37399999988246
3131.54499999988244
3131.73699999988242
3131.9349999998824
3132.12499999988238
3132.30199999988236
3132.48599999988234
3132.69199999988232
3132.88699999988229
3133.06699999988227
3133.25699999988225
3133.44299999988223
3133.61599999988221
3133.81799999988219
3134.01999999988217
3134.18599999988215
3134.38199999988213
3134.57699999988211
3134.77999999988209
3134.96299999988207
3135.16099999988204
3135.34299999988202
3135.549999999882
3136.63899999988188
3136.83199999988186
3137.02499999988184
3137.23399999988182
3137.44499999988179
3137.64299999988177
3137.82999999988175
3138.00899999988173
3138.19699999988171
3138.39999999988169
3138.61299999988166
3138.79499999988164
3139.00099999988162
3139.1989999998816
3139.38899999988158
3139.58999999988156
3139.79199999988153
3139.98599999988151
3140.20799999988149
3140.40999999988147
3140.61399999988144
3140.80799999988142
3141.0339999998814
3141.26699999988137
3141.48599999988135
3141.68899999988132
3141.8779999998813
3142.08299999988128
3142.29499999988126
3142.50799999988123
3142.70699999988121
3142.91599999988119
3143.11099999988117
3143.31299999988115
3143.50299999988112
3143.7109999998811
3143.92999999988108
3144.14999999988105
3144.37199999988103
3144.56999999988101
3144.74799999988099
3144.95899999988096
3145.17499999988094
3145.39899999988092
3145.61199999988089
3145.80899999988087
3146.01799999988085
3146.21299999988083
3146.40399999988081
3146.60199999988078
3146.80899999988076
3147.02099999988074
3147.21099999988072
3147.3789999998807
3147.56699999988068
3147.74799999988066
3147.93599999988064
3148.12999999988062
3148.3139999998806
3148.51399999988057
3148.70499999988055
3148.88999999988053
3149.07399999988051
3149.26599999988049
3149.45699999988047
3149.66299999988045
3149.84499999988043
3150.02399999988041
3150.23099999988038
3150.43099999988036
3150.62699999988034
3150.83499999988032
3151.0299999998803
3151.15499999988028
3153.10799999988007
3153.27499999988005
3153.45999999988003
3153.65499999988001
3153.84299999987999
3154.03299999987997
3154.22499999987994
3154.42099999987992
3154.5969999998799
3154.77799999987988
3169.20399999987829
3169.39099999987827
3169.56899999987825
3169.75699999987823
3209.69399999987384
3209.85999999987382
3210.0319999998738
3210.20299999987378
3210.35099999987376
3210.50099999987375
3210.64899999987373
3210.80499999987371
3210.9399999998737
3211.12699999987368
3211.31799999987366
3211.47599999987364
3211.59599999987363
3211.88299999987359
3212.09399999987357
3212.28699999987355
3212.45199999987353
3212.62399999987351
3212.78799999987349
3212.97499999987347
3213.15699999987345
3213.33599999987343
3213.52599999987341
3213.6859999998734
3213.87799999987337
3214.05499999987335
3215.15399999987323
3215.34199999987321
3215.51799999987319
3215.68299999987318
3215.84799999987316
3216.01699999987314
3216.15399999987312
3216.3299999998731
3216.51999999987308
3216.71499999987306
3216.84599999987305
3223.53399999987231
3223.70599999987229
3223.86899999987227
3224.01899999987226
3224.15499999987224
3224.48199999987221
3224.67299999987219
3224.85799999987216
3225.01399999987215
3225.18899999987213
3225.33599999987211
3225.50999999987209
3225.69199999987207
3225.87599999987205
3226.06899999987203
3226.23599999987201
3226.385999999872
3226.55999999987198
463
-3
32.4669999999999872
32.7349999999999874
33.2119999999999878
34.1369999999999887
34.457999999999989
35.7419999999999901
102.2410000000000492
113.8250000000000594
114.2840000000000599
114.46600000000006
114.6000000000000601
122.6550000000000673
131.974000000000076
132.088000000000076
132.197000000000076
236.217000000000168
293.832000000000219
293.962000000000219
295.196000000000221
295.793000000000221
295.905000000000221
296.072000000000221
296.232000000000221
296.388000000000222
296.949000000000222
297.085000000000222
297.254000000000222
297.350000000000222
297.761000000000223
299.199000000000224
299.353000000000224
299.506000000000224
299.669000000000224
299.839000000000225
301.336000000000226
308.935000000000233
309.466000000000233
309.755000000000233
310.126000000000234
310.230000000000234
503.476000000000406
503.578000000000406
504.087000000000406
504.207000000000406
504.345000000000406
504.494000000000406
504.662000000000407
504.817000000000407
504.964000000000407
505.099000000000407
505.234000000000407
505.399000000000407
509.181000000000411
509.547000000000411
509.680000000000411
509.836000000000411
509.994000000000411
510.144000000000411
510.226000000000412
510.296000000000412
510.440000000000412
510.601000000000412
510.746000000000412
510.893000000000412
511.034000000000412
511.190000000000412
511.337000000000412
511.480000000000413
511.618000000000413
511.756000000000413
511.907000000000413
512.040000000000413
512.192000000000413
512.357000000000413
512.497000000000414
512.652000000000414
512.803000000000414
513.867000000000415
514.000000000000415
514.115000000000415
514.191000000000415
514.360000000000415
514.529000000000415
514.672000000000415
514.822000000000416
514.973000000000416
515.125000000000416
515.274000000000416
515.424000000000416
515.580000000000416
516.145000000000417
516.288000000000417
516.444000000000417
516.638000000000417
516.809000000000417
517.114000000000418
517.259000000000418
517.815000000000418
518.037000000000418
518.305000000000419
518.518000000000419
518.544000000000419
518.687000000000419
518.892000000000419
520.00600000000042
520.31200000000042
520.704000000000421
520.860000000000421
521.025000000000421
521.175000000000421
521.332000000000421
521.398000000000421
521.576000000000422
521.815000000000422
521.826000000000422
521.970000000000422
522.110000000000422
522.259000000000422
522.402000000000422
522.547000000000422
522.689000000000423
522.846000000000423
522.989000000000423
523.134000000000423
523.299000000000423
524.604000000000424
524.655000000000424
525.085000000000425
525.290000000000425
525.583000000000425
525.877000000000425
526.026000000000426
526.250000000000426
526.416000000000426
526.728000000000426
526.970000000000426
527.099000000000426
527.481000000000427
527.624000000000427
527.805000000000427
528.209000000000427
528.305000000000428
528.479000000000428
528.721000000000428
528.876000000000428
528.966000000000428
529.042000000000428
529.204000000000428
529.365000000000428
529.541000000000429
529.691000000000429
529.846000000000429
529.997000000000429
530.152000000000429
530.311000000000429
530.473000000000429
530.63100000000043
530.78500000000043
530.94200000000043
531.11200000000043
531.26700000000043
538.369000000000436
538.688000000000437
538.894000000000437
539.258000000000437
539.347000000000437
539.455000000000437
539.685000000000438
539.870000000000438
540.134000000000438
540.979000000000439
541.054000000000439
541.124000000000439
541.317000000000439
541.690000000000439
541.96100000000044
731.745000000000608
731.842000000000608
732.084000000000608
732.258000000000609
732.413000000000609
732.561000000000609
732.694000000000609
732.857000000000609
733.084000000000609
733.25400000000061
733.99500000000061
734.16000000000061
734.27100000000061
734.442000000000611
734.611000000000611
734.784000000000611
734.952000000000611
735.118000000000611
735.267000000000611
735.411000000000612
735.763000000000612
735.921000000000612
736.097000000000612
736.248000000000612
736.422000000000612
736.574000000000612
736.726000000000613
736.886000000000613
737.040000000000613
737.182000000000613
737.337000000000613
737.477000000000613
737.618000000000613
737.772000000000614
737.909000000000614
738.054000000000614
738.206000000000614
738.350000000000614
738.684000000000614
738.856000000000614
739.026000000000615
739.188000000000615
739.348000000000615
739.507000000000615
739.669000000000615
739.813000000000615
739.967000000000616
740.122000000000616
740.280000000000616
740.446000000000616
740.613000000000616
740.759000000000616
740.915000000000616
741.062000000000616
741.216000000000617
741.397000000000617
741.569000000000617
741.722000000000617
741.874000000000617
742.648000000000618
742.678000000000618
742.855000000000618
743.205000000000618
743.365000000000619
743.528000000000619
743.694000000000619
743.867000000000619
744.037000000000619
744.249000000000619
744.52100000000062
744.91600000000062
745.08500000000062
745.21100000000062
745.34600000000062
745.59000000000062
746.172000000000621
746.480000000000621
747.571000000000622
747.745000000000622
747.892000000000623
748.048000000000623
748.210000000000623
748.361000000000623
748.510000000000623
748.655000000000623
748.797000000000623
748.941000000000624
749.083000000000624
749.239000000000624
749.378000000000624
749.523000000000624
749.666000000000624
749.824000000000624
749.962000000000624
750.103000000000625
750.247000000000625
750.387000000000625
750.529000000000625
750.682000000000625
750.831000000000625
750.988000000000625
751.147000000000626
751.301000000000626
751.447000000000626
751.591000000000626
751.736000000000626
751.900000000000626
752.053000000000626
752.138000000000626
752.221000000000626
752.431000000000627
752.563000000000627
752.710000000000627
752.865000000000627
753.023000000000627
753.107000000000627
753.185000000000627
753.272000000000627
753.343000000000627
753.511000000000628
753.670000000000628
753.836000000000628
753.980000000000628
754.137000000000628
754.292000000000628
754.462000000000628
754.843000000000629
754.998000000000629
755.157000000000629
755.319000000000629
755.493000000000629
755.66600000000063
755.83600000000063
755.97600000000063
756.18000000000063
756.45700000000063
756.60800000000063
756.75600000000063
756.914000000000631
757.062000000000631
757.210000000000631
757.395000000000631
757.540000000000631
757.685000000000631
757.832000000000631
758.389000000000632
758.523000000000632
758.655000000000632
758.824000000000632
758.988000000000632
759.137000000000633
759.269000000000633
759.425000000000633
759.586000000000633
759.747000000000633
759.900000000000633
760.043000000000633
760.208000000000634
760.364000000000634
760.525000000000634
760.696000000000634
760.845000000000634
761.004000000000634
761.165000000000634
761.318000000000634
761.486000000000635
761.633000000000635
761.796000000000635
761.942000000000635
762.094000000000635
762.256000000000635
762.415000000000635
762.579000000000636
762.759000000000636
762.919000000000636
763.080000000000636
763.260000000000636
763.416000000000636
763.571000000000636
763.729000000000637
763.891000000000637
764.053000000000637
764.202000000000637
764.356000000000637
764.513000000000637
764.667000000000638
764.823000000000638
764.994000000000638
765.151000000000638
765.311000000000638
765.483000000000638
765.659000000000638
765.848000000000638
766.009000000000639
766.167000000000639
766.176000000000639
766.350000000000639
766.520000000000639
771.094000000000643
771.260000000000643
771.520000000000644
771.717000000000644
771.784000000000644
771.930000000000644
772.490000000000644
772.672000000000645
772.793000000000645
772.842000000000645
772.999000000000645
773.079000000000645
773.182000000000645
773.250000000000645
773.405000000000645
773.557000000000645
773.726000000000646
773.894000000000646
774.050000000000646
774.198000000000646
774.347000000000646
774.513000000000646
774.674000000000646
774.827000000000646
774.974000000000647
775.148000000000647
775.587000000000647
775.663000000000647
775.745000000000647
775.915000000000647
776.083000000000648
776.221000000000648
776.404000000000648
777.132000000000648
777.410000000000649
777.797000000000649
777.989000000000649
778.116000000000649
778.31100000000065
778.45500000000065
778.56700000000065
778.73100000000065
778.85900000000065
779.14400000000065
779.30000000000065
779.35900000000065
1700.75500000000147
1701.30600000000147
1701.65800000000147
1702.21600000000147
1703.10100000000147
1703.26000000000147
1703.41000000000147
1703.57100000000147
1703.75500000000147
1704.26900000000147
1704.51400000000147
1704.73200000000147
1705.11200000000147
1705.38400000000147
1705.49400000000147
1706.04900000000147
1706.20800000000147
1706.37900000000147
1706.57900000000147
1706.63000000000147
1707.16200000000147
1707.57000000000147
1708.00200000000148
1708.43100000000148
1708.97400000000148
1709.19000000000148
1709.37100000000148
1709.61000000000148
1710.02500000000148
1710.48300000000148
1710.88500000000148
1711.02700000000148
1711.12600000000148
1711.21100000000148
1722.82900000000149
1723.62500000000149
1724.93400000000149
1725.57500000000149
1725.79000000000149
1725.98200000000149
1726.05200000000149
1726.22200000000149
1726.32900000000149
-4
32.5239999999999872
32.7649999999999875
33.2569999999999879
34.1859999999999887
34.550999999999989
36.0569999999999904
102.2780000000000492
113.8870000000000595
114.3680000000000599
114.5320000000000601
114.8070000000000603
122.7200000000000674
132.033000000000076
132.143000000000076
132.268000000000076
236.256000000000168
293.859000000000219
294.04800000000022
295.307000000000221
295.824000000000221
295.991000000000221
296.150000000000221
296.304000000000222
296.450000000000222
297.006000000000222
297.161000000000222
297.333000000000222
297.376000000000222
297.788000000000223
299.272000000000224
299.427000000000224
299.585000000000224
299.748000000000225
299.918000000000225
301.380000000000226
308.987000000000233
309.504000000000233
309.771000000000233
310.175000000000234
310.315000000000234
503.526000000000406
503.669000000000406
504.145000000000406
504.276000000000406
504.453000000000406
504.584000000000406
504.736000000000407
504.883000000000407
505.022000000000407
505.156000000000407
505.306000000000407
505.464000000000407
509.242000000000411
509.612000000000411
509.759000000000411
509.942000000000411
510.095000000000411
510.220000000000412
510.242000000000412
510.364000000000412
510.516000000000412
510.660000000000412
510.812000000000412
510.959000000000412
511.106000000000412
511.245000000000412
511.386000000000413
511.537000000000413
511.678000000000413
511.806000000000413
511.954000000000413
512.108000000000413
512.259000000000413
512.418000000000413
512.572000000000414
512.715000000000414
512.865000000000414
513.925000000000415
514.097000000000415
514.185000000000415
514.283000000000415
514.437000000000415
514.596000000000415
514.748000000000416
514.898000000000416
515.044000000000416
515.193000000000416
515.345000000000416
515.489000000000416
515.617000000000416
516.204000000000417
516.360000000000417
516.531000000000417
516.715000000000417
516.898000000000417
517.182000000000418
517.339000000000418
517.855000000000418
518.143000000000418
518.457000000000419
518.533000000000419
518.640000000000419
518.835000000000419
519.93500000000042
520.05900000000042
520.36200000000042
520.767000000000421
520.942000000000421
521.105000000000421
521.270000000000421
521.380000000000421
521.521000000000422
521.784000000000422
521.825000000000422
521.892000000000422
522.038000000000422
522.204000000000422
522.324000000000422
522.486000000000422
522.613000000000422
522.763000000000423
522.926000000000423
523.075000000000423
523.211000000000423
523.338000000000423
524.623000000000424
524.698000000000424
525.160000000000425
525.335000000000425
525.641000000000425
525.945000000000425
526.098000000000426
526.397000000000426
526.594000000000426
526.896000000000426
527.030000000000426
527.340000000000427
527.564000000000427
527.669000000000427
528.013000000000427
528.297000000000428
528.475000000000428
528.640000000000428
528.799000000000428
528.955000000000428
528.994000000000428
529.148000000000428
529.285000000000428
529.454000000000429
529.605000000000429
529.767000000000429
529.923000000000429
530.105000000000429
530.240000000000429
530.387000000000429
530.54500000000043
530.70200000000043
530.85600000000043
531.01300000000043
531.17700000000043
531.31300000000043
538.600000000000437
538.849000000000437
538.962000000000437
539.297000000000437
539.377000000000437
539.565000000000438
539.717000000000438
540.011000000000438
540.217000000000438
541.024000000000439
541.118000000000439
541.255000000000439
541.384000000000439
541.77900000000044
542.04200000000044
731.796000000000608
731.918000000000608
732.199000000000609
732.338000000000609
732.533000000000609
732.624000000000609
732.778000000000609
732.893000000000609
733.20200000000061
733.33000000000061
734.05300000000061
734.25300000000061
734.32300000000061
734.539000000000611
734.708000000000611
734.876000000000611
735.037000000000611
735.194000000000611
735.338000000000611
735.503000000000612
735.852000000000612
736.006000000000612
736.162000000000612
736.331000000000612
736.486000000000612
736.642000000000613
736.801000000000613
736.954000000000613
737.099000000000613
737.258000000000613
737.416000000000613
737.564000000000613
737.690000000000614
737.844000000000614
737.961000000000614
738.123000000000614
738.318000000000614
738.649000000000614
738.806000000000614
738.948000000000615
739.106000000000615
739.269000000000615
739.445000000000615
739.590000000000615
739.751000000000615
739.897000000000616
740.037000000000616
740.199000000000616
740.373000000000616
740.538000000000616
740.675000000000616
740.831000000000616
741.011000000000616
741.177000000000617
741.314000000000617
741.489000000000617
741.651000000000617
741.798000000000617
741.947000000000617
742.657000000000618
742.727000000000618
742.905000000000618
743.282000000000618
743.447000000000619
743.611000000000619
743.782000000000619
743.959000000000619
744.134000000000619
744.321000000000619
744.88900000000062
745.05100000000062
745.11700000000062
745.33300000000062
745.41900000000062
746.127000000000621
746.467000000000621
747.521000000000622
747.614000000000622
747.824000000000622
747.973000000000623
748.129000000000623
748.286000000000623
748.435000000000623
748.578000000000623
748.720000000000623
748.858000000000623
749.003000000000624
749.148000000000624
749.299000000000624
749.448000000000624
749.588000000000624
749.734000000000624
749.885000000000624
750.028000000000624
750.170000000000625
750.308000000000625
750.449000000000625
750.601000000000625
750.752000000000625
750.907000000000625
751.057000000000625
751.224000000000626
751.378000000000626
751.511000000000626
751.653000000000626
751.832000000000626
751.973000000000626
752.136000000000626
752.150000000000626
752.310000000000626
752.525000000000627
752.625000000000627
752.755000000000627
752.931000000000627
753.097000000000627
753.122000000000627
753.264000000000627
753.280000000000627
753.468000000000628
753.628000000000628
753.778000000000628
753.930000000000628
754.095000000000628
754.254000000000628
754.431000000000628
754.791000000000629
754.954000000000629
755.096000000000629
755.264000000000629
755.475000000000629
755.639000000000629
755.82800000000063
755.92600000000063
756.16800000000063
756.39700000000063
756.56800000000063
756.71300000000063
756.872000000000631
757.025000000000631
757.164000000000631
757.306000000000631
757.488000000000631
757.629000000000631
757.772000000000631
757.927000000000632
758.450000000000632
758.558000000000632
758.715000000000632
758.889000000000632
759.049000000000632
759.206000000000633
759.342000000000633
759.527000000000633
759.687000000000633
759.836000000000633
759.976000000000633
760.117000000000633
760.281000000000634
760.447000000000634
760.630000000000634
760.803000000000634
760.951000000000634
761.089000000000634
761.249000000000634
761.392000000000635
761.585000000000635
761.751000000000635
761.885000000000635
762.034000000000635
762.202000000000635
762.330000000000635
762.524000000000636
762.707000000000636
762.871000000000636
763.041000000000636
763.206000000000636
763.346000000000636
763.508000000000636
763.676000000000637
763.846000000000637
764.010000000000637
764.138000000000637
764.303000000000637
764.467000000000637
764.624000000000637
764.784000000000638
764.937000000000638
765.089000000000638
765.271000000000638
765.401000000000638
765.612000000000638
765.784000000000638
765.955000000000639
766.149000000000639
766.173000000000639
766.311000000000639
766.443000000000639
766.595000000000639
771.130000000000643
771.299000000000643
771.612000000000644
771.759000000000644
771.883000000000644
772.115000000000644
772.583000000000644
772.757000000000645
772.808000000000645
772.934000000000645
773.039000000000645
773.171000000000645
773.196000000000645
773.323000000000645
773.477000000000645
773.645000000000645
773.822000000000646
773.973000000000646
774.122000000000646
774.280000000000646
774.438000000000646
774.601000000000646
774.763000000000646
774.907000000000647
775.094000000000647
775.230000000000647
775.657000000000647
775.686000000000647
775.859000000000647
775.990000000000648
776.136000000000648
776.282000000000648
776.445000000000648
777.248000000000649
777.510000000000649
777.885000000000649
778.047000000000649
778.26100000000065
778.39600000000065
778.53200000000065
778.72000000000065
778.81400000000065
779.09100000000065
779.22500000000065
779.35000000000065
779.418000000000651
1700.78700000000147
1701.34600000000147
1701.70400000000147
1702.25500000000147
1703.15100000000147
1703.32800000000147
1703.48900000000147
1703.65500000000147
1703.83600000000147
1704.31000000000147
1704.63700000000147
1704.80800000000147
1705.16200000000147
1705.42200000000147
1705.54800000000147
1706.12300000000147
1706.29600000000147
1706.52500000000147
1706.61900000000147
1706.66700000000147
1707.28000000000147
1707.62400000000147
1708.06200000000148
1708.68700000000148
1709.02600000000148
1709.36300000000148
1709.40200000000148
1709.68400000000148
1710.12300000000148
1710.55300000000148
1710.95100000000148
1711.10000000000148
1711.14800000000148
1711.28700000000148
1722.86600000000149
1723.67500000000149
1725.24500000000149
1725.60300000000149
1725.86600000000149
1726.05100000000149
1726.07700000000149
1726.26700000000149
1726.38500000000149
0
0
0
0
0
0
0
0
0
0
0
0
0
3600.00099999983085
0
0
0
0
0
0
