3
01
19
3
01
19
IPP3.11
test 5
0
3
8
24
49
9
31
51
22
4
.3
1
924
924
1
614
614
1
1
1
1
1
1
1
1
1
1
1
1
1
1
1
1
1
1
1
1
923
-1
0.026
0.152
0.285
0.419
0.55
0.69
0.826
0.95400000000000001
1.08700000000000001
1.22600000000000001
4.96300000000000009
5.07200000000000009
5.2050000000000001
5.3410000000000001
5.4760000000000001
5.6040000000000001
5.73700000000000011
5.87200000000000011
6.02300000000000011
6.16900000000000012
6.49600000000000012
6.63700000000000012
6.79300000000000013
8.63200000000000017
9.16700000000000018
9.60000000000000019
36.9139999999999911
37.0329999999999912
37.3509999999999915
37.4979999999999917
37.5079999999999917
37.5729999999999917
37.7129999999999918
38.1829999999999923
38.3219999999999924
38.4669999999999925
38.7279999999999928
38.8029999999999928
38.9429999999999929
39.1309999999999931
81.822000000000031
101.8530000000000488
134.349000000000078
136.380000000000079
136.51400000000008
138.066000000000081
138.183000000000081
138.531000000000081
138.844000000000082
139.206000000000082
186.573000000000124
187.068000000000124
187.457000000000125
187.666000000000125
187.728000000000125
187.836000000000125
187.979000000000125
188.010000000000125
188.109000000000125
188.171000000000125
188.271000000000126
188.363000000000126
188.527000000000126
188.545000000000126
188.773000000000126
188.997000000000126
189.114000000000126
189.402000000000127
189.493000000000127
189.624000000000127
189.897000000000127
190.019000000000127
190.135000000000127
190.274000000000127
190.451000000000128
196.787000000000133
196.915000000000133
198.221000000000134
198.367000000000135
198.616000000000135
198.680000000000135
200.181000000000136
200.297000000000136
283.12400000000021
283.25100000000021
283.31800000000021
283.41600000000021
283.52600000000021
284.669000000000211
286.461000000000213
286.538000000000213
286.658000000000213
287.124000000000213
287.219000000000213
287.435000000000214
287.549000000000214
287.630000000000214
287.722000000000214
287.820000000000214
287.916000000000214
288.146000000000214
288.534000000000215
329.177000000000251
329.257000000000251
329.373000000000251
329.478000000000251
329.613000000000251
329.745000000000251
539.056000000000437
539.155000000000437
539.282000000000437
539.385000000000437
539.467000000000437
539.667000000000438
539.752000000000438
539.864000000000438
539.957000000000438
540.034000000000438
540.137000000000438
540.217000000000438
540.315000000000438
540.432000000000438
638.246000000000525
638.749000000000526
697.337000000000578
697.460000000000578
706.673000000000586
919.918000000000775
919.997000000000775
920.237000000000776
920.338000000000776
920.453000000000776
921.312000000000777
924.151000000000779
932.867000000000787
932.993000000000787
933.098000000000787
933.229000000000787
933.340000000000787
933.467000000000787
933.585000000000788
933.708000000000788
933.817000000000788
933.957000000000788
937.294000000000791
937.401000000000791
939.042000000000792
939.158000000000792
1012.715000000000858
1304.41200000000112
1559.75800000000134
1595.37400000000138
1595.78000000000138
1595.87200000000138
1595.96700000000138
1596.06300000000138
1596.17100000000138
1596.27800000000138
1596.77000000000138
1596.92700000000138
1598.61100000000138
1598.75900000000138
1599.42700000000138
1599.53900000000138
1599.64600000000138
1599.75400000000138
1599.85000000000138
1599.98300000000138
1600.10100000000138
1600.22200000000138
1600.31000000000138
1600.61500000000138
1600.77300000000138
1603.78600000000138
1603.88900000000138
1604.16300000000138
1622.3070000000014
1622.3810000000014
1622.5400000000014
1622.6480000000014
1622.7410000000014
1622.8280000000014
1622.9410000000014
1623.3900000000014
1623.5600000000014
1623.6990000000014
1623.8590000000014
1624.5590000000014
1624.7160000000014
1625.1420000000014
1626.0750000000014
1626.2060000000014
1626.3760000000014
1626.9690000000014
1627.0810000000014
1627.2360000000014
1627.7380000000014
1627.8730000000014
1628.0070000000014
1628.1370000000014
1628.2810000000014
1628.4010000000014
1628.6520000000014
1629.15000000000141
1629.59400000000141
1630.16900000000141
1630.30600000000141
1630.46500000000141
1630.62600000000141
1630.79900000000141
1631.23100000000141
1631.40200000000141
1631.59400000000141
1631.76800000000141
1631.93900000000141
1632.23700000000141
1632.38200000000141
1632.57200000000141
1632.87000000000141
1633.02100000000141
1633.16500000000141
1633.32300000000141
1634.61100000000141
1634.74900000000141
1634.91700000000141
1635.09600000000141
1635.26800000000141
1635.44700000000141
1635.62500000000141
1635.81400000000141
1635.99900000000141
1636.09500000000141
1636.20900000000141
1636.42400000000141
1636.62000000000141
1636.78100000000141
1636.87800000000141
1636.98900000000141
1637.22000000000141
1637.50200000000141
1637.63600000000141
1637.81500000000141
1637.92400000000141
1638.07200000000141
1638.18300000000141
1638.57300000000141
1638.73700000000141
1638.92400000000141
1639.09700000000141
1639.27200000000141
1639.42300000000141
1639.63300000000141
1639.84000000000141
1640.03300000000141
1640.22100000000142
1640.40100000000142
1640.58900000000142
1640.77300000000142
1641.21500000000142
1641.41000000000142
1641.60600000000142
1641.71700000000142
1641.83300000000142
1642.02400000000142
1642.21900000000142
1642.39800000000142
1642.61100000000142
1642.82000000000142
1643.03400000000142
1643.22400000000142
1643.41500000000142
1643.62500000000142
1643.82800000000142
1644.02800000000142
1644.15700000000142
1644.29400000000142
1644.48300000000142
1644.68400000000142
1644.87000000000142
1645.06600000000142
1645.26300000000142
1645.77900000000142
1645.96100000000142
1646.13200000000142
1646.30600000000142
1646.51200000000142
1646.69400000000142
1646.92000000000142
1647.12300000000142
1647.31900000000142
1647.96800000000142
1648.13400000000142
1648.31300000000142
1648.50300000000142
1648.69000000000142
1648.88000000000142
1649.07900000000142
1650.11600000000142
1650.25500000000142
1652.42200000000143
1652.57600000000143
1652.75100000000143
1652.94000000000143
1653.13800000000143
1653.32000000000143
1653.51000000000143
1653.69800000000143
1653.89600000000143
1654.07700000000143
1654.69600000000143
1654.87200000000143
1655.06500000000143
1655.27500000000143
1655.48300000000143
1655.65900000000143
1655.84900000000143
1656.05200000000143
1656.50700000000143
1656.66400000000143
1656.84800000000143
1657.04300000000143
1657.48400000000143
1659.23200000000143
1659.38300000000143
1659.55300000000143
1659.72600000000143
1659.88800000000143
1660.07600000000143
1660.26000000000143
1660.44800000000143
1660.63000000000143
1662.82400000000144
1662.93900000000144
1663.66200000000144
1663.79500000000144
1664.06400000000144
1664.35800000000144
1664.76500000000144
1665.13500000000144
1665.27700000000144
1665.92800000000144
1666.06700000000144
1666.23600000000144
1666.40600000000144
1666.55900000000144
1666.73600000000144
1666.90700000000144
1667.21400000000144
1667.37800000000144
1667.56100000000144
1667.75000000000144
1667.92900000000144
1668.10500000000144
1668.29600000000144
1669.55800000000144
1670.25500000000144
1670.35000000000144
1670.46600000000144
1670.71700000000144
1670.83500000000144
1673.44900000000144
1673.49800000000144
1674.02100000000144
1674.88900000000145
1674.96800000000145
1680.72200000000145
1682.80700000000145
1682.95400000000145
1683.11800000000145
1683.29000000000145
1683.73700000000145
1683.86300000000145
1684.02100000000145
1684.19500000000145
1684.37700000000145
1684.55000000000145
1684.77700000000145
1684.87700000000145
1684.99800000000145
1685.46400000000146
1685.60700000000146
1685.78600000000146
1685.96300000000146
1686.45300000000146
1686.61300000000146
1686.78500000000146
1686.96800000000146
1687.14000000000146
1687.32300000000146
1687.68900000000146
1688.03800000000146
1688.97900000000146
1689.13200000000146
1689.31300000000146
1689.51200000000146
1689.70500000000146
1692.16300000000146
1692.33400000000146
1692.50500000000146
1692.70100000000146
1709.14600000000148
1709.28100000000148
1709.87700000000148
1710.05100000000148
1710.21600000000148
1710.79700000000148
1710.97000000000148
1711.17700000000148
1711.39000000000148
1711.57700000000148
1712.60900000000148
1728.44300000000149
1728.54800000000149
1728.66300000000149
1728.78700000000149
1729.18900000000149
1729.33200000000149
1729.65100000000149
1729.81600000000149
1729.96200000000149
1730.1300000000015
1730.5360000000015
1730.6950000000015
1730.7800000000015
1730.8620000000015
1731.0350000000015
1731.1460000000015
1731.2390000000015
1731.8360000000015
1731.9900000000015
1732.1700000000015
1732.3440000000015
1732.5440000000015
1738.3130000000015
1741.5500000000015
1741.68600000000151
1741.83800000000151
1742.00100000000151
1788.65900000000155
1872.81100000000162
1873.13000000000162
1873.23200000000162
1873.46400000000162
1873.72900000000162
1873.86300000000162
1877.71500000000163
1877.82500000000163
1878.22000000000163
1878.36400000000163
1938.95100000000168
1942.13800000000168
1982.41400000000172
2083.26199999999789
2083.61899999999785
2083.74999999999784
2083.86599999999783
2084.49099999999776
2084.64499999999774
2084.87799999999772
2110.4329999999949
2110.59799999999488
2110.70299999999487
2110.93299999999485
2111.08699999999483
2114.64599999999444
2114.76399999999442
2118.06299999999406
2118.17199999999405
2118.28699999999404
2118.42999999999402
2144.39299999999116
2144.72699999999112
2144.85599999999111
2144.9549999999911
2145.77699999999101
2145.898999999991
2146.07799999999098
2151.09199999999042
2151.22099999999041
2151.37099999999039
2151.69199999999036
2151.96699999999033
2152.1789999999903
2152.34799999999028
2152.73699999999024
2152.90399999999022
2153.56499999999015
2153.73299999999013
2153.93099999999011
2154.08999999999009
2154.29299999999007
2154.49899999999005
2154.87399999999001
2155.05099999998999
2155.22799999998997
2174.34099999998786
2174.46399999998785
2174.63399999998783
2174.9049999999878
2175.08799999998778
2175.26999999998776
2175.44599999998774
2176.10799999998767
2176.27299999998765
2176.44899999998763
2226.53699999998211
2230.58199999998167
2231.42699999998158
2231.56699999998156
2231.76599999998154
2232.25699999998148
2449.1389999999576
2449.78399999995753
2450.14299999995749
2450.63299999995743
2450.82199999995741
2488.82299999995323
2489.0689999999532
2489.37899999995317
2489.89299999995311
2489.9759999999531
2490.11399999995309
2490.46099999995305
2491.19199999995297
2527.192999999949
2773.41599999992188
2773.52599999992187
2773.89099999992183
2774.03699999992182
2774.37599999992178
2774.55999999992176
2779.08399999992126
2779.34299999992123
2779.67699999992119
2779.83399999992118
2810.58299999991779
2810.73499999991777
2810.83899999991776
2811.05499999991774
2811.32999999991771
2811.4089999999177
2811.52399999991769
2811.61999999991768
2811.83599999991765
2811.96599999991764
2812.14799999991762
2812.68999999991756
2813.09099999991751
2813.2149999999175
2813.36299999991748
2813.47699999991747
2813.60899999991746
2813.73799999991744
2813.87599999991743
2814.00999999991741
2814.1399999999174
2814.27399999991738
2814.40099999991737
2814.52699999991736
2814.65099999991734
2814.78399999991733
2814.91099999991731
2815.0369999999173
2815.15499999991729
2815.28199999991727
2815.40899999991726
2815.54199999991724
2815.68699999991723
2815.81599999991721
2815.9529999999172
2816.09199999991718
2816.22199999991717
2816.36399999991715
2816.49099999991714
2816.62199999991713
2816.75199999991711
2816.8979999999171
2817.45399999991703
2817.59599999991702
2817.741999999917
2817.88699999991699
2818.04599999991697
2818.19299999991695
2818.34499999991694
2818.52099999991692
2818.6939999999169
2819.14299999991685
2819.27399999991683
2819.41899999991682
2819.5819999999168
2820.02399999991675
2820.16999999991674
2820.32499999991672
2820.76799999991667
2820.92199999991665
2821.09099999991663
2821.56299999991658
2821.70899999991657
2821.87099999991655
2822.04599999991653
2823.09199999991641
2824.01999999991631
2824.16899999991629
2824.32199999991628
2824.48599999991626
2825.0139999999162
2825.15899999991619
2825.62399999991613
2825.74499999991612
2825.9809999999161
2826.12699999991608
2826.28199999991606
2826.44299999991604
2826.60999999991603
2826.77299999991601
2827.69199999991591
2827.92699999991588
2828.20399999991585
2829.97199999991566
2830.10299999991564
2830.59299999991559
2830.72399999991557
2830.86399999991556
2831.00299999991554
2831.16199999991552
2831.52099999991548
2831.67299999991547
2831.83499999991545
2832.3269999999154
2832.45799999991538
2832.53499999991537
2832.72699999991535
2833.05599999991532
2833.2409999999153
2833.31299999991529
2833.41799999991528
2833.57999999991526
2833.72299999991524
2833.99599999991521
2834.1419999999152
2834.87699999991512
2835.0389999999151
2835.84199999991501
2840.35899999991451
2840.4559999999145
2840.59599999991449
2840.90699999991445
2841.02499999991444
2841.50099999991439
2841.63199999991437
2841.77499999991436
2842.2549999999143
2842.39499999991429
2844.20799999991409
2844.62799999991404
2844.71399999991403
2844.85499999991402
2844.986999999914
2845.24999999991397
2845.42299999991395
2845.62999999991393
2845.79799999991391
2845.9449999999139
2846.25599999991386
2846.33799999991385
2846.54599999991383
2846.97899999991378
2847.14499999991376
2847.23499999991375
2847.49599999991373
2847.7119999999137
2848.03099999991367
2848.06599999991366
2848.18399999991365
2848.32899999991363
2848.98499999991356
2849.48699999991351
2849.59899999991349
2849.72199999991348
2849.85899999991347
2850.16799999991343
2850.30499999991342
2850.37499999991341
2850.54699999991339
2850.82499999991336
2850.88399999991335
2851.01699999991334
2851.14199999991332
2851.26699999991331
2851.3999999999133
2851.55199999991328
2852.01699999991323
2852.81899999991314
2852.95699999991312
2853.11499999991311
2869.96699999991125
2870.07599999991124
2870.17099999991123
2870.28499999991122
2870.57099999991118
2870.70199999991117
2870.85299999991115
2871.26299999991111
2871.64099999991107
2871.78799999991105
2872.37699999991099
2872.52199999991097
2872.67299999991095
2872.82599999991094
2872.98199999991092
2873.1419999999109
2873.29599999991088
2879.35299999991022
2879.45099999991021
2879.57799999991019
2879.73099999991018
2879.85399999991016
2879.99799999991015
2880.35899999991011
2880.58899999991008
2880.86199999991005
2881.01199999991003
2881.17499999991002
2881.34299999991
2881.52099999990998
2881.69099999990996
2934.66399999990413
2934.76099999990411
2968.92399999990035
2969.04799999990034
2969.16399999990033
2971.77399999990004
2972.00999999990001
2972.0959999999
2972.34399999989998
2972.47899999989996
2972.60499999989995
2972.93699999989991
2973.0309999998999
3014.91899999989529
3015.08199999989527
3015.56399999989522
3015.6989999998952
3047.5149999998917
3047.76999999989167
3090.37399999988698
3090.44299999988697
3090.69199999988694
3090.84399999988692
3092.42499999988675
3092.56699999988673
3092.72899999988672
3092.9259999998867
3093.08899999988668
3093.23499999988666
3093.44699999988664
3093.61599999988662
3093.7939999998866
3094.11999999988656
3094.25899999988655
3094.41999999988653
3094.60499999988651
3095.71699999988639
3095.83499999988637
3095.93299999988636
3096.19899999988634
3096.32399999988632
3124.42699999988323
3124.56999999988321
3160.78199999987922
3161.0219999998792
3161.10399999987919
3161.22399999987917
3161.38799999987916
3161.50599999987914
3161.75199999987912
3161.81699999987911
3161.95699999987909
3162.16699999987907
3162.838999999879
3163.32099999987894
3163.88699999987888
3164.22299999987884
3164.40299999987882
3164.49499999987881
3164.6199999998788
3164.72299999987879
3164.77099999987878
3164.88899999987877
3168.36499999987839
3184.98799999987656
3259.50099999986835
3259.60299999986834
3259.69399999986833
3259.9229999998683
3260.04699999986829
3260.05699999986829
3260.35099999986826
3260.69899999986822
3261.07199999986818
3261.22699999986816
3261.39799999986814
3262.23399999986805
3301.00599999986378
3301.40699999986373
3301.50799999986372
3301.60699999986371
3301.7119999998637
3301.82899999986369
3301.95299999986367
3302.09399999986366
3331.37199999986043
3332.84299999986027
3332.95399999986026
3333.04599999986025
3333.15399999986024
3333.23099999986023
3333.33499999986022
3333.4749999998602
3333.59599999986019
3339.50199999985954
3392.09799999985375
3476.50099999984445
3476.9199999998444
3488.83699999984309
3488.98499999984308
3489.13799999984306
3489.78099999984299
3489.91099999984297
3490.03499999984296
3490.16399999984295
3490.30099999984293
3490.43399999984292
3490.5759999998429
3490.71299999984289
3490.84299999984287
3490.97599999984286
3491.11499999984284
3491.24899999984283
3491.37699999984281
3491.5119999998428
3491.64499999984278
3491.77899999984277
3491.92599999984275
3492.05899999984274
3492.20999999984272
3492.3599999998427
3492.51099999984269
3492.65299999984267
3492.78999999984266
3492.94899999984264
3493.06899999984263
3493.22699999984261
3493.35399999984259
3493.53099999984258
3493.97499999984253
3494.11299999984251
3494.25899999984249
3494.41899999984248
3494.59399999984246
3494.76499999984244
3494.93199999984242
3495.1039999998424
3495.56499999984235
3495.71799999984233
3495.88399999984232
3496.58599999984224
3496.83599999984221
3496.9739999998422
3497.12799999984218
3497.29699999984216
3497.47699999984214
3498.31699999984205
3498.47399999984203
3498.64999999984201
3501.92399999984165
3502.06899999984163
3502.21499999984162
3502.70299999984156
3502.83999999984155
3503.3359999998415
3503.49299999984148
3503.65599999984146
3509.25899999984084
3509.52599999984081
3509.69899999984079
3509.89799999984077
3510.5899999998407
3510.62299999984069
3510.85999999984067
3510.94899999984066
3511.05399999984064
3511.19099999984063
3511.39299999984061
3511.4539999998406
3511.68899999984058
3511.81699999984056
3511.94899999984055
3512.09999999984053
3512.41899999984049
3512.57599999984048
3512.85599999984045
3512.93699999984044
3513.07299999984042
3513.36299999984039
3513.45599999984038
3513.57299999984037
3517.88099999983989
3518.03099999983988
3518.20299999983986
3523.41699999983928
3524.44499999983917
3524.82099999983913
3525.1059999998391
3525.23199999983908
3525.36999999983907
3525.68399999983903
3525.84299999983902
3590.18799999983193
3590.40399999983191
3590.52799999983189
3590.68399999983188
3590.92499999983185
-2
0.076
0.207
0.34
0.472
0.609
0.746
0.87800000000000001
1.00900000000000001
1.14800000000000001
1.27500000000000001
5.00200000000000009
5.12100000000000009
5.2630000000000001
5.3960000000000001
5.5270000000000001
5.6590000000000001
5.79200000000000011
5.94800000000000011
6.09300000000000011
6.23900000000000012
6.55900000000000012
6.70600000000000013
6.81500000000000013
8.67200000000000017
9.20400000000000018
9.64800000000000019
36.9579999999999912
37.0839999999999913
37.4879999999999916
37.5069999999999917
37.5589999999999917
37.7049999999999918
37.829999999999992
38.2159999999999923
38.3769999999999924
38.5269999999999926
38.7399999999999928
38.8579999999999929
39.0969999999999931
39.1489999999999931
81.848000000000031
101.8700000000000488
134.384000000000078
136.43900000000008
136.56100000000008
138.112000000000081
138.230000000000081
138.584000000000081
138.870000000000082
139.261000000000082
186.616000000000124
187.097000000000125
187.476000000000125
187.690000000000125
187.787000000000125
187.892000000000125
187.997000000000125
188.039000000000125
188.144000000000125
188.236000000000126
188.345000000000126
188.442000000000126
188.538000000000126
188.572000000000126
188.880000000000126
189.059000000000126
189.283000000000126
189.460000000000127
189.577000000000127
189.853000000000127
189.973000000000127
190.091000000000127
190.242000000000127
190.400000000000127
190.701000000000128
196.832000000000133
196.964000000000133
198.247000000000134
198.395000000000135
198.645000000000135
198.768000000000135
200.214000000000136
200.364000000000136
283.17100000000021
283.26400000000021
283.37900000000021
283.47000000000021
283.57400000000021
284.702000000000211
286.485000000000213
286.605000000000213
286.716000000000213
287.159000000000213
287.269000000000213
287.505000000000214
287.584000000000214
287.688000000000214
287.785000000000214
287.887000000000214
288.132000000000214
288.497000000000215
288.614000000000215
329.207000000000251
329.327000000000251
329.431000000000251
329.562000000000251
329.689000000000251
329.801000000000251
539.080000000000437
539.202000000000437
539.310000000000437
539.409000000000437
539.516000000000438
539.727000000000438
539.836000000000438
539.910000000000438
540.004000000000438
540.092000000000438
540.205000000000438
540.314000000000438
540.408000000000438
540.536000000000438
638.278000000000525
638.773000000000526
697.374000000000578
697.510000000000578
706.720000000000586
919.952000000000775
920.027000000000775
920.303000000000776
920.426000000000776
920.543000000000776
921.375000000000777
924.216000000000779
932.915000000000787
933.050000000000787
933.194000000000787
933.321000000000787
933.430000000000787
933.535000000000787
933.642000000000788
933.785000000000788
933.894000000000788
934.007000000000788
937.353000000000791
938.232000000000792
939.097000000000792
939.229000000000792
1012.756000000000858
1304.44900000000112
1559.78400000000134
1595.41000000000138
1595.80900000000138
1595.90600000000138
1596.01000000000138
1596.11300000000138
1596.22000000000138
1596.31300000000138
1596.80100000000138
1596.96400000000138
1598.63800000000138
1598.79600000000138
1599.47300000000138
1599.59100000000138
1599.69200000000138
1599.79100000000138
1599.88600000000138
1600.03400000000138
1600.14000000000138
1600.23300000000138
1600.34600000000138
1600.65500000000138
1600.80900000000138
1603.83000000000138
1603.95200000000138
1604.22800000000138
1622.3410000000014
1622.4790000000014
1622.5960000000014
1622.6810000000014
1622.7740000000014
1622.8840000000014
1622.9850000000014
1623.4290000000014
1623.5890000000014
1623.7420000000014
1623.8990000000014
1624.5980000000014
1624.7600000000014
1625.1860000000014
1626.1030000000014
1626.2640000000014
1626.4310000000014
1626.9840000000014
1627.1290000000014
1627.2850000000014
1627.7790000000014
1627.9200000000014
1628.0510000000014
1628.1910000000014
1628.3080000000014
1628.4450000000014
1628.7050000000014
1629.19900000000141
1629.63700000000141
1630.20300000000141
1630.35100000000141
1630.51600000000141
1630.69200000000141
1630.87700000000141
1631.30000000000141
1631.48900000000141
1631.66400000000141
1631.84600000000141
1632.02100000000141
1632.28300000000141
1632.48300000000141
1632.64700000000141
1632.93300000000141
1633.07300000000141
1633.22600000000141
1633.34800000000141
1634.65900000000141
1634.80900000000141
1634.98700000000141
1635.16800000000141
1635.34000000000141
1635.53700000000141
1635.70900000000141
1635.89900000000141
1636.08800000000141
1636.12300000000141
1636.33900000000141
1636.51100000000141
1636.67800000000141
1636.87600000000141
1636.89700000000141
1637.08200000000141
1637.32200000000141
1637.53200000000141
1637.71200000000141
1637.90900000000141
1637.95000000000141
1638.16100000000141
1638.23700000000141
1638.63500000000141
1638.81200000000141
1638.99600000000141
1639.18300000000141
1639.31800000000141
1639.52600000000141
1639.73000000000141
1639.93200000000141
1640.11500000000142
1640.30100000000142
1640.48900000000142
1640.68100000000142
1640.86600000000142
1641.30200000000142
1641.49500000000142
1641.70200000000142
1641.76000000000142
1641.92200000000142
1642.11500000000142
1642.30500000000142
1642.50300000000142
1642.70500000000142
1642.91600000000142
1643.12500000000142
1643.31200000000142
1643.51500000000142
1643.72300000000142
1643.92700000000142
1644.14300000000142
1644.22000000000142
1644.38600000000142
1644.57700000000142
1644.78400000000142
1644.97100000000142
1645.16400000000142
1645.35600000000142
1645.86100000000142
1646.02600000000142
1646.21400000000142
1646.39000000000142
1646.58900000000142
1646.77700000000142
1647.02200000000142
1647.21800000000142
1647.44800000000142
1648.04000000000142
1648.22100000000142
1648.40700000000142
1648.59600000000142
1648.78200000000142
1648.96900000000142
1649.14500000000142
1650.15800000000142
1650.32500000000142
1652.48500000000143
1652.65200000000143
1652.83700000000143
1653.03800000000143
1653.23400000000143
1653.41500000000143
1653.61100000000143
1653.78700000000143
1653.99600000000143
1654.18300000000143
1654.76500000000143
1654.96400000000143
1655.16400000000143
1655.37400000000143
1655.56300000000143
1655.74900000000143
1655.94900000000143
1656.13500000000143
1656.55400000000143
1656.74200000000143
1656.94200000000143
1657.14100000000143
1657.56500000000143
1659.28600000000143
1659.45400000000143
1659.62600000000143
1659.79400000000143
1659.98000000000143
1660.17500000000143
1660.37700000000143
1660.53200000000143
1660.71400000000143
1662.88400000000144
1663.02400000000144
1663.72800000000144
1663.85800000000144
1664.15000000000144
1664.41400000000144
1664.79700000000144
1665.17700000000144
1665.32500000000144
1665.98600000000144
1666.14400000000144
1666.30900000000144
1666.45700000000144
1666.64100000000144
1666.82400000000144
1667.00800000000144
1667.31300000000144
1667.48600000000144
1667.64900000000144
1667.84600000000144
1668.02600000000144
1668.22200000000144
1668.38500000000144
1669.60800000000144
1670.29400000000144
1670.42900000000144
1670.54400000000144
1670.79400000000144
1670.92100000000144
1673.47800000000144
1673.77000000000144
1674.09400000000145
1674.94800000000145
1675.04500000000145
1680.77000000000145
1682.86000000000145
1683.01900000000145
1683.17800000000145
1683.35500000000145
1683.77600000000145
1683.93200000000145
1684.12200000000145
1684.30100000000145
1684.45800000000145
1684.63800000000145
1684.86400000000145
1684.91900000000145
1685.06500000000145
1685.51800000000146
1685.67700000000146
1685.85900000000146
1686.03200000000146
1686.51500000000146
1686.68600000000146
1686.86300000000146
1687.03600000000146
1687.21400000000146
1687.39800000000146
1687.75900000000146
1688.10900000000146
1689.03200000000146
1689.20300000000146
1689.39600000000146
1689.60300000000146
1689.78200000000146
1692.22600000000146
1692.39900000000146
1692.58300000000146
1692.77700000000146
1709.18500000000148
1709.34400000000148
1709.94600000000148
1710.10700000000148
1710.28100000000148
1710.86400000000148
1711.03400000000148
1711.24100000000148
1711.42500000000148
1711.65700000000148
1712.68200000000148
1728.47400000000149
1728.59200000000149
1728.71700000000149
1728.86900000000149
1729.21900000000149
1729.36400000000149
1729.67600000000149
1729.85000000000149
1730.01800000000149
1730.1750000000015
1730.5910000000015
1730.7730000000015
1730.7860000000015
1730.9280000000015
1731.1160000000015
1731.1720000000015
1731.3220000000015
1731.8950000000015
1732.0540000000015
1732.2330000000015
1732.3850000000015
1732.5940000000015
1738.3500000000015
1741.58800000000151
1741.73600000000151
1741.88900000000151
1742.07700000000151
1788.69700000000155
1872.87300000000162
1873.16100000000162
1873.26200000000162
1873.50400000000162
1873.75600000000162
1873.90400000000162
1877.75600000000163
1877.89500000000163
1878.26600000000163
1878.40000000000163
1938.99800000000168
1942.18800000000168
1982.46100000000172
2083.29999999999789
2083.66599999999785
2083.79099999999784
2083.90499999999782
2084.52599999999775
2084.68099999999774
2084.89199999999771
2110.4879999999949
2110.64399999999488
2110.75299999999487
2111.02199999999484
2111.14199999999482
2114.67299999999443
2114.78499999999442
2118.08999999999406
2118.22999999999404
2118.33999999999403
2118.50999999999401
2144.42699999999116
2144.74899999999112
2144.89599999999111
2144.99399999999109
2145.78899999999101
2145.94599999999099
2146.12099999999097
2151.13299999999042
2151.2759999999904
2151.43499999999039
2151.74599999999035
2152.01499999999032
2152.2259999999903
2152.40999999999028
2152.79199999999024
2152.97299999999022
2153.61099999999015
2153.77199999999013
2153.9879999999901
2154.15799999999009
2154.37299999999006
2154.57199999999004
2154.94499999999
2155.12499999998998
2155.32299999998996
2174.36099999998786
2174.51699999998784
2174.68599999998782
2174.9559999999878
2175.14099999998777
2175.34099999998775
2175.51399999998773
2176.16899999998766
2176.32799999998764
2176.49399999998763
2226.55999999998211
2230.62599999998166
2231.47499999998157
2231.61499999998156
2231.79499999998154
2232.29599999998148
2449.18699999995759
2449.84699999995752
2450.24399999995748
2450.67099999995743
2450.85999999995741
2488.87499999995322
2489.1139999999532
2489.41299999995316
2489.9579999999531
2490.06299999995309
2490.16199999995308
2490.49599999995304
2491.28099999995296
2527.247999999949
2773.43099999992188
2773.57199999992187
2773.95499999992182
2774.09399999992181
2774.40499999992178
2774.59899999992175
2779.30299999992124
2779.39899999992123
2779.70699999992119
2779.85999999992117
2810.69399999991778
2810.78299999991777
2810.87299999991776
2811.08899999991774
2811.35499999991771
2811.45599999991769
2811.55599999991768
2811.63999999991767
2811.87199999991765
2812.00999999991763
2812.19599999991761
2812.73899999991755
2813.11299999991751
2813.2649999999175
2813.38799999991748
2813.51899999991747
2813.65599999991745
2813.79099999991744
2813.93199999991742
2814.06099999991741
2814.19499999991739
2814.32199999991738
2814.44499999991737
2814.56999999991735
2814.70399999991734
2814.83299999991732
2814.95599999991731
2815.0759999999173
2815.20099999991728
2815.32999999991727
2815.46099999991725
2815.60499999991724
2815.73499999991722
2815.87099999991721
2816.01299999991719
2816.14899999991718
2816.26999999991716
2816.42099999991715
2816.55499999991713
2816.67499999991712
2816.8109999999171
2816.95399999991709
2817.51199999991703
2817.65499999991701
2817.798999999917
2817.96199999991698
2818.10799999991696
2818.25999999991695
2818.42599999991693
2818.60899999991691
2818.75599999991689
2819.18399999991684
2819.32999999991683
2819.49399999991681
2819.63899999991679
2820.08099999991674
2820.23099999991673
2820.37799999991671
2820.83099999991666
2820.99499999991664
2821.16199999991663
2821.61599999991658
2821.77599999991656
2821.93999999991654
2822.11299999991652
2823.12899999991641
2824.0749999999163
2824.22999999991629
2824.39499999991627
2824.52799999991626
2825.07499999991619
2825.22799999991618
2825.65599999991613
2825.77199999991612
2826.03399999991609
2826.18699999991607
2826.35199999991605
2826.51399999991604
2826.67899999991602
2826.844999999916
2827.7239999999159
2827.99899999991587
2828.21499999991585
2830.01399999991565
2830.16699999991563
2830.63299999991558
2830.76899999991557
2830.91499999991555
2831.06499999991554
2831.22899999991552
2831.58899999991548
2831.73899999991546
2831.90099999991544
2832.39399999991539
2832.50699999991538
2832.60099999991537
2832.77899999991535
2833.1779999999153
2833.28499999991529
2833.37299999991528
2833.46199999991527
2833.62899999991525
2833.77999999991524
2834.04599999991521
2834.20299999991519
2834.93099999991511
2835.10699999991509
2835.892999999915
2840.38899999991451
2840.51499999991449
2840.61999999991448
2840.94199999991445
2841.07999999991443
2841.53999999991438
2841.67899999991437
2841.83599999991435
2842.3059999999143
2842.45499999991428
2844.24299999991408
2844.63799999991404
2844.74699999991403
2844.89399999991401
2845.035999999914
2845.29399999991397
2845.62299999991393
2845.72999999991392
2845.84899999991391
2845.99999999991389
2846.27299999991386
2846.38899999991385
2846.58799999991383
2847.06099999991377
2847.18799999991376
2847.43999999991373
2847.54799999991372
2847.7519999999137
2848.06499999991366
2848.14999999991365
2848.19299999991365
2848.38199999991363
2849.03299999991356
2849.5219999999135
2849.63499999991349
2849.76199999991348
2849.88599999991346
2850.22599999991342
2850.32599999991341
2850.51299999991339
2850.61099999991338
2850.83899999991336
2850.97299999991334
2851.06399999991333
2851.16499999991332
2851.31099999991331
2851.45399999991329
2851.60899999991327
2852.06299999991322
2852.86199999991313
2853.01899999991312
2853.1849999999131
2870.01099999991125
2870.12599999991123
2870.22799999991122
2870.31699999991121
2870.61599999991118
2870.74699999991116
2870.90599999991115
2871.3339999999111
2871.69699999991106
2871.84899999991104
2872.40799999991098
2872.56699999991096
2872.72599999991095
2872.88599999991093
2873.04199999991091
2873.20299999991089
2873.36999999991088
2879.38499999991021
2879.5039999999102
2879.60199999991019
2879.77099999991017
2879.90499999991016
2880.05499999991014
2880.4039999999101
2880.77599999991006
2880.90199999991005
2881.05999999991003
2881.24299999991001
2881.41099999990999
2881.59999999990997
2881.77399999990995
2934.69099999990412
2934.81099999990411
2968.96999999990035
2969.10399999990033
2969.19299999990032
2971.82499999990003
2972.03599999990001
2972.1439999999
2972.38399999989997
2972.51299999989996
2972.65399999989994
2972.95299999989991
2973.21599999989988
3014.95499999989528
3015.12399999989526
3015.60899999989521
3015.76099999989519
3047.53199999989169
3047.78899999989167
3090.38599999988698
3090.49699999988696
3090.72699999988694
3090.88499999988692
3092.46699999988675
3092.61999999988673
3092.77899999988671
3092.96799999988669
3093.13599999988667
3093.29399999988665
3093.49199999988663
3093.65799999988661
3093.85599999988659
3094.18199999988656
3094.32199999988654
3094.49199999988652
3094.6719999998865
3095.77999999988638
3095.88799999988637
3096.13399999988634
3096.24199999988633
3096.36499999988632
3124.45599999988322
3124.60899999988321
3160.81899999987922
3161.04599999987919
3161.15199999987918
3161.23499999987917
3161.42099999987915
3161.55099999987914
3161.77199999987911
3161.9089999998791
3162.02699999987908
3162.22899999987906
3162.87999999987899
3163.35699999987894
3163.93799999987887
3164.26899999987884
3164.44799999987882
3164.56199999987881
3164.6399999998788
3164.75799999987878
3164.84499999987877
3164.93699999987876
3168.39699999987838
3185.03299999987655
3259.54499999986834
3259.64199999986833
3259.73099999986832
3259.9539999998683
3260.05199999986829
3260.08799999986828
3260.64799999986822
3260.75799999986821
3261.10099999986817
3261.26699999986816
3261.44299999986814
3262.23599999986805
3301.04299999986377
3301.44599999986373
3301.58999999986371
3301.65799999986371
3301.7389999998637
3301.86599999986368
3301.99899999986367
3302.13599999986365
3331.41999999986043
3332.87399999986027
3332.99099999986026
3333.08299999986025
3333.15999999986024
3333.26299999986023
3333.35799999986022
3333.5219999998602
3333.64699999986018
3339.54199999985953
3392.13599999985374
3476.55399999984444
3476.9719999998444
3488.87099999984309
3489.02599999984307
3489.19199999984305
3489.81399999984298
3489.94899999984297
3490.07999999984296
3490.21899999984294
3490.35299999984292
3490.49599999984291
3490.62999999984289
3490.76199999984288
3490.89699999984286
3491.03299999984285
3491.16699999984284
3491.29099999984282
3491.42899999984281
3491.56299999984279
3491.69399999984278
3491.83799999984276
3491.97399999984275
3492.11999999984273
3492.27399999984271
3492.4249999998427
3492.57199999984268
3492.70699999984267
3492.86099999984265
3493.01199999984263
3493.13699999984262
3493.2819999998426
3493.43099999984259
3493.58599999984257
3494.02599999984252
3494.1749999998425
3494.32699999984249
3494.49299999984247
3494.66799999984245
3494.83699999984243
3495.00899999984241
3495.17899999984239
3495.62799999984234
3495.78799999984233
3495.94999999984231
3496.61099999984224
3496.8909999998422
3497.03999999984219
3497.20399999984217
3497.36999999984215
3497.54499999984213
3498.38699999984204
3498.55099999984202
3498.721999999842
3501.97599999984164
3502.11399999984163
3502.25899999984161
3502.74799999984156
3502.89799999984154
3503.38999999984149
3503.55899999984147
3503.72099999984145
3509.30899999984084
3509.58099999984081
3509.74899999984079
3509.95699999984077
3510.60799999984069
3510.72499999984068
3510.92699999984066
3511.01399999984065
3511.11999999984064
3511.32299999984062
3511.40699999984061
3511.50999999984059
3511.72399999984057
3511.85499999984056
3512.00699999984054
3512.16699999984052
3512.48399999984049
3512.64599999984047
3512.90899999984044
3513.04699999984043
3513.15099999984041
3513.37799999984039
3513.52999999984037
3513.73199999984035
3517.93199999983989
3518.08599999983987
3518.25199999983985
3523.46599999983928
3524.48299999983917
3524.86599999983912
3525.14299999983909
3525.27499999983908
3525.42399999983906
3525.72499999983903
3525.89399999983901
3590.21899999983193
3590.4459999998319
3590.57299999983189
3590.73399999983187
3591.11699999983183
613
-3
13.65900000000000027
13.76200000000000027
13.87400000000000028
13.99800000000000028
14.11000000000000028
14.23900000000000028
14.36200000000000029
14.48300000000000029
14.61900000000000029
14.74900000000000029
14.8810000000000003
15.0090000000000003
15.1350000000000003
15.2660000000000003
15.39000000000000031
15.53000000000000031
15.66300000000000031
15.79400000000000032
15.93500000000000032
16.0740000000000003
16.2080000000000001
16.348
16.4879999999999999
16.6229999999999998
16.7609999999999997
16.9019999999999996
17.0409999999999994
17.1979999999999993
17.3329999999999992
17.4749999999999991
17.614999999999999
17.7579999999999988
17.9009999999999987
18.0519999999999986
18.1949999999999985
18.3429999999999983
18.4919999999999982
18.6349999999999981
18.775999999999998
18.9309999999999978
19.0779999999999977
19.2319999999999976
19.3859999999999975
30.9209999999999877
31.0439999999999876
31.1579999999999875
31.3039999999999874
31.4409999999999872
31.5929999999999871
31.773999999999987
31.9139999999999868
32.0479999999999868
32.197999999999987
32.3359999999999871
32.4899999999999872
32.6419999999999873
32.7949999999999875
32.9619999999999876
33.0749999999999877
33.396999999999988
34.4239999999999889
34.548999999999989
68.9170000000000196
69.0530000000000197
69.38900000000002
69.5130000000000201
69.7110000000000203
69.8150000000000204
70.3880000000000209
70.492000000000021
70.7280000000000212
70.8520000000000213
71.0870000000000215
71.1460000000000215
71.2730000000000217
71.3520000000000217
71.4130000000000218
71.5180000000000219
71.7480000000000221
71.8710000000000222
72.0080000000000223
72.3780000000000226
76.8640000000000266
121.3100000000000661
121.4250000000000662
122.8970000000000675
123.0300000000000676
123.2980000000000679
123.434000000000068
310.894000000000234
310.985000000000235
311.115000000000235
460.812000000000368
460.959000000000368
461.767000000000368
461.801000000000368
462.058000000000369
462.110000000000369
462.252000000000369
845.328000000000709
845.419000000000709
845.527000000000709
845.654000000000709
845.76700000000071
845.88100000000071
846.00100000000071
846.48200000000071
846.60200000000071
847.056000000000711
847.209000000000711
847.678000000000711
849.750000000000713
849.876000000000713
850.019000000000713
850.282000000000714
851.139000000000714
851.260000000000714
851.388000000000714
851.623000000000715
851.752000000000715
851.891000000000715
852.016000000000715
852.143000000000715
852.267000000000715
852.373000000000715
852.521000000000715
852.666000000000716
852.804000000000716
852.945000000000716
853.105000000000716
853.263000000000716
853.417000000000716
853.555000000000716
853.714000000000717
853.877000000000717
854.040000000000717
854.175000000000717
854.339000000000717
854.703000000000717
854.861000000000718
855.027000000000718
855.209000000000718
855.367000000000718
855.510000000000718
855.666000000000718
855.794000000000718
855.961000000000719
856.471000000000719
856.623000000000719
856.926000000000719
857.15800000000072
857.28400000000072
857.42500000000072
857.59000000000072
857.75400000000072
857.90400000000072
858.09300000000072
858.260000000000721
859.486000000000722
859.641000000000722
859.804000000000722
859.999000000000722
860.170000000000722
860.351000000000722
860.525000000000723
860.702000000000723
860.872000000000723
861.042000000000723
861.220000000000723
861.395000000000723
861.571000000000724
862.064000000000724
862.213000000000724
862.376000000000724
862.559000000000724
862.737000000000725
862.905000000000725
863.084000000000725
863.268000000000725
863.451000000000725
863.647000000000725
863.826000000000726
863.995000000000726
864.188000000000726
864.374000000000726
864.800000000000726
864.969000000000726
865.150000000000727
865.347000000000727
865.539000000000727
866.005000000000728
866.507000000000728
866.678000000000728
867.818000000000729
867.933000000000729
868.023000000000729
868.132000000000729
868.21700000000073
868.44300000000073
868.83800000000073
868.97800000000073
869.13400000000073
869.30500000000073
869.47300000000073
869.647000000000731
869.819000000000731
869.999000000000731
870.182000000000731
870.514000000000732
870.658000000000732
870.809000000000732
870.998000000000732
871.216000000000732
871.347000000000732
871.529000000000732
871.749000000000733
871.933000000000733
872.441000000000733
872.587000000000733
873.120000000000734
873.225000000000734
873.347000000000734
873.493000000000734
873.646000000000734
874.488000000000735
876.246000000000737
876.384000000000737
876.691000000000737
876.834000000000737
876.969000000000737
877.373000000000738
877.502000000000738
880.07600000000074
880.50800000000074
880.66200000000074
880.816000000000741
880.993000000000741
881.171000000000741
881.351000000000741
881.523000000000741
890.015000000000749
890.176000000000749
890.308000000000749
890.466000000000749
892.881000000000751
895.311000000000754
895.458000000000754
895.628000000000754
895.777000000000754
895.951000000000754
896.144000000000754
896.382000000000754
896.559000000000755
897.610000000000756
897.791000000000756
899.573000000000757
899.694000000000757
899.828000000000758
900.405000000000758
902.03400000000076
905.511000000000763
905.628000000000763
905.713000000000763
907.423000000000764
909.003000000000766
1128.29800000000096
1128.40400000000096
1128.52100000000096
1128.85700000000096
1758.72200000000152
1758.79900000000152
1758.93600000000152
1759.04100000000152
1759.23800000000152
1759.48000000000152
1759.58900000000152
1759.70800000000152
1759.83500000000152
1759.95900000000152
1760.09400000000152
1760.21400000000152
1760.32500000000152
1760.45100000000152
1760.57100000000152
1760.68500000000152
1760.80500000000152
1760.93600000000152
1761.05800000000152
1761.22900000000152
1761.33800000000152
1761.47200000000152
1761.71700000000152
1761.85800000000152
1761.99000000000152
1762.11700000000152
1762.24300000000152
1762.38500000000152
1762.51000000000152
1762.66200000000152
1762.79400000000152
1762.91200000000152
1763.05000000000152
1763.16900000000152
1763.29700000000152
1763.41700000000152
1763.55300000000152
1763.68000000000152
1763.81100000000152
1763.94900000000152
1764.07600000000153
1764.20600000000153
1764.34900000000153
1764.48400000000153
1764.87800000000153
1765.01100000000153
1765.14400000000153
1765.29500000000153
1765.44000000000153
1765.58200000000153
1765.72600000000153
1765.86400000000153
1766.00100000000153
1766.14200000000153
1766.28700000000153
1766.42600000000153
1766.55900000000153
1766.71300000000153
1766.85400000000153
1766.98000000000153
1767.11400000000153
1767.26400000000153
1767.41700000000153
1767.56200000000153
1767.71100000000153
1767.86900000000153
1768.01900000000153
1768.18900000000153
1768.34100000000153
1768.49400000000153
1768.76000000000153
1768.88700000000153
1769.02500000000153
1769.16100000000153
1769.31300000000153
1769.44800000000153
1769.61300000000153
1769.74800000000153
1769.91100000000153
1770.07700000000153
1770.24100000000153
1770.60200000000153
1770.75000000000153
1771.37200000000153
1771.50900000000153
1771.64700000000153
1771.77700000000153
1771.93700000000153
1772.38500000000153
1772.53600000000153
1772.71200000000153
1772.88700000000153
1773.05400000000153
1773.60500000000153
1773.77200000000153
1774.47700000000153
1775.19200000000154
1775.32800000000154
1775.47700000000154
1776.01600000000154
1776.18600000000154
1776.33700000000154
1776.48900000000154
1776.84200000000154
1776.99500000000154
1777.15600000000154
1777.32400000000154
1777.49000000000154
1777.66600000000154
1777.85600000000154
1778.02800000000154
1778.20400000000154
1778.75100000000154
1778.91700000000154
1780.18700000000154
1780.30200000000154
1780.45400000000154
1780.60600000000154
1782.45000000000154
1782.60600000000154
1782.77600000000154
1782.94900000000154
1783.13300000000154
1784.07300000000154
1784.31700000000154
1784.48600000000154
1784.69800000000154
1784.83800000000154
1785.00300000000154
1815.97200000000157
1816.09100000000157
1816.73800000000157
1816.80300000000157
1817.24600000000157
1817.39700000000157
1817.54500000000157
1817.70100000000157
1817.86600000000157
1818.08600000000157
1818.36700000000157
1818.96500000000157
1819.11400000000157
1819.26800000000157
1819.43000000000157
1824.74700000000158
1824.84500000000158
1824.96600000000158
1825.09900000000158
1825.46200000000158
1825.55900000000158
1825.87800000000158
1826.17800000000158
1826.33800000000158
1826.48700000000158
1826.64300000000158
1826.81300000000158
1828.55900000000158
1828.97900000000158
1829.12400000000158
1829.30300000000158
1835.39000000000159
1835.47500000000159
1836.21200000000159
2043.44700000000177
2044.47600000000177
2044.62800000000177
2045.44100000000177
2045.59700000000178
2045.74800000000178
2045.90300000000178
2051.22900000000142
2051.35200000000141
2051.54700000000139
2051.71900000000137
2051.91100000000135
2053.80800000000114
2054.1910000000011
2054.45000000000107
2054.61000000000105
2054.74500000000103
2125.92999999999319
2126.11399999999317
2577.35099999994348
2577.47799999994346
2577.66099999994344
2577.78599999994343
2577.97299999994341
2578.13699999994339
2578.29699999994337
2583.99199999994275
2586.85499999994243
2587.02599999994241
2587.19399999994239
2587.78099999994233
2587.95799999994231
2655.32799999993489
2655.43899999993488
2655.52999999993487
2655.76299999993484
2655.88399999993483
2656.06599999993481
2656.40599999993477
2656.56199999993475
2784.24699999992069
2784.46499999992067
2784.68299999992064
2784.82799999992063
2786.77799999992041
2786.9149999999204
2787.07799999992038
2787.27599999992036
2787.44499999992034
2787.95499999992028
2796.49699999991934
2796.63799999991933
2796.82599999991931
2797.00399999991929
2955.82599999990179
2955.99699999990178
2956.11899999990176
2956.26799999990175
2956.57599999990171
2956.7289999999017
2956.88099999990168
2957.00899999990166
2957.78299999990158
2957.93399999990156
2958.06899999990155
2958.31599999990152
2958.4799999999015
3062.07999999989009
3064.30499999988985
3064.41999999988983
3064.56799999988982
3065.92799999988967
3066.18299999988964
3066.31699999988963
3066.45399999988961
3066.61599999988959
3066.95399999988956
3067.09199999988954
3068.51999999988938
3071.23299999988908
3071.62699999988904
3071.76299999988903
3072.034999999889
3074.7119999998887
3074.81299999988869
3074.89799999988868
3075.07799999988866
3075.43199999988862
3075.53899999988861
3075.6659999998886
3075.77599999988858
3075.89199999988857
3076.02199999988856
3076.14399999988854
3076.26199999988853
3076.37899999988852
3076.4959999998885
3076.62699999988849
3076.76099999988848
3076.88599999988846
3077.02199999988845
3077.14099999988843
3077.27499999988842
3077.4039999998884
3077.55699999988839
3077.70299999988837
3077.82299999988836
3077.96699999988834
3078.08999999988833
3078.21499999988832
3078.3739999998883
3078.48199999988829
3078.64499999988827
3078.79499999988825
3079.16799999988821
3079.32299999988819
3079.76799999988814
3079.90599999988813
3080.06199999988811
3080.56399999988806
3080.94499999988801
3081.113999999888
3081.28599999988798
3081.45999999988796
3081.63199999988794
3081.92499999988791
3082.43099999988785
3082.54199999988784
3082.66999999988782
3082.82299999988781
3083.12499999988777
3083.21499999988776
3083.40699999988774
3083.64399999988772
3083.73199999988771
3083.7719999998877
3083.94299999988768
3084.25199999988765
3085.43399999988752
3085.5869999998875
3085.87799999988747
3086.16299999988744
3086.5399999998874
3086.68299999988738
3086.99399999988735
3087.14199999988733
3127.48799999988289
3127.82499999988285
3127.92899999988284
3128.08699999988282
3128.2849999998828
3128.69199999988276
3128.81399999988274
3128.96099999988273
3129.1959999998827
3129.52799999988266
3129.68499999988265
3130.01999999988261
3130.17999999988259
3130.32899999988258
3130.79699999988252
3132.30899999988236
3132.42899999988234
3132.58599999988233
3207.19399999987411
3208.66699999987395
3209.72599999987383
3209.84499999987382
3270.53499999986713
3270.63399999986712
3297.03999999986422
3297.1649999998642
3297.30299999986419
3297.69899999986414
3298.1289999998641
3298.27799999986408
3586.00499999983239
3586.13399999983238
3587.7109999998322
3587.83399999983219
3587.95699999983218
-4
13.69300000000000027
13.80300000000000027
13.92700000000000028
14.03800000000000028
14.16400000000000028
14.28900000000000028
14.41000000000000029
14.54200000000000029
14.67200000000000029
14.8050000000000003
14.9340000000000003
15.0580000000000003
15.1900000000000003
15.31300000000000031
15.44100000000000031
15.58500000000000031
15.71700000000000031
15.85700000000000032
15.99600000000000032
16.1350000000000002
16.2690000000000001
16.413
16.5489999999999999
16.6869999999999997
16.8239999999999996
16.9609999999999995
17.1089999999999994
17.2599999999999993
17.3999999999999991
17.542999999999999
17.6819999999999989
17.8259999999999988
17.9699999999999987
18.1159999999999985
18.2589999999999984
18.4109999999999983
18.5539999999999982
18.695999999999998
18.8469999999999979
19.0029999999999978
19.1499999999999977
19.2999999999999975
19.4569999999999974
30.9639999999999876
31.0779999999999876
31.2049999999999874
31.3539999999999873
31.5009999999999872
31.6549999999999871
31.8249999999999869
31.9689999999999868
32.1139999999999869
32.252999999999987
32.3939999999999871
32.5569999999999873
32.7079999999999874
32.8649999999999875
32.9989999999999877
33.1469999999999878
33.4429999999999881
34.475999999999989
34.6059999999999891
68.9500000000000196
69.1010000000000197
69.44200000000002
69.5540000000000201
69.7490000000000203
69.8590000000000204
70.4230000000000209
70.545000000000021
70.7670000000000212
70.8880000000000213
71.1060000000000215
71.2050000000000216
71.3410000000000217
71.3800000000000218
71.4640000000000218
71.5640000000000219
71.7930000000000221
71.9230000000000222
72.0500000000000224
72.4310000000000227
76.8870000000000266
121.3430000000000661
121.4540000000000662
122.9370000000000675
123.0890000000000677
123.3680000000000679
123.5170000000000681
310.944000000000234
311.059000000000235
311.154000000000235
460.908000000000368
461.036000000000368
461.799000000000368
461.826000000000368
462.078000000000369
462.223000000000369
462.555000000000369
845.375000000000709
845.466000000000709
845.579000000000709
845.70700000000071
845.83700000000071
845.97500000000071
846.10000000000071
846.50600000000071
846.65200000000071
847.092000000000711
847.249000000000711
847.729000000000711
849.771000000000713
849.922000000000713
850.074000000000713
850.344000000000714
851.171000000000714
851.313000000000714
851.437000000000714
851.667000000000715
851.809000000000715
851.935000000000715
852.061000000000715
852.180000000000715
852.285000000000715
852.433000000000715
852.579000000000716
852.719000000000716
852.853000000000716
853.007000000000716
853.167000000000716
853.324000000000716
853.468000000000716
853.618000000000716
853.791000000000717
853.948000000000717
854.103000000000717
854.247000000000717
854.384000000000717
854.767000000000718
854.951000000000718
855.111000000000718
855.281000000000718
855.427000000000718
855.580000000000718
855.700000000000718
855.868000000000718
856.036000000000719
856.525000000000719
856.643000000000719
856.98200000000072
857.20100000000072
857.33500000000072
857.49000000000072
857.66100000000072
857.81700000000072
857.97600000000072
858.15400000000072
858.323000000000721
859.550000000000722
859.727000000000722
859.892000000000722
860.071000000000722
860.256000000000722
860.433000000000722
860.607000000000723
860.777000000000723
860.947000000000723
861.126000000000723
861.304000000000723
861.484000000000724
861.657000000000724
862.126000000000724
862.292000000000724
862.462000000000724
862.638000000000724
862.821000000000725
862.993000000000725
863.189000000000725
863.347000000000725
863.541000000000725
863.729000000000725
863.903000000000726
864.088000000000726
864.280000000000726
864.453000000000726
864.874000000000726
865.058000000000727
865.244000000000727
865.425000000000727
865.605000000000727
866.063000000000728
866.579000000000728
866.766000000000728
867.843000000000729
867.959000000000729
868.074000000000729
868.187000000000729
868.41500000000073
868.50200000000073
868.87600000000073
869.04000000000073
869.20100000000073
869.38000000000073
869.561000000000731
869.724000000000731
869.906000000000731
870.084000000000731
870.229000000000731
870.566000000000732
870.709000000000732
870.890000000000732
871.099000000000732
871.239000000000732
871.427000000000732
871.667000000000733
871.826000000000733
872.017000000000733
872.497000000000733
872.653000000000733
873.187000000000734
873.297000000000734
873.410000000000734
873.532000000000734
873.739000000000734
874.557000000000735
876.288000000000737
876.429000000000737
876.748000000000737
876.873000000000737
877.036000000000737
877.461000000000738
877.578000000000738
880.10000000000074
880.56700000000074
880.729000000000741
880.900000000000741
881.104000000000741
881.267000000000741
881.441000000000741
881.625000000000741
890.076000000000749
890.242000000000749
890.394000000000749
890.554000000000749
892.945000000000751
895.357000000000754
895.519000000000754
895.692000000000754
895.883000000000754
896.040000000000754
896.231000000000754
896.479000000000754
896.643000000000755
897.668000000000756
897.842000000000756
899.605000000000757
899.746000000000757
899.863000000000758
900.478000000000758
902.10200000000076
905.577000000000763
905.700000000000763
905.934000000000763
907.466000000000764
909.034000000000766
1128.32800000000096
1128.45000000000096
1128.56900000000096
1128.95900000000096
1758.74100000000152
1758.85200000000152
1758.97600000000152
1759.09600000000152
1759.27600000000152
1759.49500000000152
1759.62000000000152
1759.75100000000152
1759.88300000000152
1760.01700000000152
1760.13800000000152
1760.24700000000152
1760.37200000000152
1760.49500000000152
1760.60900000000152
1760.72800000000152
1760.85700000000152
1760.97900000000152
1761.11000000000152
1761.26800000000152
1761.38400000000152
1761.51900000000152
1761.76900000000152
1761.91200000000152
1762.03700000000152
1762.16100000000152
1762.29000000000152
1762.42600000000152
1762.55900000000152
1762.71500000000152
1762.82300000000152
1762.96900000000152
1763.09400000000152
1763.21800000000152
1763.33900000000152
1763.46000000000152
1763.60800000000152
1763.72900000000152
1763.86700000000152
1763.99700000000152
1764.12700000000153
1764.26000000000153
1764.41800000000153
1764.54300000000153
1764.93100000000153
1765.06800000000153
1765.21000000000153
1765.34500000000153
1765.49900000000153
1765.64300000000153
1765.78300000000153
1765.91700000000153
1766.06200000000153
1766.20600000000153
1766.34600000000153
1766.48600000000153
1766.61900000000153
1766.77500000000153
1766.91300000000153
1767.02900000000153
1767.17700000000153
1767.33300000000153
1767.48300000000153
1767.62500000000153
1767.77900000000153
1767.93400000000153
1768.08700000000153
1768.25700000000153
1768.41700000000153
1768.56700000000153
1768.81300000000153
1768.94000000000153
1769.08000000000153
1769.24000000000153
1769.36000000000153
1769.53100000000153
1769.65900000000153
1769.81600000000153
1769.98800000000153
1770.15800000000153
1770.30900000000153
1770.66300000000153
1770.82400000000153
1771.42300000000153
1771.56100000000153
1771.68900000000153
1771.84600000000153
1772.00300000000153
1772.45300000000153
1772.61700000000153
1772.79400000000153
1772.96400000000153
1773.12600000000153
1773.67700000000153
1773.84400000000153
1774.52800000000153
1775.24400000000154
1775.39000000000154
1775.54100000000154
1776.07900000000154
1776.24700000000154
1776.39800000000154
1776.54600000000154
1776.90800000000154
1777.06800000000154
1777.24200000000154
1777.40500000000154
1777.58800000000154
1777.76900000000154
1777.94500000000154
1778.12800000000154
1778.31100000000154
1778.84200000000154
1779.00200000000154
1780.21000000000154
1780.35400000000154
1780.51300000000154
1780.65800000000154
1782.51700000000154
1782.68500000000154
1782.86100000000154
1783.04300000000154
1783.21200000000154
1784.13700000000154
1784.38800000000154
1784.50100000000154
1784.74900000000154
1784.90800000000154
1785.07500000000154
1815.99900000000157
1816.13600000000157
1816.74000000000157
1816.84400000000157
1817.28800000000157
1817.44100000000157
1817.60000000000157
1817.76600000000157
1817.92900000000157
1818.13400000000157
1818.42000000000157
1819.00600000000157
1819.16400000000157
1819.33700000000157
1819.52500000000157
1824.76100000000158
1824.86800000000158
1825.00200000000158
1825.14400000000158
1825.50400000000158
1825.63200000000158
1825.95500000000158
1826.23700000000158
1826.40500000000158
1826.56400000000158
1826.71900000000158
1826.83500000000158
1828.60400000000158
1829.01900000000158
1829.18000000000158
1829.34800000000158
1835.40900000000159
1835.55700000000159
1836.25600000000159
2043.47600000000177
2044.51100000000177
2044.67800000000177
2045.50100000000178
2045.65200000000178
2045.82500000000178
2045.98500000000178
2051.27000000000142
2051.4030000000014
2051.59100000000138
2051.77600000000136
2051.95900000000134
2053.85400000000113
2054.22700000000109
2054.51100000000106
2054.66600000000104
2054.81800000000103
2125.95399999999319
2126.14899999999317
2577.40499999994347
2577.51499999994346
2577.69299999994344
2577.83599999994342
2578.0269999999434
2578.19499999994338
2578.36099999994337
2584.02499999994274
2586.90099999994243
2587.08799999994241
2587.23799999994239
2587.83499999994232
2588.0179999999423
2655.36599999993489
2655.48099999993487
2655.58499999993486
2655.79499999993484
2655.93499999993482
2656.1169999999348
2656.45699999993477
2656.62799999993475
2784.30699999992068
2784.50599999992066
2784.71699999992064
2784.87599999992062
2786.81799999992041
2786.97299999992039
2787.13899999992037
2787.35699999992035
2787.52599999992033
2788.01299999992028
2796.54099999991934
2796.69899999991932
2796.8789999999193
2797.07899999991928
2955.87099999990179
2956.03099999990177
2956.15999999990176
2956.31399999990174
2956.6949999999017
2956.79699999990169
2956.91899999990167
2957.06599999990166
2957.81299999990158
2957.96999999990156
2958.11599999990154
2958.36599999990152
2958.5299999999015
3062.12599999989009
3064.33399999988984
3064.46999999988983
3064.62199999988981
3065.97699999988966
3066.21999999988964
3066.36599999988962
3066.5129999998896
3066.67099999988959
3066.99999999988955
3067.16199999988953
3068.57299999988938
3071.28599999988908
3071.66799999988904
3071.82399999988902
3072.09599999988899
3074.7509999998887
3074.83899999988869
3074.93299999988868
3075.12099999988866
3075.45199999988862
3075.58099999988861
3075.69899999988859
3075.81399999988858
3075.94299999988857
3076.06599999988855
3076.18399999988854
3076.30199999988853
3076.41999999988851
3076.5429999998885
3076.67999999988848
3076.80699999988847
3076.93899999988846
3077.06099999988844
3077.18899999988843
3077.32099999988841
3077.4649999998884
3077.61999999988838
3077.74599999988837
3077.88399999988835
3078.00899999988834
3078.12399999988833
3078.28299999988831
3078.40999999988829
3078.53999999988828
3078.71199999988826
3078.84399999988825
3079.2349999998882
3079.37799999988819
3079.81899999988814
3079.96599999988812
3080.12399999988811
3080.62199999988805
3081.01699999988801
3081.18799999988799
3081.36199999988797
3081.53999999988795
3081.72199999988793
3081.9729999998879
3082.53099999988784
3082.62799999988783
3082.71899999988782
3082.8699999998878
3083.13699999988777
3083.33199999988775
3083.54599999988773
3083.69199999988771
3083.7629999998877
3083.92599999988769
3083.98699999988768
3084.29499999988765
3085.46699999988752
3085.6359999998875
3085.99999999988746
3086.27699999988743
3086.67599999988738
3086.91699999988736
3087.04699999988734
3087.20099999988733
3127.52999999988288
3127.84999999988285
3127.97699999988284
3128.13999999988282
3128.3359999998828
3128.73099999988275
3128.86699999988274
3129.01199999988272
3129.25499999988269
3129.58299999988266
3129.74199999988264
3130.0929999998826
3130.23099999988259
3130.39499999988257
3130.84499999988252
3132.34199999988235
3132.48599999988234
3132.63799999988232
3207.22899999987411
3208.70899999987394
3209.78499999987382
3210.09699999987379
3270.56799999986713
3270.68399999986712
3297.07799999986421
3297.2129999998642
3297.35699999986418
3297.75599999986414
3298.18199999986409
3298.33099999986407
3586.04099999983239
3586.19299999983237
3587.7449999998322
3587.86399999983219
3588.00599999983217
0
0
0
0
0
0
0
0
0
0
0
0
0
3600.00099999983085
0
0
0
0
0
0
