3
01
19
3
01
19
IPP3.10
test 5
0
2
8
24
47
9
34
06
22
4
.3
1
414
414
1
1045
1045
1
1
1
1
1
1
1
1
1
1
1
1
1
1
1
1
1
1
1
1
413
-1
22.6189999999999947
22.7439999999999946
22.8929999999999945
23.0459999999999944
23.2039999999999942
23.3649999999999941
23.5279999999999939
23.6939999999999938
23.8579999999999937
24.0279999999999935
24.628999999999993
24.7999999999999929
24.9709999999999927
25.9529999999999919
26.0859999999999918
26.1649999999999917
26.2889999999999916
27.0979999999999909
28.6609999999999896
29.7449999999999887
29.9159999999999885
30.0939999999999884
30.2729999999999882
30.4539999999999881
30.6369999999999879
30.8139999999999878
44.0639999999999975
44.1829999999999976
44.3219999999999977
44.4769999999999979
44.629999999999998
44.7909999999999981
44.9429999999999983
46.2469999999999994
46.3939999999999996
46.5559999999999997
46.7259999999999999
46.893
47.0620000000000002
47.2280000000000003
47.3950000000000004
47.5580000000000006
47.7320000000000007
47.9170000000000009
48.0900000000000011
48.2570000000000012
48.4290000000000014
48.5990000000000015
48.7760000000000017
48.9660000000000018
49.148000000000002
49.3270000000000022
49.5080000000000023
49.6640000000000025
49.8530000000000026
50.0240000000000028
50.214000000000003
50.3960000000000031
50.5790000000000033
50.7400000000000034
50.9320000000000036
51.0910000000000037
51.2820000000000039
51.4620000000000041
51.6450000000000042
51.8240000000000044
51.9970000000000045
52.1850000000000047
52.3610000000000049
52.552000000000005
52.7260000000000052
52.9150000000000054
53.0880000000000055
53.2950000000000057
53.4270000000000058
53.598000000000006
53.7790000000000061
53.9600000000000063
54.1330000000000064
54.3140000000000066
54.5030000000000068
54.6970000000000069
54.8840000000000071
55.0400000000000072
55.2300000000000074
55.4160000000000076
55.6050000000000077
55.8150000000000079
55.9960000000000081
56.1740000000000082
56.3570000000000084
56.5820000000000086
56.7190000000000087
56.9090000000000089
57.1000000000000091
57.2830000000000092
57.4680000000000094
57.6440000000000096
57.8320000000000097
58.0010000000000099
58.19100000000001
58.3560000000000102
58.5260000000000103
58.7160000000000105
58.8850000000000107
59.0330000000000108
59.221000000000011
59.3810000000000111
59.5730000000000113
59.7570000000000114
59.9500000000000116
60.1320000000000118
60.2940000000000119
60.459000000000012
60.6440000000000122
60.8170000000000124
61.0040000000000125
61.1940000000000127
61.3780000000000129
61.527000000000013
61.7120000000000132
61.8810000000000133
62.0630000000000135
62.2400000000000136
62.4270000000000138
62.621000000000014
62.7940000000000141
62.9580000000000143
63.1400000000000144
63.3200000000000146
63.5010000000000148
63.7020000000000149
63.8670000000000151
64.0690000000000153
64.2540000000000154
64.3940000000000155
64.5810000000000157
64.7640000000000159
66.6440000000000175
66.8000000000000177
66.9800000000000178
67.151000000000018
67.3200000000000181
71.8500000000000222
71.9890000000000223
72.3160000000000226
72.4950000000000227
72.6640000000000229
72.841000000000023
73.0210000000000232
73.2030000000000234
73.3800000000000235
73.5620000000000237
73.7420000000000238
73.925000000000024
74.1030000000000242
74.2810000000000243
74.4710000000000245
74.6410000000000246
74.8090000000000248
74.985000000000025
75.4180000000000253
75.5860000000000255
75.7560000000000256
75.9390000000000258
76.119000000000026
76.2920000000000261
76.4620000000000263
76.6330000000000264
76.7990000000000266
76.9630000000000267
77.1250000000000269
108.6690000000000549
108.833000000000055
109.1910000000000553
110.1170000000000562
111.5830000000000575
111.7310000000000576
281.552000000000208
281.940000000000209
282.071000000000209
282.208000000000209
282.497000000000209
283.38300000000021
283.57500000000021
284.217000000000211
285.298000000000212
285.448000000000212
285.606000000000212
285.769000000000212
285.938000000000212
286.113000000000212
286.284000000000213
286.470000000000213
286.650000000000213
286.844000000000213
287.023000000000213
287.211000000000213
287.391000000000214
287.579000000000214
287.759000000000214
287.957000000000214
288.149000000000214
288.335000000000214
288.519000000000215
288.717000000000215
288.941000000000215
289.123000000000215
289.325000000000215
289.525000000000216
289.722000000000216
289.912000000000216
290.104000000000216
290.309000000000216
290.524000000000216
290.713000000000217
290.898000000000217
291.089000000000217
291.283000000000217
291.459000000000217
291.656000000000217
291.858000000000218
292.054000000000218
292.259000000000218
292.457000000000218
292.646000000000218
292.862000000000218
293.313000000000219
293.493000000000219
293.684000000000219
293.878000000000219
294.06500000000022
294.26800000000022
294.58100000000022
294.79100000000022
294.98100000000022
295.17800000000022
295.373000000000221
295.587000000000221
295.794000000000221
296.019000000000221
296.272000000000221
296.476000000000222
297.466000000000223
297.611000000000223
298.886000000000224
299.007000000000224
299.186000000000224
303.630000000000228
531.806000000000431
531.950000000000431
532.136000000000431
2233.27299999998137
2279.42899999997629
2363.04799999996708
2724.86099999992723
2725.02699999992721
2725.1689999999272
2725.31599999992718
2725.49199999992716
2725.64499999992715
2725.80199999992713
2725.97299999992711
2726.13299999992709
2726.28999999992707
2726.45099999992706
2726.60999999992704
2726.76699999992702
2726.924999999927
2727.09299999992699
2727.26799999992697
2727.43799999992695
2727.60199999992693
2727.78099999992691
2727.95999999992689
2728.12799999992687
2728.31499999992685
2728.65399999992681
2728.8039999999268
2728.96999999992678
2729.13399999992676
2729.30199999992674
2729.48099999992672
2729.6589999999267
2729.83999999992668
2730.02499999992666
2730.21499999992664
2730.40199999992662
2730.5889999999266
2730.91099999992657
2731.08299999992655
2731.27699999992652
2731.4699999999265
2731.66199999992648
2731.84699999992646
2732.03199999992644
2732.21099999992642
2732.4039999999264
2732.97599999992634
2733.14099999992632
2733.3129999999263
2740.95999999992546
2741.09399999992544
2741.24899999992543
2741.41899999992541
2742.58699999992528
2743.18199999992521
2840.54699999991449
2840.69199999991447
2840.85199999991446
2841.01799999991444
2841.17999999991442
2841.3579999999144
2896.10299999990837
2936.77799999990389
2936.86799999990388
3185.09499999987654
3185.23299999987653
3185.37999999987651
3185.5289999998765
3185.68099999987648
3185.83899999987646
3185.99499999987644
3186.15799999987643
3186.33099999987641
3186.47999999987639
3186.75299999987636
3186.91399999987634
3187.08299999987633
3187.25099999987631
3187.42299999987629
3187.60199999987627
3187.77299999987625
3187.93799999987623
3188.10699999987621
3188.28199999987619
3188.45599999987617
3188.62899999987616
3188.81099999987614
3188.98199999987612
3189.1599999998761
3189.33599999987608
3189.51699999987606
3189.69399999987604
3189.87299999987602
3190.058999999876
3190.24399999987598
3190.55799999987594
3190.72099999987592
3190.9139999998759
3192.22799999987576
3192.35999999987574
3192.99399999987567
3193.12799999987566
3375.96399999985552
3376.11099999985551
3376.27499999985549
3376.42799999985547
3376.58599999985545
3376.76499999985544
3376.93299999985542
3377.1049999998554
3377.27999999985538
3377.44999999985536
3377.61399999985534
3377.79399999985532
3377.9499999998553
3378.12299999985529
3378.30699999985526
3378.48799999985524
3378.65699999985523
3378.83199999985521
3379.10199999985518
3379.26099999985516
3379.42099999985514
3379.61999999985512
3379.75699999985511
3379.94599999985508
3380.13299999985506
3380.31699999985504
3380.51099999985502
3380.697999999855
3380.88499999985498
3381.07699999985496
3381.26599999985494
3381.44899999985492
3381.6309999998549
3409.36199999985184
3434.98799999984902
3435.13299999984901
3435.29799999984899
3435.45699999984897
3435.62699999984895
3435.79899999984893
3435.94899999984892
3436.1159999998489
3436.28799999984888
3436.46799999984886
3436.74299999984883
3436.92599999984881
3437.50599999984875
3437.67499999984873
3437.84299999984871
3438.02499999984869
3438.21599999984867
3438.40099999984865
3438.58799999984863
3438.76299999984861
3438.95099999984859
3439.13799999984857
3439.30699999984855
3439.47799999984853
3439.66899999984851
-2
22.6699999999999947
22.8129999999999946
22.9749999999999944
23.1249999999999943
23.2829999999999942
23.456999999999994
23.6129999999999939
23.7699999999999937
23.9429999999999936
24.0959999999999935
24.704999999999993
24.8779999999999928
25.0339999999999927
26.0099999999999918
26.1289999999999917
26.2809999999999916
26.6779999999999913
28.6279999999999896
28.7359999999999895
29.8189999999999886
30.0079999999999885
30.1889999999999883
30.3719999999999882
30.539999999999988
30.7189999999999879
30.8879999999999877
44.1279999999999975
44.2479999999999977
44.3969999999999978
44.5419999999999979
44.7089999999999981
44.8579999999999982
45.0319999999999984
46.3129999999999995
46.4759999999999996
46.6469999999999998
46.8179999999999999
46.9810000000000001
47.1400000000000002
47.3100000000000004
47.4720000000000005
47.6430000000000007
47.8240000000000008
47.998000000000001
48.1620000000000011
48.3390000000000013
48.5040000000000014
48.6810000000000016
48.8630000000000018
49.0500000000000019
49.2360000000000021
49.4180000000000022
49.5680000000000024
49.7670000000000026
49.9280000000000027
50.1330000000000029
50.316000000000003
50.4880000000000032
50.6460000000000033
50.8440000000000035
51.0040000000000037
51.2000000000000038
51.377000000000004
51.5680000000000042
51.7370000000000043
51.9070000000000045
52.1030000000000046
52.2760000000000048
52.467000000000005
52.6400000000000051
52.8420000000000053
52.9950000000000054
53.2320000000000056
53.3420000000000057
53.5210000000000059
53.698000000000006
53.8670000000000062
54.0400000000000064
54.2230000000000065
54.4100000000000067
54.5990000000000068
54.784000000000007
54.9490000000000072
55.1360000000000073
55.3280000000000075
55.5010000000000076
55.7210000000000078
55.906000000000008
56.0920000000000082
56.2560000000000083
56.4850000000000085
56.6340000000000087
56.8100000000000088
57.003000000000009
57.1800000000000091
57.3820000000000093
57.5500000000000095
57.7480000000000096
57.9120000000000098
58.09800000000001
58.2960000000000101
58.4370000000000103
58.6220000000000104
58.7870000000000106
58.9370000000000107
59.1210000000000109
59.282000000000011
59.4850000000000112
59.6680000000000114
59.8420000000000115
60.0360000000000117
60.1950000000000118
60.360000000000012
60.5540000000000121
60.7210000000000123
60.9050000000000124
61.0920000000000126
61.2790000000000128
61.4260000000000129
61.6130000000000131
61.7810000000000132
61.9630000000000134
62.1310000000000135
62.3180000000000137
62.5110000000000139
62.692000000000014
62.8570000000000142
63.0450000000000144
63.2180000000000145
63.3910000000000147
63.5950000000000148
63.762000000000015
63.9540000000000152
64.1410000000000153
64.2810000000000154
64.4770000000000156
64.6600000000000158
64.8230000000000159
66.7180000000000176
66.8780000000000178
67.0610000000000179
67.2380000000000181
67.3980000000000182
71.9260000000000222
72.0730000000000224
72.4080000000000227
72.5830000000000228
72.757000000000023
72.9360000000000231
73.1280000000000233
73.2970000000000235
73.4990000000000236
73.6640000000000238
73.8410000000000239
74.0170000000000241
74.1950000000000242
74.3740000000000244
74.5580000000000246
74.7260000000000247
74.8990000000000249
75.071000000000025
75.5060000000000254
75.6740000000000256
75.8520000000000257
76.0340000000000259
76.198000000000026
76.3770000000000262
76.5480000000000263
76.7120000000000265
76.8730000000000266
77.0310000000000268
77.2070000000000269
108.7320000000000549
108.8970000000000551
109.2700000000000554
110.1790000000000562
111.6450000000000575
111.7910000000000576
281.610000000000208
282.030000000000209
282.147000000000209
282.306000000000209
282.587000000000209
283.40300000000021
283.61500000000021
284.258000000000211
285.360000000000212
285.513000000000212
285.690000000000212
285.857000000000212
286.030000000000212
286.205000000000213
286.371000000000213
286.551000000000213
286.737000000000213
286.931000000000213
287.107000000000213
287.300000000000214
287.471000000000214
287.661000000000214
287.849000000000214
288.039000000000214
288.231000000000214
288.414000000000214
288.605000000000215
288.813000000000215
289.019000000000215
289.199000000000215
289.413000000000215
289.611000000000216
289.812000000000216
289.996000000000216
290.192000000000216
290.391000000000216
290.616000000000216
290.789000000000217
290.973000000000217
291.170000000000217
291.353000000000217
291.549000000000217
291.743000000000217
291.938000000000218
292.139000000000218
292.342000000000218
292.532000000000218
292.739000000000218
292.944000000000219
293.394000000000219
293.579000000000219
293.775000000000219
293.967000000000219
294.15500000000022
294.34500000000022
294.67100000000022
294.87500000000022
295.06400000000022
295.259000000000221
295.464000000000221
295.665000000000221
295.869000000000221
296.096000000000221
296.365000000000222
296.563000000000222
297.551000000000223
297.710000000000223
298.903000000000224
299.077000000000224
299.233000000000224
303.681000000000228
531.851000000000431
532.011000000000431
532.188000000000431
2233.29699999998137
2279.48299999997628
2363.06799999996708
2724.92099999992723
2725.06999999992721
2725.22399999992719
2725.37099999992718
2725.54599999992716
2725.70299999992714
2725.87099999992712
2726.0429999999271
2726.19099999992709
2726.36499999992707
2726.52199999992705
2726.67599999992703
2726.82299999992702
2726.994999999927
2727.16099999992698
2727.33199999992696
2727.49699999992694
2727.66099999992692
2727.8399999999269
2728.01799999992688
2728.19799999992686
2728.38499999992684
2728.72099999992681
2728.86599999992679
2729.03199999992677
2729.19499999992675
2729.36899999992674
2729.54799999992672
2729.7259999999267
2729.91299999992668
2730.10499999992665
2730.29199999992663
2730.47599999992661
2730.66599999992659
2730.97799999992656
2731.15199999992654
2731.35399999992652
2731.55099999992649
2731.73699999992647
2731.90599999992646
2732.12299999992643
2732.29799999992641
2732.47899999992639
2733.04399999992633
2733.20299999992631
2733.39099999992629
2741.00999999992545
2741.15299999992544
2741.30999999992542
2741.4759999999254
2742.62899999992527
2743.23999999992521
2840.59799999991449
2840.74699999991447
2840.91299999991445
2841.07899999991443
2841.24899999991441
2841.41699999991439
2896.13399999990837
2936.86699999990388
2937.5899999999038
3185.15099999987654
3185.28799999987652
3185.43799999987651
3185.58999999987649
3185.74399999987647
3185.91799999987645
3186.07499999987644
3186.23899999987642
3186.3699999998764
3186.53899999987639
3186.82899999987635
3186.98599999987634
3187.14999999987632
3187.3169999998763
3187.49099999987628
3187.67099999987626
3187.83299999987624
3188.01799999987622
3188.1779999998762
3188.35399999987619
3188.52999999987617
3188.70499999987615
3188.88499999987613
3189.05499999987611
3189.23899999987609
3189.41499999987607
3189.59199999987605
3189.76199999987603
3189.94299999987601
3190.12599999987599
3190.32599999987597
3190.63599999987593
3190.79499999987592
3190.99299999987589
3192.27599999987575
3192.41899999987574
3193.06499999987567
3193.17599999987565
3376.01799999985552
3376.1709999998555
3376.32799999985548
3376.48899999985547
3376.66399999985545
3376.82999999985543
3376.99799999985541
3377.17599999985539
3377.35299999985537
3377.51399999985535
3377.68699999985533
3377.84799999985532
3378.0159999998553
3378.20099999985528
3378.37599999985526
3378.54899999985524
3378.73699999985522
3378.9039999998552
3379.14699999985517
3379.32199999985515
3379.49599999985513
3379.65999999985512
3379.8319999998551
3380.02599999985508
3380.20499999985506
3380.39699999985504
3380.58699999985501
3380.77699999985499
3380.96799999985497
3381.14799999985495
3381.33699999985493
3381.52299999985491
3381.68199999985489
3409.41599999985184
3435.02299999984902
3435.185999999849
3435.35199999984898
3435.51899999984896
3435.69199999984894
3435.83999999984893
3436.02199999984891
3436.18899999984889
3436.35399999984887
3436.52299999984885
3436.81799999984882
3436.9869999998488
3437.54499999984874
3437.72999999984872
3437.9089999998487
3438.10299999984868
3438.28299999984866
3438.46599999984864
3438.64699999984862
3438.8359999998486
3439.01999999984858
3439.19499999984856
3439.36499999984854
3439.55199999984852
3439.6949999998485
1044
-3
0.317
0.617
1.10800000000000001
1.22500000000000001
1.38200000000000002
1.51200000000000002
1.66200000000000002
1.79800000000000002
1.94300000000000003
2.08000000000000003
2.22100000000000003
2.35800000000000004
2.50800000000000004
11.08500000000000022
11.19700000000000022
11.33000000000000022
11.45100000000000023
11.59400000000000023
11.72100000000000023
11.87300000000000023
33.1869999999999878
33.2949999999999879
33.401999999999988
33.5289999999999881
33.6759999999999883
33.8219999999999884
33.9579999999999885
34.1029999999999886
34.2479999999999888
34.3939999999999889
34.535999999999989
34.6739999999999892
95.1760000000000429
95.309000000000043
95.4380000000000431
95.5640000000000432
95.6920000000000433
95.8120000000000434
95.9460000000000436
96.0770000000000437
96.2100000000000438
96.3380000000000439
96.471000000000044
96.6000000000000442
96.7360000000000443
96.8800000000000444
97.2110000000000447
97.4700000000000449
97.570000000000045
97.8580000000000453
97.9540000000000454
98.0940000000000455
98.2370000000000456
98.3750000000000457
98.5170000000000459
98.650000000000046
98.8040000000000461
98.9480000000000462
99.0830000000000464
99.2380000000000465
99.3810000000000466
99.5450000000000468
100.3770000000000475
100.4860000000000476
100.6150000000000477
100.7500000000000478
100.894000000000048
101.0510000000000481
101.1860000000000482
101.3300000000000484
101.4840000000000485
101.6270000000000486
101.7590000000000487
101.9320000000000489
102.3590000000000493
102.6240000000000495
102.9510000000000498
103.1060000000000499
103.2720000000000501
103.6600000000000504
103.7940000000000505
103.9480000000000507
104.0890000000000508
104.2450000000000509
104.3790000000000511
104.5440000000000512
104.6780000000000513
104.8270000000000515
104.9670000000000516
105.1060000000000517
127.3770000000000715
127.4590000000000716
127.5800000000000717
127.6840000000000718
127.8090000000000719
127.934000000000072
128.073000000000072
128.205000000000072
128.330000000000072
128.471000000000072
128.612000000000073
128.733000000000073
128.747000000000073
128.860000000000073
128.881000000000073
129.024000000000073
129.165000000000073
129.316000000000073
129.466000000000073
129.587000000000073
129.605000000000073
130.204000000000074
130.396000000000074
130.507000000000074
130.652000000000074
130.816000000000075
130.959000000000075
131.116000000000075
131.252000000000075
131.423000000000075
131.567000000000075
131.727000000000075
131.875000000000075
133.946000000000077
134.090000000000077
134.203000000000078
134.350000000000078
134.490000000000078
134.572000000000078
134.607000000000078
134.633000000000078
134.768000000000078
134.873000000000078
134.907000000000078
134.928000000000078
135.024000000000078
135.081000000000078
135.207000000000078
135.243000000000078
135.305000000000079
135.385000000000079
135.935000000000079
136.197000000000079
136.274000000000079
136.40700000000008
136.50300000000008
136.65500000000008
136.82700000000008
136.96100000000008
137.11300000000008
137.28500000000008
137.44800000000008
137.610000000000081
318.823000000000242
318.949000000000242
319.075000000000242
319.202000000000242
319.310000000000242
319.438000000000242
319.584000000000242
319.707000000000242
319.876000000000242
320.005000000000243
320.176000000000243
320.301000000000243
320.434000000000243
320.583000000000243
320.763000000000243
321.136000000000244
321.296000000000244
321.460000000000244
321.637000000000244
321.838000000000244
321.928000000000244
322.029000000000244
322.105000000000244
322.188000000000244
323.056000000000245
326.348000000000248
326.470000000000248
326.618000000000248
326.889000000000249
327.661000000000249
327.805000000000249
327.96400000000025
328.13000000000025
328.28300000000025
328.42400000000025
328.57900000000025
328.74300000000025
477.888000000000383
478.021000000000383
478.141000000000383
478.272000000000383
478.389000000000383
478.521000000000383
478.659000000000383
478.799000000000384
478.913000000000384
479.041000000000384
479.172000000000384
479.306000000000384
479.435000000000384
479.588000000000384
479.721000000000384
479.852000000000385
480.017000000000385
480.144000000000385
480.282000000000385
480.456000000000385
480.605000000000385
480.743000000000385
480.886000000000385
481.039000000000386
481.195000000000386
481.333000000000386
481.488000000000386
481.661000000000386
481.808000000000386
481.967000000000386
482.127000000000387
482.284000000000387
482.431000000000387
482.601000000000387
482.778000000000387
482.939000000000387
483.098000000000387
483.244000000000388
483.339000000000388
483.412000000000388
483.567000000000388
483.727000000000388
483.883000000000388
483.955000000000388
484.027000000000388
484.211000000000388
484.385000000000389
484.469000000000389
484.554000000000389
484.697000000000389
484.872000000000389
485.048000000000389
485.224000000000389
485.399000000000389
485.57600000000039
485.75000000000039
485.89200000000039
486.08500000000039
486.27200000000039
486.45200000000039
486.620000000000391
486.775000000000391
486.959000000000391
487.134000000000391
487.297000000000391
487.485000000000391
487.746000000000392
487.900000000000392
488.624000000000392
488.861000000000393
488.989000000000393
489.150000000000393
489.322000000000393
497.7830000000004
497.964000000000401
498.078000000000401
498.222000000000401
498.375000000000401
498.522000000000401
498.678000000000401
498.832000000000401
498.994000000000402
499.105000000000402
499.182000000000402
499.322000000000402
499.490000000000402
499.658000000000402
499.813000000000402
499.988000000000402
500.127000000000403
500.221000000000403
500.310000000000403
500.465000000000403
500.636000000000403
500.817000000000403
501.399000000000404
501.485000000000404
501.506000000000404
501.643000000000404
501.842000000000404
502.071000000000404
502.195000000000404
502.431000000000405
502.574000000000405
502.847000000000405
502.982000000000405
503.129000000000405
503.293000000000405
509.390000000000411
509.688000000000411
509.841000000000411
510.004000000000411
510.155000000000411
1816.86400000000157
1816.97700000000157
1817.08100000000157
1817.19100000000157
1817.92100000000157
1818.04700000000157
1818.16900000000157
1818.28500000000157
1818.40800000000157
1818.54100000000157
1818.67700000000157
1818.78900000000157
1818.91200000000157
1819.05600000000157
1819.17500000000157
1819.31800000000157
1819.44900000000157
1819.58800000000157
1819.73300000000157
1819.88100000000157
1820.01500000000157
1820.16300000000157
1820.30400000000158
1820.45000000000158
1820.57900000000158
1820.71900000000158
1820.85700000000158
1820.99100000000158
1821.13300000000158
1821.26800000000158
1821.39900000000158
1821.54500000000158
1821.68800000000158
1821.83500000000158
1821.98100000000158
1822.11600000000158
1822.27500000000158
1822.41400000000158
1822.57500000000158
1822.71900000000158
1822.85100000000158
1822.99200000000158
1823.14200000000158
1823.28700000000158
1823.45000000000158
1823.60000000000158
1823.74500000000158
1823.89700000000158
1824.05600000000158
1824.21600000000158
1824.86700000000158
1824.99200000000158
1825.15200000000158
1825.30800000000158
1825.47000000000158
1825.63300000000158
1825.78700000000158
1825.96000000000158
1826.13300000000158
1826.29300000000158
1826.47400000000158
1826.64600000000158
1826.79800000000158
1827.59600000000158
1827.72800000000158
1827.88400000000158
1828.03700000000158
1828.17600000000158
1828.32900000000158
1828.61000000000158
1828.75700000000158
1828.90100000000158
1829.03600000000158
1829.18400000000158
1829.35000000000158
1829.54100000000158
1829.70200000000158
1830.07000000000158
1830.22300000000158
1830.38900000000158
1830.56200000000158
1830.73800000000158
1830.92400000000158
1831.86900000000159
1832.66500000000159
1832.69500000000159
1832.86200000000159
1833.00200000000159
1833.19700000000159
1833.35000000000159
1833.77400000000159
1834.74400000000159
1834.79800000000159
1835.02800000000159
1835.21600000000159
1837.13400000000159
1837.24800000000159
1837.42600000000159
1837.59700000000159
1837.76200000000159
1837.93200000000159
1838.13700000000159
1838.30900000000159
1838.49600000000159
1838.67700000000159
1838.81500000000159
1838.98000000000159
1839.17700000000159
1839.35800000000159
1839.55500000000159
1839.74900000000159
1839.94200000000159
1840.14200000000159
1840.32600000000159
1840.51300000000159
1840.69900000000159
1840.88100000000159
1841.37600000000159
1841.53000000000159
1841.71300000000159
1841.88500000000159
1842.03700000000159
1842.21900000000159
1842.8170000000016
1842.9620000000016
1843.1290000000016
1845.1870000000016
1845.3340000000016
1845.4920000000016
1845.6520000000016
1846.6860000000016
1847.0160000000016
1847.0580000000016
1847.1780000000016
1847.3570000000016
1848.0840000000016
1848.2840000000016
1848.8490000000016
1850.1970000000016
1850.3620000000016
1850.5300000000016
1850.6990000000016
1850.8770000000016
1856.43100000000161
1857.08200000000161
1857.23600000000161
1862.44000000000161
1948.39400000000169
1948.50000000000169
1948.62100000000169
1948.73100000000169
1949.42200000000169
1949.53300000000169
1949.66800000000169
1949.79100000000169
1949.92600000000169
1950.04700000000169
1950.19600000000169
1950.33000000000169
1950.48000000000169
1950.62600000000169
1950.78300000000169
1950.93500000000169
1951.08700000000169
1951.24500000000169
1951.38800000000169
1951.53400000000169
1951.68800000000169
1951.86800000000169
1952.02700000000169
1952.60600000000169
1952.74200000000169
1953.15400000000169
1953.69600000000169
1953.86600000000169
1954.27500000000169
1954.89400000000169
1955.17600000000169
1955.3210000000017
1955.4830000000017
1955.6210000000017
1956.7880000000017
1957.4390000000017
1958.1150000000017
1958.4800000000017
1958.8060000000017
1958.9460000000017
1959.7430000000017
1960.4280000000017
1960.7540000000017
1961.2770000000017
1961.4060000000017
1961.5630000000017
1961.7260000000017
1961.8940000000017
1962.0430000000017
1962.2020000000017
1962.3650000000017
1962.5430000000017
1962.7180000000017
2239.61399999998067
2239.72499999998066
2239.83699999998065
2239.94799999998064
2240.05299999998063
2240.20099999998061
2240.3189999999806
2240.46399999998058
2240.59699999998057
2240.72499999998055
2240.88599999998053
2241.01299999998052
2241.1549999999805
2241.29299999998049
2241.45199999998047
2241.60099999998046
2241.73199999998044
2241.89299999998042
2242.02099999998041
2242.18299999998039
2242.32199999998038
2242.48499999998036
2242.63099999998034
2242.79699999998032
2242.95499999998031
2243.09799999998029
2243.27899999998027
2243.44199999998025
2243.61899999998023
2243.74899999998022
2243.9249999999802
2244.10099999998018
2244.25899999998016
2244.43499999998014
2245.07699999998007
2245.20299999998006
2245.35499999998004
2245.50399999998003
2245.64799999998001
2246.19499999997995
2246.6399999999799
2247.02699999997986
2247.37099999997982
2247.41399999997982
2247.99799999997975
2248.11899999997974
2248.4269999999797
2248.73999999997967
2249.06299999997963
2251.06799999997941
2251.1759999999794
2251.29799999997939
2526.78899999994905
2526.91499999994903
2527.05599999994902
2527.169999999949
2527.29499999994899
2527.41399999994898
2527.55299999994896
2527.68399999994895
2527.82099999994893
2527.94799999994892
2528.1049999999489
2528.23399999994889
2528.38999999994887
2528.53299999994885
2528.68499999994884
2528.82499999994882
2528.9919999999488
2529.12199999994879
2529.27999999994877
2529.43999999994875
2529.59599999994874
2529.75799999994872
2529.9179999999487
2530.06899999994868
2530.24999999994866
2530.42099999994865
2530.58199999994863
2531.21299999994856
2531.33099999994855
2531.47899999994853
2545.366999999947
2545.50099999994699
2545.61299999994697
2553.81199999994607
2553.93499999994606
2554.07999999994604
2573.16799999994394
2573.26099999994393
2573.4949999999439
2573.63299999994389
2573.93199999994385
2574.15899999994383
2574.32299999994381
2574.4389999999438
2574.77599999994376
2575.09599999994373
2575.20099999994371
2575.43899999994369
2575.55699999994368
2575.71199999994366
2575.85099999994364
2576.01999999994362
2576.15499999994361
2576.29999999994359
2576.44999999994358
2576.64399999994356
2576.78399999994354
2576.91299999994353
2579.58799999994323
2579.76299999994321
2579.8879999999432
2580.88999999994309
2581.39599999994303
2581.672999999943
3026.45399999989402
3026.567999999894
3026.69099999989399
3026.79399999989398
3026.91899999989396
3027.03499999989395
3027.16399999989394
3027.29899999989392
3027.44599999989391
3027.58099999989389
3027.72099999989388
3027.84699999989386
3027.99299999989385
3028.14099999989383
3028.27099999989382
3028.4289999998938
3028.55099999989378
3028.70899999989377
3028.84999999989375
3029.00499999989374
3029.14799999989372
3029.3179999998937
3029.47399999989368
3029.62799999989367
3029.77999999989365
3029.92999999989363
3030.08299999989362
3030.2459999998936
3030.42099999989358
3030.59099999989356
3030.75299999989354
3030.91199999989352
3031.31899999989348
3031.45399999989347
3031.99799999989341
3032.22299999989338
3032.35299999989337
3032.48999999989335
3033.10499999989328
3033.38299999989325
3204.85099999987437
3204.96699999987436
3205.07999999987434
3205.21199999987433
3205.33599999987432
3205.4689999998743
3205.60599999987429
3205.75899999987427
3205.90399999987425
3206.05999999987424
3206.21499999987422
3206.3569999998742
3206.50699999987419
3206.65699999987417
3206.82799999987415
3206.98099999987413
3207.13299999987412
3207.2949999998741
3207.45399999987408
3207.60899999987406
3207.77699999987405
3207.94599999987403
3208.08799999987401
3208.33299999987398
3208.47599999987397
3209.0639999998739
3315.56899999986217
3315.73899999986216
3315.83699999986214
3315.95399999986213
3316.08399999986212
3316.2139999998621
3316.33399999986209
3316.46599999986208
3316.60399999986206
3316.75099999986204
3316.89099999986203
3317.04199999986201
3317.20099999986199
3317.35199999986198
3317.51399999986196
3317.66599999986194
3317.83099999986193
3317.99399999986191
3319.58399999986173
3321.23899999986155
3321.56799999986151
3329.52899999986064
3329.65299999986062
3329.78299999986061
3329.91499999986059
3455.83099999984673
3456.0409999998467
3456.12499999984669
3458.95799999984638
3459.08999999984637
3459.20999999984635
3459.34699999984634
3459.47099999984633
3459.60399999984631
3459.7519999998463
3459.89499999984628
3460.02799999984626
3460.18799999984625
3460.33799999984623
3460.48699999984621
3460.6459999998462
3460.80399999984618
3460.96499999984616
3461.13399999984614
3461.30199999984612
3461.46699999984611
3461.64199999984609
3461.82499999984607
3461.96999999984605
3462.12799999984603
3462.88799999984595
3463.02999999984593
3463.18899999984592
3463.50999999984588
3463.65399999984587
3463.80899999984585
3463.94499999984583
3464.11299999984582
3464.2559999998458
3464.42499999984578
3464.56399999984577
3464.71799999984575
3464.87799999984573
3465.05699999984571
3465.23699999984569
3465.40799999984567
3465.57499999984565
3466.16899999984559
3466.31999999984557
3466.47199999984556
3466.62999999984554
3466.76699999984552
3466.9349999998455
3467.37699999984546
3467.49899999984544
3467.63399999984543
3467.79099999984541
3467.94799999984539
3468.11099999984537
3468.27299999984536
3468.45299999984534
3468.63599999984532
3468.95599999984528
3469.11899999984526
3469.57899999984521
3469.74299999984519
3469.91799999984518
3470.10399999984516
3470.28099999984514
3470.47199999984511
3470.65699999984509
3470.83099999984508
3471.21399999984503
3471.39199999984501
3471.552999999845
3471.73799999984498
3471.93999999984495
3472.12899999984493
3472.31099999984491
3472.4469999998449
3472.51499999984489
3472.70599999984487
3472.85299999984485
3473.04699999984483
3473.22599999984481
3473.39699999984479
3473.71499999984476
3473.92599999984473
3474.08699999984472
3474.40499999984468
3474.61299999984466
3474.79699999984464
3474.99599999984462
3475.1859999998446
3479.77499999984409
3480.47399999984401
3480.70799999984399
3480.82399999984397
3480.99099999984396
3481.25799999984393
3481.37699999984391
3481.79199999984387
3481.88699999984386
3481.98499999984385
3482.13699999984383
3482.27699999984381
3482.4079999998438
3482.53599999984379
3482.80599999984376
3482.94799999984374
3483.04799999984373
3483.20199999984371
3483.47399999984368
3483.69199999984366
3483.82699999984364
3483.98299999984363
3489.22799999984305
3489.44999999984302
3489.55699999984301
3489.670999999843
3489.79199999984299
3490.05999999984296
3490.16699999984295
3490.33499999984293
3490.5979999998429
3490.86699999984287
3491.21299999984283
3492.34099999984271
3492.47799999984269
3504.78999999984134
3505.71299999984123
3505.84299999984122
3505.96299999984121
3506.08799999984119
3506.43299999984115
3506.53899999984114
3506.79299999984111
3507.65299999984102
3507.799999999841
3507.98299999984098
3512.03799999984054
3512.16199999984052
3512.28699999984051
3512.62999999984047
3512.74299999984046
3512.88599999984044
3513.01999999984043
3513.2999999998404
3513.59299999984037
3514.08299999984031
3514.60199999984025
3514.76299999984024
3514.94199999984022
3515.1269999998402
3515.29999999984018
3515.42199999984016
3515.47699999984016
3515.66199999984014
3515.84199999984012
3516.0209999998401
3516.20599999984008
3516.39099999984006
3516.58099999984004
3516.76599999984002
3516.95499999984
3517.12699999983998
3517.31699999983996
3517.46699999983994
3517.64999999983992
3517.8199999998399
3518.24599999983985
3518.39199999983984
3518.56799999983982
3518.7409999998398
3518.92299999983978
3519.11299999983976
3519.30099999983974
3519.47499999983972
3519.6779999998397
3519.88499999983967
3520.07499999983965
3520.24899999983963
3520.43299999983961
3520.5399999998396
3520.61299999983959
3520.80199999983957
3520.98299999983955
3526.37399999983896
3526.48599999983895
3526.63799999983893
3526.76599999983891
3526.9159999998389
3527.07699999983888
3527.23899999983886
3527.41199999983884
3527.58799999983882
3527.7639999998388
3527.95299999983878
3528.14099999983876
3528.32099999983874
3528.51899999983872
3528.7059999998387
3528.88399999983868
3529.06899999983866
3529.25099999983864
3529.43999999983862
3529.6349999998386
3529.78199999983858
3529.82199999983858
3530.00799999983856
3530.18799999983854
3530.36099999983852
3530.5319999998385
3530.73199999983848
3530.90899999983846
3531.08199999983844
3531.26399999983842
3531.4439999998384
3531.62499999983838
3531.80399999983836
3531.98399999983834
3532.19399999983832
3532.40999999983829
3532.59799999983827
3532.79999999983825
3532.99199999983823
3533.19599999983821
3533.39499999983818
3533.59499999983816
3533.77499999983814
3533.97499999983812
3534.1569999998381
3534.33599999983808
3534.55899999983806
3534.75199999983804
3534.93999999983801
3535.109999999838
3535.30199999983797
3535.49099999983795
3535.67999999983793
3535.85999999983791
3536.04199999983789
3536.19499999983788
3536.35599999983786
3536.57699999983783
3536.79899999983781
3536.99499999983779
3537.18499999983777
3537.37399999983775
3537.56699999983772
3537.7559999998377
3537.96399999983768
3538.15199999983766
3538.32899999983764
3538.55899999983762
3538.83599999983759
3538.97099999983757
3539.16699999983755
3539.33799999983753
3539.5749999998375
3540.04899999983745
3540.23199999983743
3540.41999999983741
3540.57899999983739
3540.74399999983738
3541.04399999983734
3541.22499999983732
3541.4019999998373
3542.3089999998372
3542.91499999983714
3543.34299999983709
3543.49299999983707
3543.63099999983706
3543.78099999983704
3544.36499999983698
3544.51099999983696
3544.67299999983694
3545.26799999983688
3545.44299999983686
3545.63299999983684
3545.77999999983682
3545.9589999998368
3546.13199999983678
3546.30799999983676
3546.48599999983674
3546.66699999983672
3546.8699999998367
3547.06299999983668
3547.25299999983666
3547.46499999983664
3547.66599999983661
3547.85599999983659
3548.04299999983657
3549.65399999983639
3549.76899999983638
3549.91299999983637
3550.67499999983628
3550.83799999983626
3551.4299999998362
3551.72999999983617
3552.38699999983609
3552.54999999983607
3552.86899999983604
3552.97099999983603
3553.10099999983601
3553.204999999836
3553.34099999983599
3553.41299999983598
3553.52799999983597
3553.87299999983593
3554.00799999983591
3554.21299999983589
3554.29899999983588
3554.44199999983587
3554.56699999983585
3554.70399999983584
3554.84999999983582
3554.98999999983581
3555.14499999983579
3555.30699999983577
3555.46899999983575
3555.62599999983574
3555.77099999983572
3555.9269999998357
3556.09099999983568
3556.26899999983567
3556.44199999983565
3556.61099999983563
3556.76399999983561
3558.15799999983546
3558.28599999983544
3558.41099999983543
3558.7009999998354
3559.17199999983535
3559.25099999983534
3559.48099999983531
3559.6139999998353
3560.36499999983521
3566.59899999983453
-4
0.394
0.784
1.14200000000000001
1.29400000000000001
1.43400000000000002
1.58400000000000002
1.72500000000000002
1.87000000000000003
2.00900000000000003
2.14500000000000003
2.28800000000000003
2.42700000000000004
2.56500000000000004
11.14100000000000022
11.26400000000000022
11.39100000000000022
11.51900000000000023
11.65600000000000023
11.80000000000000023
11.94900000000000024
33.2179999999999879
33.358999999999988
33.4659999999999881
33.6069999999999882
33.7499999999999883
33.8929999999999885
34.0319999999999886
34.1879999999999887
34.3269999999999888
34.470999999999989
34.5989999999999891
34.7099999999999892
95.271000000000043
95.3700000000000431
95.4960000000000432
95.6230000000000433
95.7430000000000434
95.8760000000000435
96.0080000000000436
96.1500000000000438
96.2690000000000439
96.396000000000044
96.5350000000000441
96.6560000000000442
96.7950000000000443
96.9220000000000444
97.2510000000000447
97.510000000000045
97.6500000000000451
97.8670000000000453
98.0070000000000454
98.1570000000000455
98.2890000000000457
98.4360000000000458
98.5720000000000459
98.726000000000046
98.8680000000000462
99.0100000000000463
99.1610000000000464
99.2980000000000466
99.4630000000000467
99.5970000000000468
100.4440000000000476
100.5360000000000476
100.6780000000000478
100.8170000000000479
100.970000000000048
101.1070000000000482
101.2520000000000483
101.4060000000000484
101.5490000000000486
101.6810000000000487
101.8260000000000488
101.9480000000000489
102.4460000000000493
102.7690000000000496
103.0920000000000499
103.1220000000000499
103.4300000000000502
103.7230000000000505
103.8720000000000506
104.0250000000000507
104.1700000000000509
104.324000000000051
104.4760000000000511
104.6300000000000513
104.7580000000000514
104.9300000000000515
105.0530000000000517
105.1930000000000518
127.4000000000000715
127.5140000000000716
127.6190000000000717
127.7350000000000718
127.8650000000000719
127.997000000000072
128.130000000000072
128.251000000000072
128.397000000000072
128.538000000000073
128.671000000000073
128.742000000000073
128.802000000000073
128.875000000000073
128.948000000000073
129.084000000000073
129.230000000000073
129.385000000000073
129.523000000000073
129.601000000000073
129.665000000000074
130.236000000000074
130.434000000000074
130.582000000000074
130.733000000000074
130.880000000000075
131.037000000000075
131.182000000000075
131.341000000000075
131.485000000000075
131.646000000000075
131.797000000000075
131.924000000000076
133.978000000000077
134.163000000000078
134.269000000000078
134.412000000000078
134.560000000000078
134.589000000000078
134.623000000000078
134.694000000000078
134.852000000000078
134.879000000000078
134.924000000000078
135.005000000000078
135.078000000000078
135.166000000000078
135.232000000000078
135.296000000000079
135.333000000000079
135.416000000000079
135.952000000000079
136.207000000000079
136.311000000000079
136.43000000000008
136.57500000000008
136.73400000000008
136.88000000000008
137.02800000000008
137.19400000000008
137.36400000000008
137.51300000000008
137.655000000000081
318.894000000000242
318.998000000000242
319.120000000000242
319.227000000000242
319.359000000000242
319.500000000000242
319.625000000000242
319.785000000000242
319.914000000000242
320.075000000000243
320.204000000000243
320.337000000000243
320.491000000000243
320.653000000000243
320.801000000000243
321.210000000000244
321.372000000000244
321.547000000000244
321.719000000000244
321.916000000000244
321.975000000000244
322.092000000000244
322.125000000000244
322.274000000000245
323.086000000000245
326.401000000000248
326.539000000000248
326.665000000000248
326.935000000000249
327.724000000000249
327.86900000000025
328.02800000000025
328.18000000000025
328.32900000000025
328.49500000000025
328.65100000000025
328.81000000000025
477.939000000000383
478.057000000000383
478.182000000000383
478.301000000000383
478.436000000000383
478.571000000000383
478.702000000000384
478.820000000000384
478.958000000000384
479.086000000000384
479.222000000000384
479.353000000000384
479.497000000000384
479.635000000000384
479.770000000000384
479.935000000000385
480.058000000000385
480.204000000000385
480.359000000000385
480.515000000000385
480.654000000000385
480.789000000000385
480.953000000000386
481.114000000000386
481.262000000000386
481.409000000000386
481.576000000000386
481.717000000000386
481.882000000000386
482.046000000000386
482.201000000000387
482.346000000000387
482.558000000000387
482.718000000000387
482.853000000000387
483.009000000000387
483.161000000000387
483.327000000000388
483.348000000000388
483.478000000000388
483.647000000000388
483.800000000000388
483.953000000000388
483.963000000000388
484.117000000000388
484.292000000000388
484.457000000000389
484.484000000000389
484.600000000000389
484.776000000000389
484.953000000000389
485.129000000000389
485.311000000000389
485.48300000000039
485.65000000000039
485.80200000000039
485.98200000000039
486.19600000000039
486.36500000000039
486.50900000000039
486.680000000000391
486.854000000000391
487.043000000000391
487.201000000000391
487.384000000000391
487.523000000000391
487.806000000000392
487.946000000000392
488.687000000000392
488.910000000000393
489.060000000000393
489.224000000000393
489.350000000000393
497.8050000000004
498.011000000000401
498.142000000000401
498.293000000000401
498.469000000000401
498.629000000000401
498.749000000000401
498.908000000000401
499.092000000000402
499.131000000000402
499.234000000000402
499.401000000000402
499.570000000000402
499.732000000000402
499.900000000000402
500.059000000000402
500.211000000000403
500.236000000000403
500.389000000000403
500.549000000000403
500.732000000000403
500.898000000000403
501.442000000000404
501.491000000000404
501.601000000000404
501.761000000000404
502.030000000000404
502.144000000000404
502.397000000000405
502.546000000000405
502.676000000000405
502.897000000000405
503.038000000000405
503.193000000000405
503.319000000000405
509.402000000000411
509.754000000000411
509.911000000000411
510.055000000000411
510.221000000000412
1816.90600000000157
1817.00500000000157
1817.11000000000157
1817.22000000000157
1817.96800000000157
1818.08600000000157
1818.20100000000157
1818.32100000000157
1818.45300000000157
1818.57400000000157
1818.70500000000157
1818.83000000000157
1818.97000000000157
1819.09200000000157
1819.23100000000157
1819.36600000000157
1819.50700000000157
1819.63900000000157
1819.80200000000157
1819.92700000000157
1820.07700000000157
1820.22000000000157
1820.35600000000158
1820.49500000000158
1820.63500000000158
1820.77500000000158
1820.90700000000158
1821.05300000000158
1821.18200000000158
1821.31600000000158
1821.45900000000158
1821.59900000000158
1821.74200000000158
1821.89700000000158
1822.03100000000158
1822.18800000000158
1822.32700000000158
1822.47300000000158
1822.63400000000158
1822.76600000000158
1822.90400000000158
1823.06800000000158
1823.21300000000158
1823.36400000000158
1823.52200000000158
1823.67500000000158
1823.82100000000158
1823.97800000000158
1824.13100000000158
1824.28400000000158
1824.91700000000158
1825.06200000000158
1825.22100000000158
1825.38500000000158
1825.52900000000158
1825.69700000000158
1825.85400000000158
1826.03900000000158
1826.20400000000158
1826.35500000000158
1826.51700000000158
1826.71200000000158
1826.87000000000158
1827.65500000000158
1827.78500000000158
1827.94200000000158
1828.09200000000158
1828.25100000000158
1828.39600000000158
1828.66700000000158
1828.81700000000158
1828.95900000000158
1829.10400000000158
1829.25300000000158
1829.42600000000158
1829.61000000000158
1829.77700000000158
1830.13600000000158
1830.28900000000158
1830.47400000000158
1830.63300000000158
1830.81000000000158
1830.95900000000158
1831.89600000000159
1832.68300000000159
1832.82900000000159
1832.95800000000159
1833.13600000000159
1833.27300000000159
1833.51000000000159
1834.56000000000159
1834.78600000000159
1835.02100000000159
1835.18800000000159
1836.61000000000159
1837.16900000000159
1837.33900000000159
1837.50800000000159
1837.66800000000159
1837.84100000000159
1838.01400000000159
1838.22200000000159
1838.39200000000159
1838.58200000000159
1838.72900000000159
1838.89900000000159
1839.07300000000159
1839.26700000000159
1839.45300000000159
1839.64900000000159
1839.84200000000159
1840.03700000000159
1840.23100000000159
1840.40900000000159
1840.60300000000159
1840.78300000000159
1840.95900000000159
1841.44600000000159
1841.61400000000159
1841.78200000000159
1841.95000000000159
1842.12900000000159
1842.30900000000159
1842.8780000000016
1843.0280000000016
1843.1560000000016
1845.2490000000016
1845.4060000000016
1845.5590000000016
1845.7220000000016
1846.7020000000016
1847.0550000000016
1847.0990000000016
1847.2620000000016
1847.4370000000016
1848.1230000000016
1848.3320000000016
1849.1670000000016
1850.2710000000016
1850.4390000000016
1850.6070000000016
1850.7810000000016
1850.9250000000016
1856.51600000000161
1857.13800000000161
1857.25800000000161
1862.46600000000161
1948.44200000000169
1948.57100000000169
1948.65800000000169
1948.76300000000169
1949.45200000000169
1949.58000000000169
1949.71000000000169
1949.84400000000169
1949.97200000000169
1950.11200000000169
1950.25200000000169
1950.39400000000169
1950.53900000000169
1950.69700000000169
1950.85400000000169
1951.00600000000169
1951.16300000000169
1951.31300000000169
1951.46000000000169
1951.60800000000169
1951.77200000000169
1951.94500000000169
1952.08700000000169
1952.69400000000169
1952.83500000000169
1953.63200000000169
1953.82400000000169
1954.22100000000169
1954.35600000000169
1954.95700000000169
1955.23200000000169
1955.3890000000017
1955.5350000000017
1955.6860000000017
1956.8650000000017
1957.5110000000017
1958.2000000000017
1958.5060000000017
1958.8650000000017
1959.0400000000017
1960.3980000000017
1960.7320000000017
1960.8690000000017
1961.2940000000017
1961.4800000000017
1961.6390000000017
1961.8060000000017
1961.9570000000017
1962.1120000000017
1962.2770000000017
1962.4410000000017
1962.6160000000017
1962.7790000000017
2239.65199999998067
2239.75799999998066
2239.86999999998065
2239.97999999998063
2240.11399999998062
2240.23899999998061
2240.37499999998059
2240.50899999998058
2240.63499999998056
2240.79299999998054
2240.92199999998053
2241.06299999998051
2241.1989999999805
2241.34699999998048
2241.51199999998046
2241.63799999998045
2241.80399999998043
2241.92599999998042
2242.0919999999804
2242.23199999998039
2242.39299999998037
2242.54799999998035
2242.71099999998033
2242.87799999998031
2243.0019999999803
2243.16699999998028
2243.35799999998026
2243.50999999998024
2243.66799999998023
2243.84199999998021
2244.00899999998019
2244.16799999998017
2244.34899999998015
2244.53699999998013
2245.12599999998007
2245.27399999998005
2245.42799999998003
2245.57799999998002
2245.71799999998
2246.23399999997994
2246.69799999997989
2247.07099999997985
2247.39499999997982
2247.46399999997981
2248.06299999997974
2248.20499999997973
2248.4549999999797
2248.77399999997967
2249.09299999997963
2251.10599999997941
2251.2209999999794
2251.35599999997938
2526.82499999994904
2526.98599999994902
2527.09799999994901
2527.215999999949
2527.33599999994899
2527.48399999994897
2527.60299999994896
2527.73199999994894
2527.85899999994893
2528.01199999994891
2528.1449999999489
2528.29999999994888
2528.44299999994886
2528.59199999994885
2528.73199999994883
2528.90099999994881
2529.0289999999488
2529.18499999994878
2529.34199999994876
2529.49999999994875
2529.66899999994873
2529.82299999994871
2529.98399999994869
2530.15299999994868
2530.32499999994866
2530.48999999994864
2530.66399999994862
2531.25599999994855
2531.39199999994854
2531.54799999994852
2545.41799999994699
2545.52899999994698
2545.66799999994697
2553.86799999994606
2553.99699999994605
2554.14199999994603
2573.18999999994394
2573.31299999994392
2573.5579999999439
2573.70299999994388
2574.00399999994385
2574.23599999994382
2574.34199999994381
2574.48399999994379
2574.85299999994375
2575.17199999994372
2575.26199999994371
2575.53599999994368
2575.66099999994366
2575.81799999994365
2575.94599999994363
2576.14399999994361
2576.2629999999436
2576.43099999994358
2576.53799999994357
2576.70399999994355
2576.82699999994354
2576.97599999994352
2579.62399999994323
2579.8259999999432
2579.94299999994319
2580.95299999994308
2581.43799999994303
2581.75599999994299
3026.50499999989401
3026.612999999894
3026.71499999989399
3026.83899999989397
3026.95499999989396
3027.07799999989395
3027.21199999989393
3027.35599999989392
3027.4919999998939
3027.63199999989389
3027.76099999989387
3027.89799999989386
3028.05299999989384
3028.18499999989383
3028.34299999989381
3028.47399999989379
3028.62399999989378
3028.76599999989376
3028.91699999989374
3029.06899999989373
3029.22799999989371
3029.39499999989369
3029.54899999989368
3029.69799999989366
3029.85299999989364
3030.00499999989362
3030.16699999989361
3030.32799999989359
3030.50799999989357
3030.66399999989355
3030.82499999989353
3030.97099999989352
3031.37999999989347
3031.51499999989346
3032.0639999998934
3032.25199999989338
3032.40999999989336
3032.54699999989334
3033.15099999989328
3033.45799999989324
3204.89199999987436
3205.00099999987435
3205.12499999987434
3205.25199999987432
3205.38499999987431
3205.52199999987429
3205.67499999987428
3205.81499999987426
3205.97299999987424
3206.12199999987423
3206.26499999987421
3206.4159999998742
3206.55699999987418
3206.72399999987416
3206.88699999987414
3207.03899999987413
3207.20699999987411
3207.36599999987409
3207.51599999987408
3207.68799999987406
3207.85699999987404
3207.99199999987402
3208.11999999987401
3208.39499999987398
3208.55099999987396
3209.1019999998739
3315.61999999986217
3315.76899999986215
3315.88199999986214
3316.00499999986213
3316.12999999986211
3316.2559999998621
3316.38999999986208
3316.51999999986207
3316.66799999986205
3316.80899999986204
3316.95499999986202
3317.109999999862
3317.26499999986199
3317.42499999986197
3317.58299999986195
3317.74599999986194
3317.90599999986192
3318.0379999998619
3319.64899999986173
3321.28599999986154
3321.64799999986151
3329.56499999986063
3329.70199999986062
3329.8349999998606
3329.96999999986059
3455.87299999984672
3456.0659999998467
3456.22999999984668
3459.00399999984638
3459.12699999984636
3459.25999999984635
3459.38799999984634
3459.51799999984632
3459.65899999984631
3459.80399999984629
3459.94099999984627
3460.09999999984626
3460.24799999984624
3460.39699999984622
3460.55699999984621
3460.71499999984619
3460.87299999984617
3461.03899999984615
3461.20999999984613
3461.37399999984612
3461.5469999998461
3461.73199999984608
3461.87599999984606
3462.03499999984604
3462.20199999984603
3462.95099999984594
3463.09699999984593
3463.26299999984591
3463.58199999984587
3463.71499999984586
3463.85699999984584
3464.01499999984583
3464.16999999984581
3464.32899999984579
3464.46499999984578
3464.63299999984576
3464.78499999984574
3464.96699999984572
3465.1349999998457
3465.31199999984568
3465.47199999984567
3465.63999999984565
3466.23799999984558
3466.37999999984557
3466.53399999984555
3466.65799999984553
3466.82899999984552
3466.9549999998455
3467.42199999984545
3467.54099999984544
3467.70399999984542
3467.8599999998454
3468.01799999984538
3468.19699999984536
3468.37099999984535
3468.55199999984533
3468.73399999984531
3469.03999999984527
3469.18299999984526
3469.6639999998452
3469.85599999984518
3470.05399999984516
3470.19799999984514
3470.45099999984512
3470.6069999998451
3470.77899999984508
3470.95899999984506
3471.34799999984502
3471.483999999845
3471.70499999984498
3471.83299999984496
3472.07199999984494
3472.22499999984492
3472.4229999998449
3472.4659999998449
3472.63799999984488
3472.78099999984486
3472.99399999984484
3473.16499999984482
3473.2979999998448
3473.50099999984478
3473.81099999984475
3474.03099999984472
3474.2049999998447
3474.53199999984467
3474.72899999984465
3474.93199999984462
3475.1049999998446
3475.31299999984458
3479.82099999984408
3480.52599999984401
3480.80099999984398
3480.93199999984396
3481.07699999984395
3481.30299999984392
3481.42999999984391
3481.83199999984386
3481.95799999984385
3482.10099999984383
3482.23999999984382
3482.3709999998438
3482.48599999984379
3482.76199999984376
3482.89699999984375
3482.99099999984374
3483.12799999984372
3483.3039999998437
3483.54999999984367
3483.74299999984365
3483.88399999984364
3484.02599999984362
3489.27599999984304
3489.50699999984302
3489.62199999984301
3489.73799999984299
3489.86399999984298
3490.11999999984295
3490.26099999984294
3490.38299999984292
3490.62999999984289
3490.96099999984286
3491.24399999984283
3492.3959999998427
3492.53299999984268
3504.83399999984133
3505.80399999984122
3505.91999999984121
3506.0509999998412
3506.38599999984116
3506.50499999984115
3506.75999999984112
3506.87099999984111
3507.70899999984101
3507.846999999841
3508.03699999984098
3512.10299999984053
3512.23799999984051
3512.3569999998405
3512.68599999984047
3512.81099999984045
3512.94199999984044
3513.13199999984042
3513.55899999984037
3514.07999999984031
3514.57499999984026
3514.68799999984024
3514.90499999984022
3515.02999999984021
3515.21599999984019
3515.39499999984017
3515.46799999984016
3515.60499999984014
3515.78799999984012
3515.9709999998401
3516.16299999984008
3516.31999999984006
3516.49599999984005
3516.66499999984003
3516.85199999984001
3517.07599999983998
3517.22199999983997
3517.36799999983995
3517.57799999983993
3517.75299999983991
3517.91099999983989
3518.32599999983984
3518.50999999983982
3518.65599999983981
3518.81699999983979
3519.05699999983976
3519.20499999983975
3519.41099999983972
3519.57699999983971
3519.82599999983968
3520.01699999983966
3520.15199999983964
3520.33999999983962
3520.5389999998396
3520.5469999998396
3520.71499999983958
3520.90199999983956
3521.08699999983954
3526.42499999983895
3526.53399999983894
3526.68499999983892
3526.83299999983891
3527.01199999983889
3527.16599999983887
3527.35999999983885
3527.56499999983883
3527.72199999983881
3527.87399999983879
3528.07199999983877
3528.26299999983875
3528.41399999983873
3528.61699999983871
3528.78399999983869
3528.96999999983867
3529.14599999983865
3529.33899999983863
3529.53399999983861
3529.71599999983859
3529.79499999983858
3529.91899999983857
3530.08999999983855
3530.27799999983853
3530.45799999983851
3530.62699999983849
3530.82499999983847
3530.98899999983845
3531.18099999983843
3531.36799999983841
3531.54299999983839
3531.73299999983837
3531.91499999983835
3532.12999999983832
3532.3259999998383
3532.50499999983828
3532.68099999983826
3532.90299999983824
3533.11999999983821
3533.2979999998382
3533.48799999983817
3533.69799999983815
3533.87299999983813
3534.07399999983811
3534.25199999983809
3534.44099999983807
3534.66899999983804
3534.83999999983803
3535.025999999838
3535.19999999983799
3535.42299999983796
3535.58999999983794
3535.77699999983792
3535.9609999998379
3536.10299999983789
3536.27799999983787
3536.44799999983785
3536.70699999983782
3536.8989999998378
3537.08499999983778
3537.27699999983776
3537.46399999983774
3537.67599999983771
3537.85799999983769
3538.06499999983767
3538.23899999983765
3538.41699999983763
3538.7259999998376
3538.88799999983758
3539.07599999983756
3539.23999999983754
3539.48199999983751
3539.68999999983749
3540.14899999983744
3540.32199999983742
3540.5009999998374
3540.67199999983738
3540.84199999983736
3541.13099999983733
3541.27099999983732
3541.4259999998373
3542.3809999998372
3542.97899999983713
3543.43899999983708
3543.58099999983706
3543.70799999983705
3543.80599999983704
3544.42499999983697
3544.58099999983695
3544.73999999983694
3545.35499999983687
3545.52499999983685
3545.70699999983683
3545.89999999983681
3546.07199999983679
3546.25499999983677
3546.42899999983675
3546.58999999983673
3546.80699999983671
3547.01299999983668
3547.23399999983666
3547.41299999983664
3547.61099999983662
3547.7899999998366
3547.97699999983658
3548.15299999983656
3549.75999999983638
3549.86999999983637
3550.02999999983635
3550.73499999983627
3550.91099999983626
3551.67399999983617
3552.3269999998361
3552.44599999983609
3552.84799999983604
3552.91099999983604
3553.04099999983602
3553.192999999836
3553.271999999836
3553.38199999983598
3553.49299999983597
3553.72699999983595
3553.92499999983592
3554.06599999983591
3554.22699999983589
3554.35799999983588
3554.48899999983586
3554.62399999983585
3554.78299999983583
3554.91199999983581
3555.0649999998358
3555.21799999983578
3555.38399999983576
3555.54099999983575
3555.69499999983573
3555.84099999983571
3555.9939999998357
3556.16999999983568
3556.34899999983566
3556.52299999983564
3556.68399999983562
3556.8379999998356
3558.22099999983545
3558.36899999983543
3558.47599999983542
3558.85999999983538
3559.19899999983534
3559.29199999983533
3559.52699999983531
3559.67099999983529
3560.39799999983521
3566.65199999983452
0
0
0
0
0
0
0
0
0
0
0
0
0
3600.00099999983085
0
0
0
0
0
0
