10
09
18
10
09
18
IPP2.11
sacchDay1
0
3
10
44
25
11
47
05
22
4
.3
1
453
453
1
307
307
1
1
1
1
1
1
1
1
1
1
1
1
1
1
1
1
1
1
1
1
452
-1
12.77500000000000025
12.99100000000000026
13.11800000000000026
13.23800000000000026
154.484000000000096
155.181000000000096
155.875000000000097
156.155000000000097
156.500000000000097
156.793000000000098
157.101000000000098
157.255000000000098
157.413000000000098
157.739000000000098
157.887000000000099
158.065000000000099
159.7420000000001
159.8830000000001
160.358000000000101
367.189000000000284
547.004000000000444
547.128000000000444
547.803000000000445
547.934000000000445
548.077000000000445
548.318000000000445
548.447000000000445
548.593000000000446
548.713000000000446
548.843000000000446
549.129000000000446
549.254000000000446
549.375000000000446
549.530000000000446
549.655000000000447
549.803000000000447
549.941000000000447
550.071000000000447
550.198000000000447
550.345000000000447
550.473000000000447
550.730000000000447
550.861000000000448
550.997000000000448
551.142000000000448
551.282000000000448
551.403000000000448
551.533000000000448
551.674000000000448
552.069000000000449
552.205000000000449
552.358000000000449
552.476000000000449
552.640000000000449
552.777000000000449
553.20600000000045
553.33300000000045
553.51100000000045
553.64500000000045
553.80900000000045
553.93200000000045
554.07800000000045
554.209000000000451
554.367000000000451
554.484000000000451
554.618000000000451
554.787000000000451
554.936000000000451
555.079000000000451
555.234000000000451
555.372000000000452
555.505000000000452
555.805000000000452
555.947000000000452
556.376000000000452
557.986000000000454
558.131000000000454
558.290000000000454
558.420000000000454
558.564000000000454
558.701000000000455
558.836000000000455
558.977000000000455
559.563000000000455
559.704000000000455
559.858000000000456
560.012000000000456
560.148000000000456
560.314000000000456
560.453000000000456
560.585000000000456
560.779000000000456
560.897000000000456
561.070000000000457
561.206000000000457
561.345000000000457
561.486000000000457
561.625000000000457
561.766000000000457
561.907000000000457
562.070000000000458
562.214000000000458
562.392000000000458
562.534000000000458
562.708000000000458
562.845000000000458
562.983000000000458
563.150000000000458
563.282000000000459
563.446000000000459
563.590000000000459
563.765000000000459
563.917000000000459
564.054000000000459
564.50800000000046
564.59300000000046
565.836000000000461
565.975000000000461
566.159000000000461
566.321000000000461
566.442000000000461
566.619000000000462
567.089000000000462
567.229000000000462
567.363000000000462
567.532000000000462
567.677000000000463
567.853000000000463
567.990000000000463
568.876000000000464
569.680000000000464
569.842000000000464
569.980000000000465
570.134000000000465
570.307000000000465
570.469000000000465
570.631000000000465
570.768000000000465
570.933000000000465
571.076000000000466
571.195000000000466
571.310000000000466
571.405000000000466
571.532000000000466
571.672000000000466
573.116000000000467
573.232000000000467
573.425000000000468
573.557000000000468
577.109000000000471
577.227000000000471
577.357000000000471
577.515000000000471
577.658000000000471
577.802000000000472
629.117000000000517
629.219000000000517
629.340000000000517
632.38000000000052
632.48400000000052
632.62400000000052
632.79900000000052
632.93200000000052
846.67000000000071
846.83800000000071
846.936000000000711
847.055000000000711
847.191000000000711
847.313000000000711
847.440000000000711
847.556000000000711
847.818000000000711
847.910000000000711
847.980000000000712
848.050000000000712
848.180000000000712
848.311000000000712
848.374000000000712
848.441000000000712
848.564000000000712
848.872000000000712
849.006000000000712
849.122000000000712
849.247000000000713
849.410000000000713
849.537000000000713
849.679000000000713
849.798000000000713
849.920000000000713
850.046000000000713
850.185000000000713
850.308000000000714
850.434000000000714
850.555000000000714
850.692000000000714
850.821000000000714
850.978000000000714
851.100000000000714
851.188000000000714
851.259000000000714
851.393000000000714
851.669000000000715
851.806000000000715
851.971000000000715
852.141000000000715
852.189000000000715
852.278000000000715
852.341000000000715
852.434000000000715
852.489000000000715
852.567000000000716
852.632000000000716
852.706000000000716
852.774000000000716
853.121000000000716
853.247000000000716
853.374000000000716
853.455000000000716
853.532000000000716
853.737000000000717
854.085000000000717
854.205000000000717
854.337000000000717
854.416000000000717
854.680000000000717
854.813000000000718
854.951000000000718
855.102000000000718
855.668000000000718
855.798000000000718
855.921000000000718
855.957000000000719
856.146000000000719
856.277000000000719
856.436000000000719
865.723000000000727
865.847000000000727
866.013000000000728
866.156000000000728
866.301000000000728
866.438000000000728
866.511000000000728
867.015000000000728
867.247000000000729
867.816000000000729
868.025000000000729
868.63700000000073
869.01200000000073
869.15800000000073
869.33000000000073
869.503000000000731
869.642000000000731
869.819000000000731
869.928000000000731
870.338000000000731
870.818000000000732
871.222000000000732
871.379000000000732
871.565000000000732
871.711000000000733
871.888000000000733
872.053000000000733
872.181000000000733
872.344000000000733
872.753000000000734
872.898000000000734
873.067000000000734
873.246000000000734
873.580000000000734
873.695000000000734
873.928000000000735
873.997000000000735
874.049000000000735
874.233000000000735
874.332000000000735
874.396000000000735
874.469000000000735
874.655000000000735
874.880000000000735
875.059000000000736
875.127000000000736
875.507000000000736
875.848000000000736
875.966000000000736
876.036000000000736
876.149000000000736
876.225000000000736
876.300000000000737
876.381000000000737
876.467000000000737
878.133000000000738
878.433000000000738
878.510000000000739
878.650000000000739
878.696000000000739
878.955000000000739
879.072000000000739
879.167000000000739
879.202000000000739
879.350000000000739
880.770000000000741
881.174000000000741
881.277000000000741
918.012000000000774
918.108000000000774
918.272000000000774
918.408000000000774
918.479000000000774
918.754000000000774
918.856000000000774
919.059000000000775
919.184000000000775
919.438000000000775
919.576000000000775
920.000000000000775
921.198000000000776
921.447000000000777
921.607000000000777
921.984000000000777
1080.90500000000092
1081.00300000000092
1083.51400000000092
1083.98200000000092
1084.84000000000092
1085.29300000000092
1085.51400000000092
1085.67900000000092
1085.80900000000092
1242.22400000000106
1245.75500000000106
1245.88700000000106
1245.95900000000106
1246.94200000000107
1247.03800000000107
1247.16100000000107
1247.29800000000107
1247.45300000000107
1247.87900000000107
1248.00400000000107
1248.16600000000107
1248.33300000000107
1249.29500000000107
1430.08600000000123
1430.18600000000123
1430.32400000000123
1430.45000000000123
1430.87400000000123
1431.52800000000123
1431.65300000000123
1431.80000000000123
1431.89400000000123
1431.91400000000123
1431.95400000000123
1432.04500000000123
1432.15100000000123
1432.43900000000123
1432.58000000000123
1432.71900000000123
1435.44400000000123
1435.53300000000123
1435.67800000000123
1435.79800000000123
1435.94500000000123
1597.25500000000138
1597.38400000000138
1597.57300000000138
1597.70000000000138
1597.86800000000138
1598.03200000000138
1598.18600000000138
1598.54500000000138
1598.78900000000138
1598.90800000000138
1599.07300000000138
1599.26800000000138
1599.76300000000138
1599.93500000000138
1600.11000000000138
1600.83300000000138
1600.97900000000138
1601.18500000000138
1601.30100000000138
1601.41200000000138
1601.52700000000138
1601.65100000000138
1601.79200000000138
1601.94600000000138
1602.10100000000138
1602.27200000000138
1602.44700000000138
1602.58500000000138
1602.88000000000138
1603.02100000000138
1603.24400000000138
1607.21400000000139
1607.31700000000139
1607.46200000000139
1842.00600000000159
1842.55700000000159
1842.61100000000159
1843.1200000000016
1843.2410000000016
1843.3830000000016
1894.12000000000164
1904.37500000000165
1904.48200000000165
1904.61300000000165
1904.78300000000165
1905.10000000000165
1905.23900000000165
1905.43800000000165
1905.59300000000165
1905.77200000000165
1905.98100000000165
1906.15700000000165
1906.35200000000165
1906.49200000000165
1906.66500000000165
1966.3830000000017
1966.84900000000171
1967.11700000000171
1967.29300000000171
1967.38300000000171
1967.48800000000171
1967.64000000000171
1967.73400000000171
1968.14300000000171
1969.17200000000171
1969.25500000000171
1970.04400000000171
1970.09800000000171
1970.12200000000171
1970.26400000000171
1970.65100000000171
1971.13400000000171
1972.04900000000171
1972.43400000000171
1972.52000000000171
1972.78800000000171
1972.80700000000171
1973.56100000000171
2400.42799999996296
2401.9379999999628
2616.71199999993914
2624.92399999993824
2625.05299999993822
2625.17199999993821
2625.63099999993816
2625.72899999993815
2625.85399999993814
2749.03499999992457
2749.76599999992449
-2
12.78800000000000025
13.02900000000000026
13.15700000000000026
13.27000000000000026
154.517000000000096
155.223000000000096
155.934000000000097
156.252000000000097
156.578000000000097
156.898000000000098
157.179000000000098
157.333000000000098
157.514000000000098
157.819000000000099
157.957000000000099
158.106000000000099
159.8360000000001
159.9760000000001
160.398000000000101
367.196000000000284
547.049000000000444
547.182000000000444
547.856000000000445
547.986000000000445
548.110000000000445
548.373000000000445
548.505000000000446
548.622000000000446
548.754000000000446
548.883000000000446
549.173000000000446
549.290000000000446
549.433000000000446
549.575000000000446
549.685000000000446
549.854000000000447
549.985000000000447
550.110000000000447
550.256000000000447
550.385000000000447
550.495000000000447
550.777000000000448
550.908000000000448
551.048000000000448
551.202000000000448
551.323000000000448
551.445000000000448
551.589000000000448
551.716000000000448
552.117000000000449
552.254000000000449
552.398000000000449
552.551000000000449
552.685000000000449
552.819000000000449
553.25700000000045
553.41300000000045
553.53800000000045
553.71300000000045
553.84700000000045
553.97000000000045
554.12300000000045
554.267000000000451
554.395000000000451
554.519000000000451
554.673000000000451
554.834000000000451
554.985000000000451
555.135000000000451
555.282000000000451
555.410000000000452
555.552000000000452
555.860000000000452
555.998000000000452
557.964000000000454
558.029000000000454
558.189000000000454
558.335000000000454
558.479000000000454
558.620000000000454
558.752000000000455
558.890000000000455
559.039000000000455
559.574000000000455
559.767000000000455
559.927000000000456
560.070000000000456
560.225000000000456
560.357000000000456
560.489000000000456
560.666000000000456
560.818000000000456
560.980000000000457
561.121000000000457
561.261000000000457
561.404000000000457
561.550000000000457
561.684000000000457
561.830000000000457
561.971000000000457
562.133000000000458
562.299000000000458
562.457000000000458
562.622000000000458
562.769000000000458
562.900000000000458
563.033000000000458
563.201000000000459
563.358000000000459
563.520000000000459
563.684000000000459
563.845000000000459
563.976000000000459
564.48800000000046
564.56000000000046
565.18000000000046
565.891000000000461
566.070000000000461
566.232000000000461
566.371000000000461
566.533000000000461
566.713000000000462
567.133000000000462
567.275000000000462
567.438000000000462
567.610000000000462
567.768000000000463
567.900000000000463
568.041000000000463
568.903000000000464
569.719000000000464
569.890000000000464
570.051000000000465
570.218000000000465
570.372000000000465
570.528000000000465
570.685000000000465
570.843000000000465
570.949000000000465
571.115000000000466
571.291000000000466
571.320000000000466
571.486000000000466
571.597000000000466
571.939000000000466
573.168000000000467
573.321000000000468
573.476000000000468
573.632000000000468
577.126000000000471
577.294000000000471
577.436000000000471
577.582000000000471
577.731000000000471
577.888000000000472
629.160000000000517
629.274000000000517
629.412000000000517
632.40000000000052
632.54700000000052
632.70800000000052
632.84400000000052
632.98200000000052
846.69300000000071
846.87000000000071
846.995000000000711
847.116000000000711
847.237000000000711
847.363000000000711
847.484000000000711
847.586000000000711
847.833000000000711
847.978000000000712
847.995000000000712
848.107000000000712
848.239000000000712
848.365000000000712
848.384000000000712
848.488000000000712
848.609000000000712
848.929000000000712
849.049000000000712
849.177000000000712
849.325000000000713
849.457000000000713
849.566000000000713
849.729000000000713
849.844000000000713
849.969000000000713
850.100000000000713
850.231000000000713
850.357000000000714
850.477000000000714
850.609000000000714
850.737000000000714
850.884000000000714
851.023000000000714
851.162000000000714
851.208000000000714
851.314000000000714
851.437000000000714
851.720000000000715
851.865000000000715
852.064000000000715
852.188000000000715
852.212000000000715
852.327000000000715
852.355000000000715
852.478000000000716
852.505000000000716
852.607000000000716
852.645000000000716
852.741000000000716
853.047000000000716
853.155000000000716
853.299000000000716
853.441000000000716
853.481000000000716
853.599000000000716
854.076000000000717
854.126000000000717
854.244000000000717
854.403000000000717
854.599000000000717
854.700000000000717
854.873000000000718
855.008000000000718
855.137000000000718
855.736000000000718
855.852000000000718
855.936000000000719
856.020000000000719
856.162000000000719
856.347000000000719
856.500000000000719
865.775000000000727
865.904000000000727
866.078000000000728
866.219000000000728
866.377000000000728
866.455000000000728
866.539000000000728
867.078000000000728
867.524000000000729
867.886000000000729
868.44400000000073
868.84200000000073
869.14600000000073
869.29300000000073
869.463000000000731
869.606000000000731
869.772000000000731
869.886000000000731
870.331000000000731
870.788000000000732
870.935000000000732
871.294000000000732
871.450000000000732
871.622000000000732
871.778000000000733
871.942000000000733
872.105000000000733
872.268000000000733
872.424000000000733
872.895000000000734
872.981000000000734
873.146000000000734
873.323000000000734
873.645000000000734
873.762000000000734
873.945000000000735
874.037000000000735
874.195000000000735
874.306000000000735
874.357000000000735
874.454000000000735
874.487000000000735
874.680000000000735
874.939000000000735
875.081000000000736
875.503000000000736
875.614000000000736
875.878000000000736
875.980000000000736
876.085000000000736
876.199000000000737
876.271000000000737
876.363000000000737
876.451000000000737
877.943000000000738
878.191000000000738
878.461000000000739
878.571000000000739
878.693000000000739
878.943000000000739
879.053000000000739
879.147000000000739
879.175000000000739
879.338000000000739
880.31600000000074
880.798000000000741
881.214000000000741
881.528000000000741
918.070000000000774
918.190000000000774
918.335000000000774
918.466000000000774
918.512000000000774
918.797000000000774
918.948000000000774
919.111000000000775
919.229000000000775
919.507000000000775
919.656000000000775
920.060000000000776
921.264000000000777
921.550000000000777
921.952000000000777
922.067000000000777
1080.92200000000092
1081.04800000000092
1083.53700000000092
1084.02200000000092
1085.13100000000092
1085.31000000000092
1085.62100000000092
1085.75800000000092
1085.91100000000092
1242.26100000000106
1245.80400000000106
1245.94600000000106
1245.98500000000106
1246.99200000000107
1247.11100000000107
1247.26400000000107
1247.38600000000107
1247.51300000000107
1247.99600000000107
1248.12800000000107
1248.27700000000107
1249.29200000000107
1249.34000000000107
1430.12000000000123
1430.24100000000123
1430.37000000000123
1430.51000000000123
1430.91600000000123
1431.56500000000123
1431.72300000000123
1431.86000000000123
1431.91000000000123
1431.93500000000123
1432.03900000000123
1432.06400000000123
1432.19900000000123
1432.45300000000123
1432.63600000000123
1432.78100000000123
1435.46900000000123
1435.58600000000123
1435.72500000000123
1435.86400000000123
1436.00700000000123
1597.32100000000138
1597.48800000000138
1597.63000000000138
1597.80700000000138
1597.97000000000138
1598.12600000000138
1598.30000000000138
1598.65300000000138
1598.83000000000138
1599.02000000000138
1599.19900000000138
1599.38500000000138
1599.87800000000138
1600.05200000000138
1600.22900000000138
1600.90000000000138
1601.04200000000138
1601.25500000000138
1601.35800000000138
1601.47400000000138
1601.59200000000138
1601.75800000000138
1601.90800000000138
1602.08100000000138
1602.24000000000138
1602.40600000000138
1602.56500000000138
1602.85800000000138
1602.92700000000138
1603.07700000000138
1603.28800000000138
1607.23800000000139
1607.37300000000139
1607.50200000000139
1842.06500000000159
1842.60000000000159
1843.1070000000016
1843.2020000000016
1843.3620000000016
1843.8440000000016
1894.14700000000164
1904.41900000000165
1904.56900000000165
1904.71700000000165
1904.87500000000165
1905.21600000000165
1905.40200000000165
1905.57000000000165
1905.74200000000165
1905.91900000000165
1906.09800000000165
1906.29200000000165
1906.45000000000165
1906.63800000000165
1906.77500000000165
1966.4080000000017
1966.93000000000171
1967.17200000000171
1967.30600000000171
1967.41700000000171
1967.49900000000171
1967.66600000000171
1967.81700000000171
1969.10800000000171
1969.21500000000171
1969.63200000000171
1970.04800000000171
1970.11700000000171
1970.20300000000171
1970.30100000000171
1971.02500000000171
1971.50000000000171
1972.07800000000171
1972.47400000000171
1972.78300000000171
1972.79600000000171
1972.87300000000171
1973.71300000000171
2401.18499999996288
2401.98199999996279
2616.74999999993914
2625.02699999993823
2625.11499999993822
2625.41899999993818
2625.68299999993815
2625.81599999993814
2626.1669999999381
2749.17599999992455
2749.83999999992448
306
-3
27.2489999999999908
28.15099999999999
28.4769999999999898
594.610000000000486
595.097000000000487
595.305000000000487
595.421000000000487
596.044000000000488
596.196000000000488
698.848000000000579
698.960000000000579
783.585000000000654
784.565000000000655
785.273000000000656
785.627000000000656
785.772000000000656
786.122000000000657
786.445000000000657
786.601000000000657
786.763000000000657
787.125000000000657
787.271000000000658
787.422000000000658
788.969000000000659
789.217000000000659
789.284000000000659
789.410000000000659
789.53600000000066
789.67800000000066
789.83000000000066
790.57800000000066
790.725000000000661
790.829000000000661
791.119000000000661
791.624000000000661
792.102000000000662
792.231000000000662
928.315000000000783
928.456000000000783
928.903000000000783
928.976000000000783
929.024000000000783
929.168000000000784
929.273000000000784
929.783000000000784
929.916000000000784
930.041000000000784
930.176000000000784
930.317000000000785
930.438000000000785
930.552000000000785
930.675000000000785
930.817000000000785
931.088000000000785
931.191000000000785
931.367000000000786
931.485000000000786
931.626000000000786
931.760000000000786
931.878000000000786
932.007000000000786
932.139000000000786
932.306000000000786
932.420000000000786
932.566000000000787
932.681000000000787
932.807000000000787
932.940000000000787
933.071000000000787
933.216000000000787
933.329000000000787
933.412000000000787
933.501000000000787
933.571000000000787
933.665000000000788
933.794000000000788
933.870000000000788
933.941000000000788
934.066000000000788
934.193000000000788
934.316000000000788
934.449000000000788
934.626000000000788
935.166000000000789
935.304000000000789
935.438000000000789
935.565000000000789
935.716000000000789
935.84500000000079
935.97100000000079
936.11100000000079
936.24200000000079
936.39200000000079
936.51000000000079
936.67400000000079
936.80600000000079
936.93200000000079
937.069000000000791
937.233000000000791
938.085000000000792
938.213000000000792
938.369000000000792
938.524000000000792
938.660000000000792
938.809000000000792
938.919000000000792
939.062000000000792
939.185000000000792
939.344000000000793
939.503000000000793
939.641000000000793
940.190000000000793
940.321000000000793
940.476000000000794
940.607000000000794
940.749000000000794
940.901000000000794
941.046000000000794
941.190000000000794
941.355000000000794
941.468000000000794
941.602000000000795
942.380000000000795
942.610000000000796
942.744000000000796
942.891000000000796
943.050000000000796
943.605000000000796
943.768000000000797
943.858000000000797
943.936000000000797
944.103000000000797
944.260000000000797
944.415000000000797
986.887000000000835
987.020000000000835
987.127000000000835
987.262000000000835
987.397000000000835
987.545000000000835
987.850000000000836
987.929000000000836
989.058000000000837
989.287000000000837
989.451000000000837
989.868000000000838
989.984000000000838
990.128000000000838
990.306000000000838
990.441000000000838
990.613000000000838
990.640000000000838
990.809000000000838
990.971000000000838
991.151000000000839
991.316000000000839
991.490000000000839
991.666000000000839
991.828000000000839
992.025000000000839
992.41700000000084
992.57800000000084
993.389000000000841
993.531000000000841
993.660000000000841
993.807000000000841
1108.58900000000094
1108.70100000000094
1109.24900000000094
1109.41100000000094
1109.68600000000094
1110.10300000000094
1341.94300000000115
1343.58100000000115
1397.3400000000012
1397.4460000000012
1397.5640000000012
1398.3270000000012
1398.4230000000012
1398.5720000000012
1399.1350000000012
1399.5190000000012
1399.8770000000012
1399.9890000000012
1400.1630000000012
1400.2450000000012
1400.3900000000012
1401.7950000000012
1401.8890000000012
1401.9840000000012
1402.0350000000012
1402.4050000000012
1402.5170000000012
1402.6470000000012
1402.7600000000012
1402.8080000000012
1402.8880000000012
1403.0200000000012
1403.2710000000012
1403.3560000000012
1403.4030000000012
1403.4900000000012
1403.5470000000012
1403.6750000000012
1403.7800000000012
1403.79600000000121
1403.87300000000121
1403.97500000000121
1404.05800000000121
1404.78800000000121
1404.92800000000121
1405.29700000000121
1405.38700000000121
1405.41200000000121
1406.49100000000121
1406.56500000000121
1406.62600000000121
1407.13800000000121
1407.45300000000121
1407.58100000000121
1407.68500000000121
1407.77400000000121
1407.83600000000121
1407.89300000000121
1407.90100000000121
1407.96000000000121
1408.14300000000121
1408.19000000000121
1408.25200000000121
1408.29800000000121
1408.36700000000121
1408.42100000000121
1408.76500000000121
1409.35700000000121
1409.48500000000121
1409.55200000000121
1409.62400000000121
1409.68300000000121
1409.76100000000121
1409.83200000000121
1409.89700000000121
1410.34100000000121
1410.51600000000121
1410.65800000000121
1412.16500000000121
1412.61500000000121
1412.73500000000121
1412.85300000000121
1625.3280000000014
1626.1060000000014
1626.2110000000014
1626.3330000000014
1626.5610000000014
1626.6980000000014
1626.7950000000014
1626.9460000000014
1627.1110000000014
1627.2810000000014
1627.6480000000014
1627.7530000000014
1628.9360000000014
1629.02400000000141
1629.14000000000141
1760.17900000000152
1760.26800000000152
1760.30400000000152
1760.43900000000152
1760.54800000000152
1760.66500000000152
1760.78600000000152
1761.54500000000152
1761.70800000000152
1761.88100000000152
1762.21800000000152
1762.35700000000152
1762.67200000000152
1763.22800000000152
1958.4670000000017
1958.5540000000017
1958.6770000000017
1959.4380000000017
1959.5870000000017
1959.7450000000017
2105.9329999999954
2106.86099999999529
2106.96999999999528
2107.27899999999525
2107.41199999999523
2107.56499999999522
2107.7349999999952
2107.89999999999518
2108.10399999999516
2108.20899999999515
2108.36099999999513
2108.52399999999511
2109.11699999999505
2109.62999999999499
2109.81799999999497
2110.22199999999492
2110.30899999999491
2110.4309999999949
2110.59799999999488
2110.68999999999487
2110.82999999999486
2110.98299999999484
2111.3109999999948
-4
27.2919999999999908
28.19599999999999
28.5039999999999897
594.660000000000486
595.127000000000487
595.349000000000487
595.500000000000487
596.099000000000488
596.245000000000488
698.865000000000579
698.975000000000579
783.640000000000654
784.616000000000655
785.348000000000656
785.639000000000656
785.848000000000656
786.190000000000657
786.525000000000657
786.700000000000657
786.819000000000657
787.174000000000658
787.329000000000658
787.482000000000658
789.028000000000659
789.230000000000659
789.349000000000659
789.47100000000066
789.61000000000066
789.76300000000066
789.89600000000066
790.63500000000066
790.744000000000661
790.882000000000661
791.189000000000661
791.671000000000661
792.165000000000662
792.305000000000662
928.352000000000783
928.497000000000783
928.958000000000783
928.989000000000783
929.082000000000784
929.204000000000784
929.334000000000784
929.836000000000784
929.964000000000784
930.099000000000784
930.235000000000784
930.361000000000785
930.477000000000785
930.592000000000785
930.736000000000785
930.876000000000785
931.130000000000785
931.268000000000785
931.418000000000786
931.552000000000786
931.684000000000786
931.806000000000786
931.917000000000786
932.050000000000786
932.220000000000786
932.354000000000786
932.468000000000786
932.609000000000787
932.722000000000787
932.848000000000787
932.978000000000787
933.112000000000787
933.245000000000787
933.401000000000787
933.436000000000787
933.563000000000788
933.581000000000788
933.714000000000788
933.861000000000788
933.879000000000788
933.985000000000788
934.112000000000788
934.232000000000788
934.352000000000788
934.542000000000788
934.667000000000788
935.222000000000789
935.361000000000789
935.487000000000789
935.631000000000789
935.773000000000789
935.88900000000079
936.02500000000079
936.15900000000079
936.29500000000079
936.43700000000079
936.59000000000079
936.72800000000079
936.85800000000079
936.98500000000079
937.224000000000791
937.271000000000791
938.142000000000792
938.291000000000792
938.442000000000792
938.577000000000792
938.711000000000792
938.838000000000792
938.976000000000792
939.102000000000792
939.273000000000792
939.423000000000793
939.571000000000793
939.711000000000793
940.236000000000793
940.388000000000794
940.529000000000794
940.669000000000794
940.822000000000794
940.964000000000794
941.109000000000794
941.261000000000794
941.395000000000794
941.519000000000794
941.652000000000795
942.409000000000795
942.674000000000796
942.821000000000796
942.967000000000796
943.115000000000796
943.684000000000796
943.849000000000797
943.889000000000797
944.023000000000797
944.173000000000797
944.334000000000797
944.462000000000797
986.922000000000835
987.053000000000835
987.197000000000835
987.328000000000835
987.476000000000835
987.612000000000836
987.869000000000836
987.966000000000836
989.103000000000837
989.364000000000837
989.593000000000837
989.911000000000838
990.064000000000838
990.252000000000838
990.436000000000838
990.586000000000838
990.634000000000838
990.741000000000838
990.917000000000838
991.087000000000839
991.273000000000839
991.440000000000839
991.600000000000839
991.782000000000839
991.963000000000839
992.14500000000084
992.50900000000084
992.67800000000084
993.448000000000841
993.566000000000841
993.753000000000841
993.906000000000841
1108.63600000000094
1108.76500000000094
1109.31300000000094
1109.44700000000094
1109.75500000000094
1110.19000000000094
1342.10900000000115
1343.68300000000115
1397.3930000000012
1397.4980000000012
1397.6370000000012
1398.3370000000012
1398.4720000000012
1398.6110000000012
1399.2620000000012
1399.5790000000012
1399.9750000000012
1400.0920000000012
1400.2110000000012
1400.3590000000012
1400.5150000000012
1401.8560000000012
1401.9710000000012
1402.0060000000012
1402.0810000000012
1402.4470000000012
1402.5710000000012
1402.6860000000012
1402.7990000000012
1402.8250000000012
1403.0020000000012
1403.2650000000012
1403.3430000000012
1403.3900000000012
1403.4820000000012
1403.5220000000012
1403.6060000000012
1403.7180000000012
1403.78900000000121
1403.86500000000121
1403.94800000000121
1404.03100000000121
1404.78400000000121
1404.90100000000121
1404.98200000000121
1405.37800000000121
1405.40700000000121
1406.44500000000121
1406.55200000000121
1406.61700000000121
1407.10200000000121
1407.20900000000121
1407.53300000000121
1407.66800000000121
1407.77100000000121
1407.79300000000121
1407.89200000000121
1407.89900000000121
1407.93000000000121
1408.09600000000121
1408.18900000000121
1408.24900000000121
1408.27600000000121
1408.32500000000121
1408.41800000000121
1408.75700000000121
1408.95600000000121
1409.41300000000121
1409.54100000000121
1409.58700000000121
1409.67800000000121
1409.71700000000121
1409.81700000000121
1409.85100000000121
1409.96500000000121
1410.36200000000121
1410.63800000000121
1410.85600000000121
1412.21100000000121
1412.64500000000121
1412.78600000000121
1412.90800000000121
1625.3700000000014
1626.1130000000014
1626.2650000000014
1626.3750000000014
1626.6300000000014
1626.7080000000014
1626.8990000000014
1627.0550000000014
1627.2160000000014
1627.3830000000014
1627.7100000000014
1627.8570000000014
1628.9630000000014
1629.07400000000141
1629.20700000000141
1760.20900000000152
1760.28700000000152
1760.39500000000152
1760.50600000000152
1760.63200000000152
1760.76900000000152
1761.51700000000152
1761.68700000000152
1761.84200000000152
1762.16700000000152
1762.30400000000152
1762.63400000000152
1763.13700000000152
1763.31600000000152
1958.5150000000017
1958.6340000000017
1958.7520000000017
1959.5310000000017
1959.7120000000017
1959.8640000000017
2105.97999999999539
2106.93299999999529
2107.06999999999527
2107.35399999999524
2107.52599999999522
2107.7039999999952
2107.86199999999518
2108.01499999999517
2108.16699999999515
2108.32099999999513
2108.49899999999511
2109.09499999999505
2109.47099999999501
2109.67199999999499
2109.85899999999496
2110.27999999999492
2110.38199999999491
2110.4839999999949
2110.63099999999488
2110.77999999999486
2110.95299999999484
2111.28799999999481
2111.44799999999479
0
0
0
0
0
0
0
0
0
0
0
0
0
3600.00099999983085
0
0
0
0
0
0
