10
12
18
10
12
18
IPPP2.15
Test1
0
3
11
20
15
12
25
25
22
4
.3
1
2104
2104
1
362
362
1
1
1
1
1
1
1
1
1
1
1
1
1
1
1
1
1
1
1
1
2103
-1
48.1160000000000011
49.3330000000000022
50.217000000000003
50.3610000000000031
50.5550000000000033
131.009000000000075
131.168000000000075
131.296000000000075
460.544000000000367
460.772000000000368
460.858000000000368
461.061000000000368
461.184000000000368
461.306000000000368
461.432000000000368
461.567000000000368
461.697000000000368
464.163000000000371
464.293000000000371
464.428000000000371
464.559000000000371
464.682000000000371
464.816000000000371
464.954000000000371
465.096000000000371
466.431000000000373
466.558000000000373
466.701000000000373
466.846000000000373
466.994000000000373
467.138000000000373
467.283000000000373
467.426000000000373
467.573000000000374
469.609000000000375
469.741000000000376
469.878000000000376
470.025000000000376
470.177000000000376
470.329000000000376
470.479000000000376
470.634000000000376
470.783000000000376
470.929000000000377
471.083000000000377
471.231000000000377
472.460000000000378
472.594000000000378
472.740000000000378
472.883000000000378
473.033000000000378
473.182000000000379
473.335000000000379
473.486000000000379
473.651000000000379
473.798000000000379
473.951000000000379
474.098000000000379
474.25600000000038
476.511000000000382
476.641000000000382
476.780000000000382
476.927000000000382
477.076000000000382
477.226000000000382
477.376000000000382
477.537000000000382
477.701000000000383
477.856000000000383
478.018000000000383
478.183000000000383
478.335000000000383
478.500000000000383
478.655000000000383
478.822000000000384
479.577000000000384
479.715000000000384
479.870000000000385
480.022000000000385
480.177000000000385
480.334000000000385
480.499000000000385
480.659000000000385
480.818000000000385
480.985000000000386
481.156000000000386
481.313000000000386
481.450000000000386
481.626000000000386
481.794000000000386
483.323000000000388
483.885000000000388
484.008000000000388
484.178000000000388
484.646000000000389
484.791000000000389
484.947000000000389
485.105000000000389
485.263000000000389
485.425000000000389
485.59100000000039
485.75000000000039
485.91400000000039
486.08000000000039
486.24000000000039
486.39400000000039
486.55900000000039
486.722000000000391
486.878000000000391
487.040000000000391
487.191000000000391
487.348000000000391
487.509000000000391
487.686000000000392
487.853000000000392
488.000000000000392
488.151000000000392
488.308000000000392
488.470000000000392
489.827000000000393
489.964000000000394
490.116000000000394
490.253000000000394
490.409000000000394
490.573000000000394
490.716000000000394
490.868000000000394
491.024000000000394
491.179000000000395
491.332000000000395
491.490000000000395
491.640000000000395
491.793000000000395
491.951000000000395
492.104000000000395
492.258000000000396
492.421000000000396
492.590000000000396
492.760000000000396
492.922000000000396
493.099000000000396
493.285000000000396
493.453000000000397
493.627000000000397
494.887000000000398
495.022000000000398
495.168000000000398
495.321000000000398
495.479000000000398
495.644000000000399
495.812000000000399
495.968000000000399
496.127000000000399
496.290000000000399
496.455000000000399
496.612000000000399
496.7650000000004
496.9260000000004
497.0770000000004
497.2470000000004
497.4100000000004
497.5710000000004
497.7230000000004
497.882000000000401
498.038000000000401
498.202000000000401
498.364000000000401
498.536000000000401
498.708000000000401
498.873000000000401
499.033000000000402
499.207000000000402
499.361000000000402
499.529000000000402
499.711000000000402
499.831000000000402
500.001000000000402
500.176000000000403
500.338000000000403
500.503000000000403
500.678000000000403
500.858000000000403
501.048000000000403
503.174000000000405
503.306000000000405
503.451000000000405
503.603000000000406
503.754000000000406
503.912000000000406
504.054000000000406
504.221000000000406
504.377000000000406
504.526000000000406
506.453000000000408
506.585000000000408
506.722000000000408
506.873000000000408
507.021000000000409
507.174000000000409
507.325000000000409
507.486000000000409
512.029000000000413
512.153000000000413
512.926000000000414
513.041000000000414
513.170000000000414
513.310000000000414
513.452000000000414
513.596000000000414
513.746000000000415
513.889000000000415
514.039000000000415
514.183000000000415
514.338000000000415
514.483000000000415
514.630000000000415
514.777000000000416
514.920000000000416
515.065000000000416
515.221000000000416
515.374000000000416
515.513000000000416
515.669000000000416
515.836000000000416
515.985000000000417
516.130000000000417
516.283000000000417
518.974000000000419
519.098000000000419
519.222000000000419
519.35700000000042
519.50000000000042
519.63600000000042
519.77800000000042
519.92000000000042
520.06100000000042
520.20700000000042
520.35100000000042
520.489000000000421
520.642000000000421
651.084000000000537
651.346000000000537
651.469000000000537
651.595000000000537
651.720000000000537
651.857000000000537
652.001000000000537
652.352000000000538
652.470000000000538
654.058000000000539
656.799000000000542
656.923000000000542
657.047000000000542
657.174000000000542
657.307000000000542
657.443000000000542
657.579000000000542
657.718000000000542
661.797000000000546
661.913000000000546
662.040000000000546
662.170000000000546
662.307000000000547
662.438000000000547
662.579000000000547
662.714000000000547
662.846000000000547
662.988000000000547
663.129000000000547
663.266000000000547
663.420000000000548
663.576000000000548
663.717000000000548
663.852000000000548
663.993000000000548
664.139000000000548
664.279000000000548
664.856000000000549
664.957000000000549
665.100000000000549
665.243000000000549
665.369000000000549
665.513000000000549
665.66500000000055
665.81000000000055
665.95400000000055
666.09300000000055
666.22800000000055
666.37400000000055
666.52700000000055
666.67100000000055
666.819000000000551
666.970000000000551
667.121000000000551
667.278000000000551
667.430000000000551
667.592000000000551
667.733000000000551
667.886000000000552
668.042000000000552
668.188000000000552
668.365000000000552
668.516000000000552
668.657000000000552
668.830000000000552
668.990000000000552
669.140000000000553
669.291000000000553
669.456000000000553
669.603000000000553
669.755000000000553
669.902000000000553
670.049000000000553
670.211000000000554
670.355000000000554
670.500000000000554
670.650000000000554
670.796000000000554
670.965000000000554
671.112000000000554
671.256000000000554
671.407000000000555
671.564000000000555
671.734000000000555
671.882000000000555
672.026000000000555
672.177000000000555
672.343000000000556
672.487000000000556
672.648000000000556
672.800000000000556
672.946000000000556
673.097000000000556
673.244000000000556
673.384000000000556
673.529000000000557
673.665000000000557
673.805000000000557
675.300000000000558
675.445000000000558
675.582000000000558
675.726000000000558
675.865000000000559
676.035000000000559
676.170000000000559
676.321000000000559
676.470000000000559
676.619000000000559
676.788000000000559
676.93800000000056
677.07700000000056
677.22800000000056
677.37300000000056
677.52600000000056
677.68300000000056
683.875000000000566
684.002000000000566
684.133000000000566
684.267000000000566
684.410000000000566
684.545000000000566
684.686000000000566
908.372000000000765
908.567000000000765
908.697000000000765
908.829000000000766
908.960000000000766
909.090000000000766
909.234000000000766
909.367000000000766
909.502000000000766
909.630000000000766
909.769000000000766
909.905000000000766
910.042000000000767
910.190000000000767
910.329000000000767
911.255000000000768
911.381000000000768
911.506000000000768
911.648000000000768
911.785000000000768
911.920000000000768
912.064000000000768
912.199000000000768
912.353000000000769
912.491000000000769
912.619000000000769
912.780000000000769
912.924000000000769
913.080000000000769
913.253000000000769
913.40100000000077
913.54100000000077
913.69400000000077
913.83900000000077
913.98600000000077
914.15100000000077
914.29400000000077
914.42800000000077
914.589000000000771
914.729000000000771
914.889000000000771
915.031000000000771
915.191000000000771
915.349000000000771
915.508000000000771
915.657000000000772
915.797000000000772
915.952000000000772
916.104000000000772
916.252000000000772
916.410000000000772
916.558000000000772
916.691000000000772
916.855000000000773
916.997000000000773
917.136000000000773
917.292000000000773
917.461000000000773
917.632000000000773
917.794000000000773
917.935000000000774
918.085000000000774
918.221000000000774
918.382000000000774
918.542000000000774
918.725000000000774
918.865000000000774
919.013000000000775
919.154000000000775
919.303000000000775
919.454000000000775
919.613000000000775
919.774000000000775
919.915000000000775
920.069000000000775
920.222000000000776
920.387000000000776
920.531000000000776
920.671000000000776
920.820000000000776
920.964000000000776
921.116000000000776
921.264000000000777
921.414000000000777
921.576000000000777
922.274000000000777
922.406000000000778
922.554000000000778
922.717000000000778
922.882000000000778
923.028000000000778
923.174000000000778
923.362000000000778
923.509000000000779
923.653000000000779
923.794000000000779
923.939000000000779
924.089000000000779
924.225000000000779
924.399000000000779
924.54000000000078
924.69900000000078
924.85600000000078
925.01500000000078
925.16400000000078
925.44100000000078
925.58000000000078
925.73500000000078
925.899000000000781
926.051000000000781
926.205000000000781
926.361000000000781
926.532000000000781
926.672000000000781
926.816000000000782
926.968000000000782
927.112000000000782
927.260000000000782
927.413000000000782
927.567000000000782
928.110000000000783
928.267000000000783
928.408000000000783
928.556000000000783
928.711000000000783
928.864000000000783
929.008000000000783
929.160000000000784
929.308000000000784
929.463000000000784
929.607000000000784
929.751000000000784
929.896000000000784
930.051000000000784
930.208000000000784
930.381000000000785
930.535000000000785
930.682000000000785
930.832000000000785
930.987000000000785
931.137000000000785
931.287000000000785
931.439000000000786
931.590000000000786
931.751000000000786
931.887000000000786
932.037000000000786
932.185000000000786
932.339000000000786
932.492000000000787
932.647000000000787
932.809000000000787
932.956000000000787
933.105000000000787
933.254000000000787
933.401000000000787
933.560000000000787
933.718000000000788
933.872000000000788
934.033000000000788
934.165000000000788
934.314000000000788
934.467000000000788
934.616000000000788
934.761000000000789
934.905000000000789
935.067000000000789
935.205000000000789
935.355000000000789
935.502000000000789
935.653000000000789
935.80300000000079
935.94800000000079
936.10600000000079
936.27900000000079
936.42600000000079
936.56700000000079
936.72100000000079
936.86000000000079
937.005000000000791
937.163000000000791
937.325000000000791
937.472000000000791
937.614000000000791
937.761000000000791
937.913000000000791
938.065000000000792
938.206000000000792
938.362000000000792
938.482000000000792
938.612000000000792
938.760000000000792
938.915000000000792
939.065000000000792
939.200000000000792
939.323000000000793
939.480000000000793
939.643000000000793
939.793000000000793
939.937000000000793
940.087000000000793
940.235000000000793
940.384000000000794
940.546000000000794
940.687000000000794
940.832000000000794
940.972000000000794
941.119000000000794
941.258000000000794
941.414000000000794
941.565000000000795
941.715000000000795
941.875000000000795
942.027000000000795
942.180000000000795
942.328000000000795
942.490000000000795
942.652000000000796
942.822000000000796
942.967000000000796
943.131000000000796
943.287000000000796
944.173000000000797
944.301000000000797
944.447000000000797
944.585000000000797
944.731000000000797
944.865000000000798
945.010000000000798
945.160000000000798
945.366000000000798
945.488000000000798
945.627000000000798
945.778000000000798
945.921000000000798
946.061000000000799
946.208000000000799
946.358000000000799
949.021000000000801
949.151000000000801
949.278000000000801
949.420000000000802
949.570000000000802
949.714000000000802
949.863000000000802
950.011000000000802
950.160000000000802
950.309000000000802
950.465000000000803
950.623000000000803
950.774000000000803
950.920000000000803
951.090000000000803
951.239000000000803
951.380000000000803
951.541000000000803
952.305000000000804
952.437000000000804
952.583000000000804
952.730000000000804
952.880000000000805
953.021000000000805
953.169000000000805
953.318000000000805
953.461000000000805
953.609000000000805
953.764000000000805
953.914000000000806
954.051000000000806
954.197000000000806
954.348000000000806
954.494000000000806
954.661000000000806
954.804000000000806
954.948000000000806
955.089000000000807
955.658000000000807
955.809000000000807
955.984000000000807
956.132000000000808
956.279000000000808
957.090000000000808
957.223000000000808
957.368000000000809
957.516000000000809
957.661000000000809
957.809000000000809
957.961000000000809
958.106000000000809
958.256000000000809
958.40400000000081
958.55200000000081
958.70800000000081
958.85300000000081
959.00100000000081
959.14800000000081
959.29300000000081
959.43500000000081
959.605000000000811
960.060000000000811
960.200000000000811
960.346000000000811
960.499000000000811
961.872000000000813
962.008000000000813
962.161000000000813
962.306000000000813
962.469000000000813
962.624000000000813
962.785000000000813
962.934000000000814
963.095000000000814
963.248000000000814
963.407000000000814
963.585000000000814
963.749000000000814
963.908000000000814
964.070000000000815
964.235000000000815
964.402000000000815
964.580000000000815
967.061000000000817
967.195000000000817
968.058000000000818
968.199000000000818
968.365000000000818
968.538000000000819
968.692000000000819
968.857000000000819
969.011000000000819
969.158000000000819
969.316000000000819
969.458000000000819
969.59700000000082
969.73400000000082
969.87600000000082
970.01300000000082
970.15800000000082
970.30000000000082
970.44000000000082
970.59100000000082
970.73500000000082
972.221000000000822
972.373000000000822
972.516000000000822
972.664000000000822
972.812000000000822
972.965000000000822
973.113000000000823
973.261000000000823
973.411000000000823
973.567000000000823
973.720000000000823
973.872000000000823
974.014000000000823
974.180000000000824
974.330000000000824
974.469000000000824
974.614000000000824
974.759000000000824
974.909000000000824
975.061000000000824
978.054000000000827
978.240000000000827
978.365000000000827
978.489000000000827
978.626000000000828
978.766000000000828
978.910000000000828
979.053000000000828
979.193000000000828
979.336000000000828
979.491000000000828
979.632000000000828
979.773000000000828
979.914000000000829
980.054000000000829
980.196000000000829
980.335000000000829
980.475000000000829
980.616000000000829
980.765000000000829
980.91100000000083
981.07500000000083
981.22200000000083
981.37000000000083
981.51800000000083
981.66900000000083
981.81700000000083
981.98500000000083
982.131000000000831
982.284000000000831
982.440000000000831
982.598000000000831
982.753000000000831
982.904000000000831
983.061000000000832
983.208000000000832
983.374000000000832
983.521000000000832
983.669000000000832
983.820000000000832
983.969000000000832
984.120000000000832
984.266000000000832
984.412000000000833
984.564000000000833
984.732000000000833
984.873000000000833
985.019000000000833
985.171000000000833
985.322000000000833
985.479000000000834
985.636000000000834
985.794000000000834
985.947000000000834
986.121000000000834
986.261000000000834
986.399000000000834
986.551000000000835
986.702000000000835
986.847000000000835
987.033000000000835
987.478000000000835
987.616000000000836
987.763000000000836
987.917000000000836
988.073000000000836
1525.00200000000131
1525.13400000000131
1525.27700000000131
1525.41500000000131
1525.55600000000131
1525.69100000000131
1525.83600000000131
1525.97800000000131
1526.12800000000131
1526.25700000000131
1526.40600000000131
1526.54000000000131
1526.68800000000131
1526.81900000000131
1526.96700000000131
1527.11200000000131
1527.24000000000131
1527.38900000000131
1527.52600000000132
1527.69100000000132
1527.81600000000132
1527.96900000000132
1528.10700000000132
1528.24200000000132
1528.38700000000132
1528.54100000000132
1528.66800000000132
1528.82700000000132
1528.97100000000132
1529.11400000000132
1529.26400000000132
1529.42500000000132
1529.56000000000132
1529.70200000000132
1529.84100000000132
1529.99100000000132
1530.12900000000132
1530.28500000000132
1530.45300000000132
1530.58500000000132
1530.73000000000132
1530.88300000000132
1531.03100000000132
1531.19900000000132
1531.33700000000132
1531.47300000000132
1531.61700000000132
1531.75600000000132
1531.90500000000132
1532.05000000000132
1532.21000000000132
1532.35800000000132
1532.49800000000132
1532.64000000000132
1532.77700000000132
1532.92600000000132
1533.09900000000132
1533.98700000000132
1534.12500000000132
1534.26700000000132
1534.41400000000132
1534.56300000000132
1534.70500000000132
1534.87000000000132
1535.01300000000132
1535.15900000000132
1535.29800000000132
1535.45200000000132
1535.59600000000132
1535.76700000000132
1535.89400000000132
1536.04000000000132
1536.18600000000132
1536.33600000000132
1536.48300000000132
1536.63200000000132
1536.77600000000132
1536.93000000000132
1537.08100000000132
1537.22600000000132
1537.37500000000132
1537.51700000000132
1537.67200000000132
1539.28600000000133
1539.42000000000133
1539.56000000000133
1539.70100000000133
1539.84300000000133
1539.99000000000133
1540.12900000000133
1540.30000000000133
1540.43400000000133
1540.58000000000133
1540.72600000000133
1540.86900000000133
1541.01400000000133
1541.16600000000133
1541.31200000000133
1541.46600000000133
1541.61400000000133
1541.77800000000133
1541.92600000000133
1542.07200000000133
1542.21300000000133
1542.37200000000133
1542.52900000000133
1542.67400000000133
1542.85300000000133
1542.98900000000133
1543.15000000000133
1543.30000000000133
1543.44700000000133
1543.59800000000133
1543.75300000000133
1543.90900000000133
1544.08600000000133
1544.22800000000133
1544.38000000000133
1544.52900000000133
1544.67800000000133
1544.82300000000133
1544.97000000000133
1545.14000000000133
1545.30400000000133
1545.45500000000133
1545.59800000000133
1545.74700000000133
1545.89200000000133
1546.04800000000133
1546.21300000000133
1546.36600000000133
1546.51000000000133
1546.66600000000133
1546.82500000000133
1546.97200000000133
1547.12500000000133
1547.27600000000133
1547.43200000000133
1547.60300000000133
1547.73600000000133
1547.89300000000133
1548.04000000000133
1548.18900000000133
1548.33600000000133
1548.49200000000133
1548.65800000000133
1548.80000000000133
1548.95700000000133
1549.11600000000133
1549.26900000000133
1549.42700000000133
1549.59500000000133
1549.75100000000133
1549.88700000000133
1550.03800000000134
1550.19200000000134
1550.34000000000134
1550.48700000000134
1550.66400000000134
1550.80600000000134
1550.94600000000134
1551.10700000000134
1551.25800000000134
1551.40900000000134
1551.55400000000134
1552.35500000000134
1552.50700000000134
1552.65600000000134
1552.80700000000134
1552.95800000000134
1553.10300000000134
1553.26100000000134
1553.40300000000134
1553.54300000000134
1553.68500000000134
1553.83500000000134
1553.98500000000134
1554.12700000000134
1554.27700000000134
1554.41800000000134
1554.58300000000134
1554.71900000000134
1554.87700000000134
1555.02700000000134
1558.15400000000134
1558.28200000000134
1558.41800000000134
1558.57200000000134
1558.72400000000134
1558.86700000000134
1559.01500000000134
1559.15500000000134
1559.30700000000134
1559.45200000000134
1559.60300000000134
1559.74900000000134
1559.91200000000134
1560.05000000000134
1560.19600000000134
1560.35100000000134
1560.50000000000134
1560.64900000000134
1560.79700000000134
1560.94200000000134
1561.09000000000134
1561.25800000000134
1561.40600000000134
1561.54700000000135
1561.70300000000135
1561.84600000000135
1561.99800000000135
1562.13800000000135
1562.28100000000135
1562.42800000000135
1562.58200000000135
1562.75300000000135
1562.90700000000135
1563.04600000000135
1563.19700000000135
1563.34200000000135
1563.49100000000135
1563.65300000000135
1563.79600000000135
1563.94200000000135
1564.09700000000135
1564.23200000000135
1564.37100000000135
1564.51500000000135
1564.65900000000135
1564.80500000000135
1564.95900000000135
1565.10100000000135
1565.27200000000135
1565.40400000000135
1565.54200000000135
1565.69100000000135
1565.83400000000135
1565.97800000000135
1566.12100000000135
1566.26300000000135
1566.40700000000135
1566.56600000000135
1566.71000000000135
1566.86000000000135
1578.86700000000136
1579.00100000000136
1579.13500000000136
1579.28100000000136
1579.41000000000136
1579.54900000000136
1579.69900000000136
1579.83000000000136
1579.97100000000136
1580.11600000000136
1580.25700000000136
1580.39900000000136
1580.54500000000136
1580.70400000000136
1580.86500000000136
1581.00900000000136
1581.28900000000136
1581.42900000000136
1581.58300000000136
1582.02500000000136
1582.15600000000136
1582.29100000000136
1582.43400000000136
1582.57400000000136
1582.71400000000136
1694.72900000000146
1694.96100000000146
1695.09900000000146
1695.25100000000146
1695.39700000000146
1695.68600000000146
1697.69400000000147
1697.81700000000147
1697.94000000000147
1698.07500000000147
1698.20800000000147
1698.33400000000147
1698.47500000000147
1698.61000000000147
1698.74500000000147
1698.88200000000147
1699.02200000000147
1699.16400000000147
1699.30900000000147
1699.45300000000147
1699.58900000000147
1699.72900000000147
1699.87900000000147
1700.02100000000147
1700.16400000000147
1700.32500000000147
1700.47400000000147
1700.60600000000147
1700.75100000000147
1700.90100000000147
2352.59499999996823
2353.02099999996818
2353.14999999996817
2353.27899999996816
2353.42299999996814
2353.54399999996813
2353.68599999996811
2353.8189999999681
2353.95599999996808
2354.09699999996807
2354.23299999996805
2354.36999999996804
2354.50699999996802
2354.657999999968
2354.80099999996799
2354.94499999996797
2355.09199999996796
2355.23299999996794
2355.37999999996792
2355.51199999996791
2355.66399999996789
2355.77999999996788
2355.92299999996786
2356.04899999996785
2356.21199999996783
2356.34199999996782
2356.4889999999678
2356.64399999996778
2356.78399999996777
2356.92699999996775
2357.06499999996774
2357.22399999996772
2357.35399999996771
2357.50099999996769
2357.63699999996768
2357.78699999996766
2357.93399999996764
2358.09799999996762
2358.24299999996761
2358.38299999996759
2358.53699999996758
2358.68199999996756
2358.82499999996754
2358.99499999996753
2359.12399999996751
2359.2709999999675
2359.41499999996748
2359.56199999996746
2359.70499999996745
2359.87299999996743
2360.00999999996741
2360.1449999999674
2360.28899999996738
2360.43699999996737
2360.58299999996735
2360.72999999996734
2360.87999999996732
2361.0169999999673
2361.17799999996729
2361.32499999996727
2361.47599999996725
2361.61999999996724
2361.76299999996722
2361.9279999999672
2362.05899999996719
2362.20999999996717
2362.35499999996716
2362.50999999996714
2362.65399999996712
2362.8189999999671
2362.95799999996709
2363.10699999996707
2363.25399999996706
2363.42399999996704
2363.57899999996702
2363.745999999967
2363.89399999996699
2364.02899999996697
2364.18299999996695
2364.32599999996694
2364.48199999996692
2364.62799999996691
2364.78799999996689
2364.92599999996687
2365.06399999996686
2365.20799999996684
2365.36299999996682
2365.50899999996681
2365.65699999996679
2365.80499999996678
2365.97399999996676
2366.10699999996674
2366.24499999996673
2366.38099999996671
2366.5299999999667
2366.66799999996668
2366.83399999996666
2366.97499999996665
2367.10699999996663
2367.26499999996662
2367.4169999999666
2367.56899999996658
2367.72099999996656
2367.87699999996655
2368.00799999996653
2368.14699999996652
2368.2959999999665
2368.44399999996649
2368.59099999996647
2368.73699999996645
2368.90099999996644
2369.04299999996642
2369.1859999999664
2369.32999999996639
2369.46799999996637
2369.62699999996636
2369.77299999996634
2369.94299999996632
2370.08199999996631
2370.22799999996629
2370.37599999996627
2370.52099999996626
2370.67999999996624
2370.83299999996622
2370.9979999999662
2371.13699999996619
2371.27599999996617
2371.43099999996616
2371.58999999996614
2371.74599999996612
2371.88899999996611
2372.04999999996609
2372.21099999996607
2372.35799999996605
2372.50599999996604
2372.66299999996602
2372.821999999966
2372.97399999996599
2373.11499999996597
2373.25999999996596
2373.42699999996594
2373.57799999996592
2373.7179999999659
2373.86499999996589
2374.01199999996587
2374.15699999996586
2374.30099999996584
2374.45999999996582
2374.6289999999658
2374.76899999996579
2374.92099999996577
2375.06799999996576
2375.21899999996574
2375.36999999996572
2375.5459999999657
2375.70099999996569
2375.84299999996567
2375.98699999996565
2376.14199999996564
2376.29599999996562
2376.4539999999656
2376.61699999996559
2376.80099999996556
2376.93899999996555
2377.08399999996553
2377.24599999996552
2377.4049999999655
2377.55699999996548
2377.71299999996546
2377.86699999996545
2378.01799999996543
2378.18499999996541
2378.3359999999654
2378.47799999996538
2378.62499999996536
2379.61799999996525
2379.75799999996524
2379.90799999996522
2380.05099999996521
2380.19699999996519
2380.57299999996515
2380.70999999996513
2380.84699999996512
2380.9999999999651
2381.15199999996509
2381.30099999996507
2381.46099999996505
2381.62699999996503
2381.77899999996502
2381.921999999965
2382.07099999996498
2382.22099999996497
2382.37199999996495
2382.52299999996493
2382.66799999996492
2382.8219999999649
2382.98199999996488
2383.13099999996487
2383.27499999996485
2383.42799999996484
2383.58599999996482
2383.7329999999648
2383.88499999996478
2384.03699999996477
2384.18999999996475
2384.35199999996473
2384.49099999996472
2384.6349999999647
2384.79899999996468
2384.95599999996467
2385.10999999996465
2385.26199999996463
2385.41799999996462
2385.5879999999646
2385.73899999996458
2385.87699999996457
2386.03899999996455
2386.18899999996453
2386.34299999996451
2386.4969999999645
2386.64399999996448
2386.79899999996446
2386.97299999996444
2387.12199999996443
2387.27199999996441
2387.4229999999644
2387.57799999996438
2387.73199999996436
2387.88499999996434
2388.03899999996433
2388.19799999996431
2388.36699999996429
2388.51399999996428
2388.67099999996426
2388.82899999996424
2388.98299999996422
2389.13499999996421
2389.29399999996419
2389.45299999996417
2389.60099999996416
2389.76699999996414
2389.91799999996412
2390.0719999999641
2390.21599999996409
2390.37399999996407
2390.52299999996405
2390.67699999996404
2390.83099999996402
2391.006999999964
2391.15899999996398
2391.30399999996397
2391.45199999996395
2391.60199999996393
2391.75999999996392
2391.9059999999639
2392.05699999996388
2392.21999999996387
2392.37699999996385
2392.52499999996383
2392.68699999996382
2392.8539999999638
2393.01099999996378
2393.17399999996376
2393.33999999996374
2393.49799999996373
2393.67699999996371
2393.83799999996369
2393.98599999996367
2394.13999999996366
2394.30299999996364
2394.45399999996362
2394.6119999999636
2394.78599999996358
2394.93999999996357
2395.09099999996355
2396.93999999996335
2397.06999999996333
2397.21299999996332
2397.3599999999633
2397.50299999996328
2397.65399999996327
2397.79799999996325
2397.94699999996324
2398.08699999996322
2398.22899999996321
2398.37599999996319
2398.51699999996317
2398.66299999996316
2398.81499999996314
2398.97999999996312
2399.12599999996311
2399.27299999996309
2399.42099999996307
2399.56499999996306
2399.72499999996304
2399.89099999996302
2400.053999999963
2400.20999999996299
2400.38099999996297
2400.54099999996295
2400.69399999996293
2400.84899999996292
2401.0009999999629
2401.15899999996288
2401.31499999996287
2401.47299999996285
2401.63299999996283
2401.80199999996281
2401.95399999996279
2402.09899999996278
2402.24699999996276
2402.40599999996275
2402.56199999996273
2402.71399999996271
2402.88299999996269
2403.04499999996267
2403.19999999996266
2403.35399999996264
2403.51099999996262
2403.66599999996261
2403.81799999996259
2403.96599999996257
2404.13999999996255
2404.29799999996254
2404.44799999996252
2404.6019999999625
2404.75599999996249
2404.91799999996247
2405.06499999996245
2405.22999999996243
2405.39099999996242
2405.5469999999624
2405.71799999996238
2405.87699999996236
2406.03699999996235
2406.19499999996233
2406.35699999996231
2406.52399999996229
2406.70099999996227
2406.85299999996226
2407.50699999996218
2407.64199999996217
2407.79799999996215
2407.95099999996213
2408.09899999996212
2408.2419999999621
2408.38499999996209
2408.54299999996207
2408.68599999996205
2408.82899999996204
2408.97799999996202
2409.138999999962
2409.29399999996199
2409.43699999996197
2409.59999999996195
2409.76799999996193
2409.91999999996192
2410.0799999999619
2410.23199999996188
2410.38799999996187
2410.54499999996185
2410.70399999996183
2410.85699999996181
2411.0129999999618
2411.17499999996178
2411.32799999996176
2411.47599999996175
2411.62699999996173
2411.77299999996171
2411.9359999999617
2412.09699999996168
2412.25299999996166
2412.41199999996164
2412.57999999996162
2412.73699999996161
2412.88999999996159
2413.04899999996157
2413.20699999996156
2413.36699999996154
2413.52499999996152
2413.6809999999615
2413.83799999996149
2414.01299999996147
2414.16399999996145
2414.32299999996143
2414.48399999996141
2414.6369999999614
2414.79499999996138
2414.94599999996136
2415.11199999996135
2415.28499999996133
2415.43699999996131
2415.58399999996129
2415.74099999996128
2415.89799999996126
2416.04799999996124
2416.20199999996123
2416.36799999996121
2416.52199999996119
2416.69099999996117
2416.84699999996115
2416.99399999996114
2417.14299999996112
2417.2979999999611
2417.46499999996109
2417.62199999996107
2417.79799999996105
2417.94799999996103
2418.09899999996102
2418.263999999961
2418.42899999996098
2418.59799999996096
2418.76599999996094
2418.93199999996092
2419.09799999996091
2419.27799999996089
2419.42199999996087
2419.56499999996086
2420.32599999996077
2420.47499999996076
2420.62599999996074
2420.78099999996072
2420.9389999999607
2421.09099999996069
2421.24599999996067
2421.39799999996065
2421.54899999996064
2421.71699999996062
2421.8649999999606
2422.01899999996058
2422.16199999996057
2422.31699999996055
2422.47099999996054
2422.62499999996052
2422.7889999999605
2422.96599999996048
2423.12099999996046
2423.27899999996045
2423.43199999996043
2423.59399999996041
2423.75299999996039
2423.91099999996038
2424.08199999996036
2424.24599999996034
2424.42699999996032
2424.5759999999603
2424.73499999996029
2424.88899999996027
2425.04399999996025
2425.21399999996023
2425.36699999996022
2425.5259999999602
2425.69399999996018
2425.87699999996016
2426.04799999996014
2426.20699999996012
2426.81399999996006
2426.96199999996004
2427.11699999996002
2427.28799999996
2427.43699999995999
2427.59399999995997
2427.74799999995995
2427.91199999995994
2428.07899999995992
2428.2459999999599
2428.40199999995988
2428.56299999995986
2428.73799999995984
2428.89899999995983
2429.05399999995981
2429.21299999995979
2429.37299999995978
2429.52799999995976
2429.69299999995974
2429.85199999995972
2430.0289999999597
2430.17499999995969
2430.32099999995967
2430.48899999995965
2430.64499999995964
2430.80099999995962
2430.9609999999596
2431.11899999995958
2431.27799999995957
2431.45799999995955
2431.61899999995953
2431.76999999995951
2431.93099999995949
2432.09399999995948
2432.25499999995946
2432.40899999995944
2432.57899999995942
2432.7759999999594
2432.92199999995938
2433.07599999995937
2433.24299999995935
2433.40499999995933
2433.56299999995931
2433.7169999999593
2433.87099999995928
2434.03299999995926
2434.20899999995924
2434.36099999995923
2434.52499999995921
2434.68699999995919
2434.84699999995917
2435.00599999995915
2435.15399999995914
2435.31599999995912
2435.4799999999591
2435.63999999995908
2435.81299999995907
2435.96399999995905
2436.11799999995903
2436.27299999995902
2436.428999999959
2436.58899999995898
2436.74499999995896
2436.90499999995895
2437.06599999995893
2437.24299999995891
2437.38899999995889
2437.53599999995888
2437.69399999995886
2437.86499999995884
2438.03099999995882
2438.1859999999588
2438.35199999995879
2438.51199999995877
2438.69099999995875
2438.83599999995873
2438.98499999995872
2440.53099999995855
2440.66499999995853
2440.81099999995852
2440.9589999999585
2441.10899999995848
2441.26099999995847
2441.41299999995845
2441.57499999995843
2441.73199999995841
2441.8819999999584
2442.03599999995838
2442.19199999995836
2442.34399999995835
2442.49999999995833
2442.65999999995831
2442.81899999995829
2442.98499999995828
2443.14099999995826
2443.29699999995824
2443.45499999995822
2443.61899999995821
2443.77899999995819
2443.94299999995817
2444.10899999995815
2444.29599999995813
2444.44199999995812
2444.6109999999581
2444.77899999995808
2444.95299999995806
2445.12699999995804
2445.30099999995802
2445.515999999958
2446.10599999995793
2446.25199999995792
2446.4019999999579
2446.55599999995788
2446.71299999995787
2446.87299999995785
2447.03199999995783
2447.21099999995781
2447.37699999995779
2447.52499999995778
2448.1749999999577
2448.31599999995769
2448.46999999995767
2448.62299999995766
2448.78199999995764
2448.94299999995762
2449.1069999999576
2449.26899999995758
2449.43299999995757
2449.59199999995755
2449.76199999995753
2449.92199999995751
2450.07699999995749
2450.22599999995748
2450.38999999995746
2450.55299999995744
2450.72399999995742
2450.88099999995741
2451.04499999995739
2451.21999999995737
2451.37899999995735
2451.53899999995733
2451.70399999995732
2451.8699999999573
2452.03399999995728
2452.19599999995726
2452.35599999995724
2452.51699999995723
2452.69899999995721
2452.85799999995719
2453.03099999995717
2453.19799999995715
2453.35999999995713
2453.51699999995712
2453.6829999999571
2453.84699999995708
2454.00199999995706
2454.78299999995698
2454.90599999995696
2455.06299999995695
2455.21199999995693
2455.36499999995691
2456.52899999995678
2456.67999999995677
2456.82799999995675
2456.98299999995673
2457.14399999995672
2457.2939999999567
2457.44199999995668
2457.59199999995667
2457.74599999995665
2457.90299999995663
2458.74299999995654
2458.88399999995652
2459.02999999995651
2459.18999999995649
2459.35399999995647
2459.51099999995646
2459.66999999995644
2461.73599999995621
2461.89299999995619
2462.04099999995618
2462.23499999995616
2462.43699999995613
2462.59999999995612
2462.7859999999561
2462.98999999995607
2463.41899999995603
2463.55999999995601
2463.70699999995599
2463.86099999995598
2464.01299999995596
2464.16499999995594
2464.32399999995593
2464.47899999995591
2464.64899999995589
2465.27199999995582
2465.41699999995581
2465.56899999995579
2465.72299999995577
2465.87799999995575
2466.03499999995574
2466.18899999995572
2466.3439999999557
2466.51099999995568
2466.66699999995567
2466.82299999995565
2466.98199999995563
2467.14399999995562
2467.3059999999556
2467.46299999995558
2467.61799999995556
2467.78099999995555
2467.95099999995553
2468.10499999995551
2468.25999999995549
2468.80699999995543
2468.94199999995542
2469.0949999999554
2469.25599999995538
2469.41499999995537
2470.10199999995529
2470.23899999995527
2470.37999999995526
2470.52299999995524
2470.67299999995523
2470.81799999995521
2470.96999999995519
2471.11999999995518
2471.28399999995516
2471.43399999995514
2471.58199999995513
2480.26599999995417
2480.38299999995416
2480.51399999995414
2480.65599999995413
2480.79699999995411
2480.9469999999541
2487.83999999995334
2487.96499999995332
2488.09799999995331
2488.23899999995329
2488.38299999995328
2488.52899999995326
2488.67399999995324
2488.81999999995323
2488.97099999995321
2489.12299999995319
2489.28299999995318
3222.44499999987243
3222.57199999987242
3222.7079999998724
3338.66199999985963
3338.80799999985962
3338.9389999998596
3339.07499999985959
3339.20299999985957
3339.34499999985956
3339.47599999985954
3339.61899999985953
3339.75499999985951
3339.8899999998595
3340.03299999985948
3340.18099999985946
3340.31599999985945
3340.45699999985943
3340.60299999985942
3340.7449999998594
3340.89799999985938
3341.03299999985937
3341.17199999985936
3341.30799999985934
3341.45099999985932
3341.59799999985931
3341.73899999985929
3341.89399999985928
3342.02899999985926
3342.17299999985924
3342.30899999985923
3342.45799999985921
3342.6129999998592
3342.75099999985918
3342.88999999985917
3343.03499999985915
3343.18399999985913
3343.34199999985912
3343.4929999998591
3343.63099999985908
3343.78599999985907
3343.93999999985905
3344.08399999985903
3344.23499999985902
3344.389999999859
3344.53799999985898
3344.68099999985897
3344.83699999985895
3344.99899999985893
3345.14499999985892
3345.3099999998589
3345.45199999985888
3345.60099999985887
3345.74799999985885
3345.89699999985883
3346.05199999985882
3346.2149999998588
3346.38599999985878
3346.53099999985876
3346.68199999985875
3346.81799999985873
3346.98499999985871
3347.1319999998587
3347.28799999985868
3347.45499999985866
3347.60599999985865
3347.74299999985863
3347.89999999985861
3348.0609999998586
3348.21499999985858
3348.37199999985856
3348.54599999985854
3348.69499999985853
3348.84999999985851
3349.00299999985849
3349.15699999985848
3349.31999999985846
3349.46799999985844
3349.62599999985842
3349.7989999998584
3349.95299999985839
3350.09299999985837
3350.24899999985836
3350.40599999985834
3350.55999999985832
3350.7239999998583
3350.89099999985828
3351.06299999985827
3351.22299999985825
3351.36899999985823
3351.51899999985822
3351.6719999998582
3351.82499999985818
3352.00099999985816
3352.14699999985815
3352.29099999985813
3352.43599999985811
3352.5829999998581
3352.74499999985808
3352.90299999985806
3353.05399999985805
3353.20899999985803
3353.36399999985801
3353.515999999858
3353.67099999985798
3353.82499999985796
3353.99599999985794
3354.14799999985793
3354.29399999985791
3354.45299999985789
3354.61099999985787
3354.75899999985786
3354.91299999985784
3355.06899999985782
3355.23899999985781
3355.38299999985779
3355.53099999985777
3355.68499999985776
3355.83599999985774
3355.98199999985772
3356.13399999985771
3356.30299999985769
3356.45699999985767
3356.60299999985766
3356.76799999985764
3356.93099999985762
3357.0939999998576
3357.25699999985758
3357.41099999985757
3357.57199999985755
3357.71399999985753
3357.85699999985752
3358.73399999985742
3358.8789999998574
3359.02699999985739
3359.18399999985737
3359.33699999985735
3359.48599999985734
3359.62899999985732
3359.77799999985731
3359.94099999985729
3360.08499999985727
3360.23099999985726
3360.50999999985722
3360.63599999985721
3360.7709999998572
3360.92999999985718
3361.07099999985716
3361.23699999985714
3361.37899999985713
3361.52799999985711
3361.6819999998571
3361.83999999985708
3361.99899999985706
3362.15299999985704
3362.29899999985703
3362.46399999985701
3362.61099999985699
3362.76799999985698
3362.91499999985696
3363.07699999985694
3363.22499999985693
3363.38599999985691
3363.54099999985689
3363.70299999985687
3363.85099999985686
3363.99999999985684
3364.15999999985682
3364.32199999985681
3364.47199999985679
3364.62999999985677
3364.78599999985675
3364.96399999985673
3365.10999999985672
3365.2559999998567
3365.39999999985669
3365.55299999985667
3365.70599999985665
3365.87599999985663
3366.03399999985662
3366.1859999998566
3366.35899999985658
3366.50299999985656
3366.65599999985655
3366.80499999985653
3366.96299999985651
3367.1089999998565
3367.25399999985648
3367.40999999985646
3367.57799999985645
3367.72999999985643
3367.87399999985641
3368.0199999998564
3368.18299999985638
3368.33499999985636
3368.49199999985635
3368.64199999985633
3368.81199999985631
3368.9569999998563
3369.11399999985628
3369.26899999985626
3369.42299999985624
3369.57199999985623
3369.72999999985621
3369.89599999985619
3370.05799999985617
3370.22499999985616
3370.37099999985614
3370.53499999985612
3370.80899999985609
3370.95599999985607
3371.10599999985606
3371.27499999985604
3371.44699999985602
3371.621999999856
3371.77599999985598
3371.93899999985597
3372.10099999985595
3372.25999999985593
3372.41399999985591
3372.5739999998559
3372.72799999985588
3372.88699999985586
3373.05899999985584
3373.20599999985583
3373.35799999985581
3373.51399999985579
3373.66499999985578
3373.81499999985576
3373.96099999985574
3374.11499999985573
3374.29499999985571
3374.44299999985569
3374.60299999985567
3374.77199999985565
3374.92799999985564
3375.08899999985562
3375.2559999998556
3375.42199999985558
3375.58899999985556
3375.74699999985555
3375.91099999985553
3376.06399999985551
3376.2169999998555
3376.37899999985548
3376.53699999985546
3376.68899999985544
3376.84799999985543
3377.01099999985541
3377.15799999985539
3377.30499999985538
3377.47099999985536
3377.62299999985534
3377.78199999985532
3377.93699999985531
3378.09699999985529
3378.27599999985527
3378.42099999985525
3378.57399999985524
3378.72799999985522
3378.8829999998552
3379.03199999985519
3379.18299999985517
3379.34299999985515
3379.49999999985513
3379.67399999985511
3379.8369999998551
3379.99099999985508
3380.41999999985503
3381.98199999985486
3382.10399999985485
3382.25199999985483
3382.40399999985481
3382.5489999998548
3382.70299999985478
3382.84599999985477
3382.98999999985475
3383.13399999985473
3383.28799999985472
3383.4319999998547
3383.58899999985468
3383.74799999985467
3383.89599999985465
3384.05799999985463
3384.21399999985461
3384.3609999998546
3384.51299999985458
3384.66599999985456
3384.81299999985455
3384.97199999985453
3385.13499999985451
3385.2909999998545
3385.45899999985448
3385.61699999985446
3385.76899999985444
3386.30599999985438
3387.0339999998543
3387.16599999985429
3387.30899999985427
3387.45799999985426
3387.60599999985424
3387.75999999985422
3387.91799999985421
3388.07199999985419
3388.22699999985417
3388.38099999985416
3388.53899999985414
3388.68999999985412
3388.8429999998541
3389.01699999985409
3389.16599999985407
-2
48.4030000000000013
49.3560000000000022
50.326000000000003
50.4680000000000032
50.6340000000000033
131.089000000000075
131.225000000000075
131.370000000000075
460.562000000000367
460.829000000000368
460.908000000000368
461.123000000000368
461.234000000000368
461.365000000000368
461.501000000000368
461.632000000000368
461.748000000000368
464.213000000000371
464.347000000000371
464.480000000000371
464.605000000000371
464.740000000000371
464.875000000000371
465.008000000000371
465.135000000000371
466.480000000000373
466.622000000000373
466.768000000000373
466.918000000000373
467.062000000000373
467.203000000000373
467.343000000000373
467.485000000000374
467.628000000000374
469.665000000000376
469.808000000000376
469.955000000000376
470.104000000000376
470.254000000000376
470.403000000000376
470.548000000000376
470.689000000000376
470.828000000000376
470.995000000000377
471.150000000000377
471.298000000000377
472.513000000000378
472.663000000000378
472.808000000000378
472.949000000000378
473.102000000000379
473.258000000000379
473.408000000000379
473.556000000000379
473.714000000000379
473.864000000000379
474.009000000000379
474.17100000000038
474.31600000000038
476.563000000000382
476.709000000000382
476.852000000000382
477.002000000000382
477.148000000000382
477.299000000000382
477.459000000000382
477.624000000000383
477.780000000000383
477.937000000000383
478.089000000000383
478.234000000000383
478.417000000000383
478.580000000000383
478.730000000000384
478.885000000000384
479.640000000000384
479.789000000000384
479.941000000000385
480.105000000000385
480.254000000000385
480.425000000000385
480.575000000000385
480.737000000000385
480.903000000000385
481.054000000000386
481.212000000000386
481.351000000000386
481.531000000000386
481.704000000000386
481.857000000000386
483.372000000000388
483.922000000000388
484.073000000000388
484.239000000000388
484.709000000000389
484.869000000000389
485.018000000000389
485.180000000000389
485.344000000000389
485.50300000000039
485.66600000000039
485.83300000000039
486.00000000000039
486.15300000000039
486.31400000000039
486.47100000000039
486.639000000000391
486.799000000000391
486.956000000000391
487.117000000000391
487.266000000000391
487.424000000000391
487.600000000000391
487.765000000000392
487.921000000000392
488.079000000000392
488.247000000000392
488.400000000000392
488.541000000000392
489.892000000000393
490.037000000000394
490.177000000000394
490.334000000000394
490.490000000000394
490.638000000000394
490.789000000000394
490.945000000000394
491.097000000000394
491.253000000000395
491.410000000000395
491.563000000000395
491.712000000000395
491.867000000000395
492.028000000000395
492.183000000000395
492.341000000000396
492.501000000000396
492.672000000000396
492.839000000000396
493.014000000000396
493.191000000000396
493.373000000000397
493.542000000000397
493.725000000000397
494.947000000000398
495.092000000000398
495.245000000000398
495.404000000000398
495.567000000000398
495.724000000000399
495.893000000000399
496.049000000000399
496.208000000000399
496.375000000000399
496.535000000000399
496.6850000000004
496.8460000000004
497.0060000000004
497.1650000000004
497.3340000000004
497.5040000000004
497.6510000000004
497.8120000000004
497.963000000000401
498.131000000000401
498.288000000000401
498.457000000000401
498.621000000000401
498.795000000000401
498.960000000000402
499.125000000000402
499.284000000000402
499.457000000000402
499.641000000000402
499.749000000000402
499.922000000000402
500.090000000000403
500.260000000000403
500.420000000000403
500.595000000000403
500.766000000000403
500.952000000000403
501.112000000000403
503.232000000000405
503.378000000000405
503.530000000000406
503.684000000000406
503.837000000000406
503.973000000000406
504.137000000000406
504.302000000000406
504.441000000000406
504.580000000000406
506.514000000000408
506.655000000000408
506.803000000000408
506.952000000000409
507.101000000000409
507.246000000000409
507.400000000000409
507.518000000000409
512.082000000000413
512.212000000000413
512.963000000000414
513.092000000000414
513.238000000000414
513.380000000000414
513.522000000000414
513.668000000000415
513.811000000000415
513.960000000000415
514.105000000000415
514.250000000000415
514.406000000000415
514.552000000000415
514.696000000000415
514.838000000000416
514.988000000000416
515.141000000000416
515.294000000000416
515.428000000000416
515.591000000000416
515.747000000000416
515.908000000000416
516.050000000000417
516.197000000000417
516.326000000000417
519.025000000000419
519.152000000000419
519.29100000000042
519.43000000000042
519.56400000000042
519.70600000000042
519.84400000000042
519.98600000000042
520.12500000000042
520.26900000000042
520.40800000000042
520.558000000000421
520.680000000000421
651.126000000000537
651.394000000000537
651.511000000000537
651.652000000000537
651.783000000000537
651.913000000000537
652.039000000000537
652.383000000000538
652.525000000000538
654.095000000000539
656.843000000000542
656.973000000000542
657.104000000000542
657.235000000000542
657.370000000000542
657.506000000000542
657.637000000000542
657.764000000000542
661.828000000000546
661.965000000000546
662.102000000000546
662.237000000000546
662.370000000000547
662.508000000000547
662.640000000000547
662.766000000000547
662.910000000000547
663.050000000000547
663.187000000000547
663.345000000000548
663.500000000000548
663.639000000000548
663.767000000000548
663.918000000000548
664.061000000000548
664.196000000000548
664.340000000000548
664.878000000000549
665.024000000000549
665.163000000000549
665.290000000000549
665.439000000000549
665.585000000000549
665.73900000000055
665.87900000000055
666.01300000000055
666.15100000000055
666.29700000000055
666.45200000000055
666.59500000000055
666.74400000000055
666.891000000000551
667.040000000000551
667.202000000000551
667.353000000000551
667.502000000000551
667.657000000000551
667.809000000000551
667.962000000000552
668.107000000000552
668.281000000000552
668.445000000000552
668.592000000000552
668.752000000000552
668.908000000000552
669.064000000000553
669.220000000000553
669.373000000000553
669.530000000000553
669.678000000000553
669.826000000000553
669.975000000000553
670.122000000000554
670.279000000000554
670.421000000000554
670.570000000000554
670.714000000000554
670.870000000000554
671.035000000000554
671.179000000000554
671.322000000000555
671.478000000000555
671.637000000000555
671.807000000000555
671.947000000000555
672.097000000000555
672.264000000000555
672.419000000000556
672.562000000000556
672.723000000000556
672.871000000000556
673.021000000000556
673.178000000000556
673.312000000000556
673.458000000000556
673.600000000000557
673.730000000000557
673.876000000000557
675.360000000000558
675.515000000000558
675.656000000000558
675.796000000000559
675.946000000000559
676.100000000000559
676.251000000000559
676.400000000000559
676.544000000000559
676.697000000000559
676.86100000000056
677.00200000000056
677.14900000000056
677.28800000000056
677.44600000000056
677.60000000000056
677.74700000000056
683.926000000000566
684.063000000000566
684.203000000000566
684.341000000000566
684.475000000000566
684.608000000000566
684.740000000000566
908.406000000000765
908.612000000000765
908.750000000000765
908.890000000000766
909.020000000000766
909.156000000000766
909.283000000000766
909.417000000000766
909.549000000000766
909.684000000000766
909.821000000000766
909.961000000000767
910.104000000000767
910.245000000000767
910.383000000000767
911.303000000000768
911.434000000000768
911.578000000000768
911.710000000000768
911.845000000000768
911.982000000000768
912.120000000000768
912.262000000000769
912.402000000000769
912.538000000000769
912.700000000000769
912.847000000000769
913.004000000000769
913.164000000000769
913.32500000000077
913.46100000000077
913.61600000000077
913.76000000000077
913.90700000000077
914.05700000000077
914.21600000000077
914.34000000000077
914.499000000000771
914.647000000000771
914.807000000000771
914.954000000000771
915.112000000000771
915.268000000000771
915.422000000000771
915.576000000000772
915.714000000000772
915.871000000000772
916.026000000000772
916.170000000000772
916.319000000000772
916.479000000000772
916.612000000000772
916.764000000000773
916.921000000000773
917.053000000000773
917.211000000000773
917.380000000000773
917.553000000000773
917.708000000000773
917.859000000000774
917.999000000000774
918.141000000000774
918.301000000000774
918.465000000000774
918.628000000000774
918.787000000000774
918.931000000000774
919.070000000000775
919.225000000000775
919.376000000000775
919.531000000000775
919.697000000000775
919.842000000000775
919.991000000000775
920.145000000000776
920.290000000000776
920.454000000000776
920.591000000000776
920.736000000000776
920.876000000000776
921.016000000000776
921.186000000000776
921.337000000000777
921.485000000000777
921.640000000000777
922.321000000000777
922.477000000000778
922.632000000000778
922.805000000000778
922.954000000000778
923.105000000000778
923.262000000000778
923.434000000000778
923.574000000000779
923.715000000000779
923.858000000000779
924.007000000000779
924.145000000000779
924.300000000000779
924.464000000000779
924.62000000000078
924.77400000000078
924.93600000000078
925.07900000000078
925.21300000000078
925.50600000000078
925.66200000000078
925.824000000000781
925.978000000000781
926.135000000000781
926.282000000000781
926.436000000000781
926.595000000000781
926.736000000000781
926.887000000000782
927.035000000000782
927.173000000000782
927.320000000000782
927.488000000000782
927.624000000000782
928.177000000000783
928.335000000000783
928.482000000000783
928.635000000000783
928.784000000000783
928.931000000000783
929.080000000000784
929.228000000000784
929.378000000000784
929.529000000000784
929.666000000000784
929.814000000000784
929.968000000000784
930.129000000000784
930.293000000000785
930.457000000000785
930.603000000000785
930.753000000000785
930.911000000000785
931.062000000000785
931.211000000000785
931.362000000000786
931.515000000000786
931.669000000000786
931.816000000000786
931.960000000000786
932.109000000000786
932.262000000000786
932.416000000000786
932.570000000000787
932.720000000000787
932.882000000000787
933.027000000000787
933.174000000000787
933.322000000000787
933.482000000000787
933.642000000000788
933.794000000000788
933.944000000000788
934.087000000000788
934.236000000000788
934.394000000000788
934.546000000000788
934.695000000000788
934.844000000000789
934.979000000000789
935.140000000000789
935.280000000000789
935.429000000000789
935.575000000000789
935.717000000000789
935.86900000000079
936.02500000000079
936.18100000000079
936.34900000000079
936.48400000000079
936.63900000000079
936.78000000000079
936.93500000000079
937.091000000000791
937.256000000000791
937.401000000000791
937.542000000000791
937.688000000000791
937.837000000000791
937.986000000000791
938.128000000000792
938.273000000000792
938.409000000000792
938.533000000000792
938.686000000000792
938.838000000000792
938.988000000000792
939.115000000000792
939.247000000000793
939.397000000000793
939.552000000000793
939.720000000000793
939.860000000000793
940.008000000000793
940.154000000000793
940.307000000000794
940.454000000000794
940.613000000000794
940.750000000000794
940.892000000000794
941.030000000000794
941.173000000000794
941.334000000000794
941.486000000000795
941.635000000000795
941.790000000000795
941.952000000000795
942.102000000000795
942.251000000000795
942.413000000000795
942.574000000000796
942.728000000000796
942.891000000000796
943.051000000000796
943.207000000000796
943.340000000000796
944.224000000000797
944.373000000000797
944.514000000000797
944.655000000000797
944.790000000000798
944.933000000000798
945.083000000000798
945.235000000000798
945.399000000000798
945.549000000000798
945.698000000000798
945.838000000000798
945.985000000000798
946.131000000000799
946.276000000000799
946.401000000000799
949.081000000000801
949.211000000000801
949.355000000000802
949.499000000000802
949.637000000000802
949.784000000000802
949.941000000000802
950.089000000000802
950.235000000000802
950.389000000000802
950.548000000000803
950.701000000000803
950.848000000000803
950.996000000000803
951.162000000000803
951.305000000000803
951.462000000000803
951.618000000000804
952.368000000000804
952.511000000000804
952.658000000000804
952.809000000000805
952.959000000000805
953.099000000000805
953.246000000000805
953.391000000000805
953.538000000000805
953.685000000000805
953.839000000000806
953.975000000000806
954.121000000000806
954.271000000000806
954.419000000000806
954.569000000000806
954.728000000000806
954.871000000000806
955.013000000000807
955.155000000000807
955.729000000000807
955.886000000000807
956.054000000000807
956.196000000000808
956.359000000000808
957.168000000000808
957.300000000000809
957.446000000000809
957.584000000000809
957.738000000000809
957.891000000000809
958.037000000000809
958.188000000000809
958.34100000000081
958.48100000000081
958.62700000000081
958.77800000000081
958.92300000000081
959.07200000000081
959.21300000000081
959.35500000000081
959.501000000000811
959.642000000000811
960.137000000000811
960.272000000000811
960.426000000000811
960.583000000000811
961.939000000000813
962.076000000000813
962.206000000000813
962.380000000000813
962.545000000000813
962.702000000000813
962.852000000000813
963.020000000000814
963.171000000000814
963.332000000000814
963.495000000000814
963.673000000000814
963.829000000000814
963.993000000000814
964.154000000000815
964.323000000000815
964.498000000000815
964.659000000000815
967.079000000000817
967.245000000000817
968.119000000000818
968.271000000000818
968.441000000000818
968.616000000000819
968.771000000000819
968.927000000000819
969.086000000000819
969.237000000000819
969.387000000000819
969.519000000000819
969.65400000000082
969.79600000000082
969.93400000000082
970.07200000000082
970.21700000000082
970.36100000000082
970.49900000000082
970.65400000000082
970.778000000000821
972.274000000000822
972.436000000000822
972.585000000000822
972.731000000000822
972.888000000000822
973.035000000000822
973.188000000000823
973.338000000000823
973.491000000000823
973.645000000000823
973.792000000000823
973.933000000000823
974.087000000000823
974.254000000000824
974.392000000000824
974.535000000000824
974.680000000000824
974.826000000000824
974.977000000000824
975.104000000000824
978.084000000000827
978.292000000000827
978.421000000000827
978.561000000000828
978.697000000000828
978.841000000000828
978.981000000000828
979.118000000000828
979.261000000000828
979.405000000000828
979.559000000000828
979.699000000000828
979.839000000000829
979.976000000000829
980.116000000000829
980.259000000000829
980.398000000000829
980.540000000000829
980.686000000000829
980.835000000000829
980.98400000000083
981.14700000000083
981.29200000000083
981.44000000000083
981.59100000000083
981.74000000000083
981.88900000000083
982.058000000000831
982.210000000000831
982.368000000000831
982.522000000000831
982.675000000000831
982.831000000000831
982.982000000000831
983.127000000000832
983.278000000000832
983.444000000000832
983.590000000000832
983.739000000000832
983.890000000000832
984.034000000000832
984.182000000000832
984.331000000000833
984.482000000000833
984.641000000000833
984.798000000000833
984.938000000000833
985.086000000000833
985.239000000000833
985.399000000000834
985.557000000000834
985.711000000000834
985.866000000000834
986.021000000000834
986.184000000000834
986.313000000000834
986.466000000000834
986.617000000000835
986.759000000000835
986.920000000000835
987.070000000000835
987.543000000000835
987.681000000000836
987.819000000000836
987.979000000000836
988.112000000000836
1525.03700000000131
1525.18500000000131
1525.33100000000131
1525.47100000000131
1525.60900000000131
1525.75100000000131
1525.89300000000131
1526.03100000000131
1526.16300000000131
1526.32100000000131
1526.45500000000131
1526.60200000000131
1526.73500000000131
1526.87800000000131
1527.02600000000131
1527.15500000000131
1527.30300000000131
1527.44100000000132
1527.58900000000132
1527.73100000000132
1527.88400000000132
1528.01900000000132
1528.15400000000132
1528.29900000000132
1528.44500000000132
1528.58500000000132
1528.73800000000132
1528.88500000000132
1529.02700000000132
1529.17300000000132
1529.32400000000132
1529.47700000000132
1529.61600000000132
1529.75500000000132
1529.90400000000132
1530.04300000000132
1530.19900000000132
1530.34800000000132
1530.50200000000132
1530.64500000000132
1530.80000000000132
1530.94900000000132
1531.10100000000132
1531.25800000000132
1531.38800000000132
1531.53200000000132
1531.66600000000132
1531.81700000000132
1531.96300000000132
1532.11100000000132
1532.27500000000132
1532.40900000000132
1532.55200000000132
1532.69000000000132
1532.84300000000132
1532.99000000000132
1533.15600000000132
1534.04400000000132
1534.19100000000132
1534.33900000000132
1534.48600000000132
1534.62800000000132
1534.77300000000132
1534.93800000000132
1535.07900000000132
1535.21700000000132
1535.36800000000132
1535.51400000000132
1535.66300000000132
1535.81300000000132
1535.95900000000132
1536.10500000000132
1536.25500000000132
1536.40100000000132
1536.55000000000132
1536.69200000000132
1536.84500000000132
1536.99000000000132
1537.14700000000132
1537.29300000000132
1537.43100000000132
1537.58600000000132
1537.71500000000132
1539.34000000000133
1539.48500000000133
1539.62600000000133
1539.76400000000133
1539.91300000000133
1540.05000000000133
1540.19900000000133
1540.35800000000133
1540.49900000000133
1540.64500000000133
1540.78500000000133
1540.93300000000133
1541.08700000000133
1541.23700000000133
1541.38600000000133
1541.53200000000133
1541.68200000000133
1541.84600000000133
1541.98700000000133
1542.13100000000133
1542.28700000000133
1542.44400000000133
1542.59300000000133
1542.74800000000133
1542.91200000000133
1543.06900000000133
1543.21800000000133
1543.36600000000133
1543.51900000000133
1543.67600000000133
1543.83000000000133
1543.98400000000133
1544.14800000000133
1544.30100000000133
1544.44700000000133
1544.59200000000133
1544.73500000000133
1544.88900000000133
1545.05400000000133
1545.20400000000133
1545.37400000000133
1545.51400000000133
1545.66200000000133
1545.80800000000133
1545.96200000000133
1546.11600000000133
1546.28400000000133
1546.42500000000133
1546.58300000000133
1546.74200000000133
1546.88700000000133
1547.04300000000133
1547.19900000000133
1547.34900000000133
1547.50400000000133
1547.66000000000133
1547.80900000000133
1547.96000000000133
1548.10200000000133
1548.24900000000133
1548.40200000000133
1548.55900000000133
1548.72000000000133
1548.88000000000133
1549.04000000000133
1549.18800000000133
1549.33900000000133
1549.48800000000133
1549.67000000000133
1549.80700000000133
1549.95600000000133
1550.10600000000134
1550.25600000000134
1550.40400000000134
1550.55800000000134
1550.72200000000134
1550.86200000000134
1551.02100000000134
1551.17200000000134
1551.32200000000134
1551.46600000000134
1551.59000000000134
1552.42000000000134
1552.57300000000134
1552.72700000000134
1552.87800000000134
1553.02700000000134
1553.17200000000134
1553.32600000000134
1553.46400000000134
1553.60700000000134
1553.75600000000134
1553.90500000000134
1554.04700000000134
1554.19400000000134
1554.33300000000134
1554.48600000000134
1554.63800000000134
1554.79000000000134
1554.94200000000134
1555.07700000000134
1558.20800000000134
1558.34500000000134
1558.48900000000134
1558.65100000000134
1558.79500000000134
1558.93900000000134
1559.08000000000134
1559.22700000000134
1559.37400000000134
1559.52500000000134
1559.66700000000134
1559.82000000000134
1559.97700000000134
1560.12000000000134
1560.27400000000134
1560.42100000000134
1560.56900000000134
1560.71800000000134
1560.86300000000134
1561.00800000000134
1561.16100000000134
1561.32600000000134
1561.46700000000135
1561.61700000000135
1561.76300000000135
1561.91200000000135
1562.05500000000135
1562.19900000000135
1562.34600000000135
1562.50100000000135
1562.65600000000135
1562.83000000000135
1562.96700000000135
1563.11400000000135
1563.26100000000135
1563.41100000000135
1563.57300000000135
1563.71500000000135
1563.85900000000135
1564.00500000000135
1564.15500000000135
1564.29000000000135
1564.43500000000135
1564.57500000000135
1564.72100000000135
1564.87200000000135
1565.02000000000135
1565.17200000000135
1565.32900000000135
1565.46100000000135
1565.60700000000135
1565.75300000000135
1565.89700000000135
1566.04000000000135
1566.18000000000135
1566.32500000000135
1566.46700000000135
1566.63200000000135
1566.77400000000135
1566.89300000000135
1578.91500000000136
1579.05900000000136
1579.19400000000136
1579.32400000000136
1579.46700000000136
1579.62000000000136
1579.75200000000136
1579.89200000000136
1580.03400000000136
1580.17600000000136
1580.31700000000136
1580.46400000000136
1580.62400000000136
1580.77800000000136
1580.93100000000136
1581.05700000000136
1581.34900000000136
1581.49400000000136
1581.61000000000136
1582.07300000000136
1582.21300000000136
1582.35600000000136
1582.49500000000136
1582.63300000000136
1582.76300000000136
1694.78100000000146
1695.00500000000146
1695.15700000000146
1695.30600000000146
1695.45800000000146
1695.73400000000146
1697.72600000000147
1697.85400000000147
1697.99400000000147
1698.12400000000147
1698.25500000000147
1698.39400000000147
1698.52800000000147
1698.66800000000147
1698.80200000000147
1698.94300000000147
1699.08300000000147
1699.22100000000147
1699.37100000000147
1699.50500000000147
1699.64700000000147
1699.79700000000147
1699.93800000000147
1700.07800000000147
1700.23400000000147
1700.39000000000147
1700.52300000000147
1700.66500000000147
1700.81600000000147
1700.96200000000147
2352.62199999996823
2353.06399999996818
2353.19399999996816
2353.33699999996815
2353.46899999996813
2353.60699999996812
2353.7399999999681
2353.87999999996809
2354.01599999996807
2354.14799999996806
2354.28599999996804
2354.42199999996803
2354.57199999996801
2354.714999999968
2354.85299999996798
2355.00399999996797
2355.14599999996795
2355.28099999996794
2355.42399999996792
2355.5719999999679
2355.69699999996789
2355.83199999996787
2355.96399999996786
2356.12199999996784
2356.25699999996783
2356.40399999996781
2356.5459999999678
2356.70499999996778
2356.84199999996776
2356.97899999996775
2357.12299999996773
2357.27199999996772
2357.4129999999677
2357.55199999996768
2357.69699999996767
2357.84699999996765
2357.99999999996764
2358.15999999996762
2358.2989999999676
2358.44799999996759
2358.59799999996757
2358.73299999996756
2358.88999999996754
2359.04299999996752
2359.18399999996751
2359.32999999996749
2359.47799999996747
2359.62099999996746
2359.76899999996744
2359.92799999996742
2360.06199999996741
2360.20499999996739
2360.35399999996738
2360.50099999996736
2360.64899999996734
2360.78899999996733
2360.93699999996731
2361.0869999999673
2361.23799999996728
2361.38999999996726
2361.53399999996725
2361.67899999996723
2361.83099999996721
2361.9799999999672
2362.12399999996718
2362.27199999996717
2362.42399999996715
2362.56799999996713
2362.72399999996712
2362.8779999999671
2363.02299999996708
2363.17099999996707
2363.33999999996705
2363.49899999996703
2363.64899999996701
2363.814999999967
2363.94699999996698
2364.09699999996696
2364.23899999996695
2364.39799999996693
2364.54899999996691
2364.7029999999669
2364.85299999996688
2364.98199999996687
2365.12699999996685
2365.28299999996683
2365.43199999996682
2365.5759999999668
2365.72299999996679
2365.87199999996677
2366.02999999996675
2366.15599999996674
2366.29899999996672
2366.44399999996671
2366.58299999996669
2366.73299999996667
2366.89199999996666
2367.02399999996664
2367.17999999996662
2367.33499999996661
2367.48799999996659
2367.63999999996657
2367.78599999996656
2367.92599999996654
2368.06599999996653
2368.21399999996651
2368.36399999996649
2368.50999999996648
2368.65399999996646
2368.80699999996645
2368.96499999996643
2369.10299999996641
2369.2419999999664
2369.38699999996638
2369.53999999996636
2369.68899999996635
2369.84199999996633
2369.99899999996631
2370.1369999999663
2370.28999999996628
2370.43799999996627
2370.59199999996625
2370.74999999996623
2370.90699999996621
2371.0559999999662
2371.19199999996618
2371.34799999996617
2371.50999999996615
2371.66299999996613
2371.80499999996612
2371.9689999999661
2372.12199999996608
2372.27899999996606
2372.42399999996605
2372.58099999996603
2372.74499999996601
2372.89899999996599
2373.03499999996598
2373.17899999996596
2373.33299999996595
2373.49699999996593
2373.64599999996591
2373.7879999999659
2373.92699999996588
2374.07099999996587
2374.22199999996585
2374.37399999996583
2374.52599999996582
2374.6889999999658
2374.84299999996578
2374.98799999996576
2375.13299999996575
2375.28699999996573
2375.44199999996571
2375.6179999999657
2375.75699999996568
2375.90099999996566
2376.05499999996565
2376.20799999996563
2376.36799999996561
2376.5249999999656
2376.68599999996558
2376.85599999996556
2377.00099999996554
2377.16599999996552
2377.32799999996551
2377.48299999996549
2377.63699999996547
2377.78999999996546
2377.93799999996544
2378.09299999996542
2378.2559999999654
2378.39799999996539
2378.54699999996537
2378.68099999996536
2379.67799999996525
2379.82899999996523
2379.98299999996521
2380.1189999999652
2380.26499999996518
2380.62299999996514
2380.76999999996513
2380.92099999996511
2381.07399999996509
2381.22399999996508
2381.37899999996506
2381.52899999996504
2381.69799999996503
2381.83799999996501
2381.98599999996499
2382.13699999996498
2382.28599999996496
2382.43499999996494
2382.57999999996493
2382.73599999996491
2382.88499999996489
2383.04899999996488
2383.18699999996486
2383.34499999996484
2383.49699999996483
2383.64299999996481
2383.79899999996479
2383.95299999996478
2384.10799999996476
2384.25999999996474
2384.41199999996473
2384.54899999996471
2384.71299999996469
2384.87399999996468
2385.02699999996466
2385.18199999996464
2385.33599999996462
2385.49299999996461
2385.65799999996459
2385.79399999996457
2385.95799999996456
2386.11399999996454
2386.26599999996452
2386.41999999996451
2386.56899999996449
2386.71699999996447
2386.87399999996446
2387.04299999996444
2387.19799999996442
2387.3639999999644
2387.50699999996439
2387.65099999996437
2387.80299999996435
2387.95999999996434
2388.12699999996432
2388.2789999999643
2388.43599999996428
2388.58799999996427
2388.74599999996425
2388.89999999996423
2389.06099999996421
2389.2129999999642
2389.37499999996418
2389.52399999996416
2389.67999999996415
2389.84299999996413
2390.01099999996411
2390.1469999999641
2390.29799999996408
2390.44599999996406
2390.59699999996405
2390.74999999996403
2390.90799999996401
2391.08099999996399
2391.22599999996398
2391.37699999996396
2391.52499999996394
2391.68499999996393
2391.82399999996391
2391.97599999996389
2392.12199999996388
2392.29399999996386
2392.44099999996384
2392.60499999996382
2392.77099999996381
2392.93599999996379
2393.09299999996377
2393.25999999996375
2393.42499999996373
2393.58799999996372
2393.7579999999637
2393.91099999996368
2394.05999999996366
2394.21999999996365
2394.38499999996363
2394.53199999996361
2394.6889999999636
2394.85799999996358
2395.00599999996356
2395.15199999996354
2396.98399999996334
2397.13099999996333
2397.28199999996331
2397.42399999996329
2397.56199999996328
2397.71699999996326
2397.86499999996325
2398.00299999996323
2398.14399999996321
2398.2899999999632
2398.42699999996318
2398.57699999996317
2398.72899999996315
2398.87399999996313
2399.03999999996312
2399.1859999999631
2399.31399999996309
2399.47399999996307
2399.63699999996305
2399.80799999996303
2399.97199999996301
2400.125999999963
2400.28399999996298
2400.46099999996296
2400.61399999996294
2400.76599999996293
2400.91699999996291
2401.07399999996289
2401.23099999996287
2401.38999999996286
2401.54599999996284
2401.70499999996282
2401.8729999999628
2402.01799999996279
2402.16199999996277
2402.32199999996275
2402.47799999996274
2402.63199999996272
2402.7889999999627
2402.96599999996268
2403.11799999996267
2403.26899999996265
2403.42799999996263
2403.58499999996262
2403.7349999999626
2403.88199999996258
2404.04299999996256
2404.21799999996255
2404.36499999996253
2404.51799999996251
2404.6709999999625
2404.82699999996248
2404.97899999996246
2405.14299999996244
2405.30499999996243
2405.46199999996241
2405.61999999996239
2405.79699999996237
2405.95499999996235
2406.11499999996234
2406.27399999996232
2406.4399999999623
2406.61799999996228
2406.76399999996227
2406.90099999996225
2407.55299999996218
2407.70899999996216
2407.87199999996214
2408.01699999996213
2408.16099999996211
2408.3049999999621
2408.45299999996208
2408.60499999996206
2408.74299999996205
2408.89199999996203
2409.05499999996201
2409.207999999962
2409.34999999996198
2409.51199999996196
2409.66999999996194
2409.83799999996193
2409.99199999996191
2410.14399999996189
2410.29899999996188
2410.45899999996186
2410.61999999996184
2410.77199999996182
2410.92499999996181
2411.07999999996179
2411.24599999996177
2411.39199999996176
2411.53899999996174
2411.68799999996172
2411.8499999999617
2412.01299999996169
2412.16799999996167
2412.32699999996165
2412.48699999996163
2412.65599999996162
2412.8059999999616
2412.95899999996158
2413.12099999996156
2413.28199999996155
2413.43899999996153
2413.59699999996151
2413.7519999999615
2413.91199999996148
2414.08299999996146
2414.23699999996144
2414.39799999996142
2414.55399999996141
2414.70899999996139
2414.86399999996137
2415.02699999996136
2415.18499999996134
2415.35499999996132
2415.4969999999613
2415.65499999996129
2415.81599999996127
2415.96899999996125
2416.12099999996123
2416.28099999996122
2416.4349999999612
2416.59199999996118
2416.76699999996116
2416.91099999996115
2417.05799999996113
2417.20399999996112
2417.3759999999611
2417.54099999996108
2417.70099999996106
2417.86499999996104
2418.01399999996103
2418.17399999996101
2418.34299999996099
2418.51199999996097
2418.68399999996095
2418.84699999996093
2419.01199999996092
2419.1699999999609
2419.33599999996088
2419.48599999996086
2419.63599999996085
2420.39299999996076
2420.54099999996075
2420.69399999996073
2420.85499999996071
2421.0099999999607
2421.15999999996068
2421.30899999996066
2421.46799999996065
2421.62299999996063
2421.78399999996061
2421.93499999996059
2422.07899999996058
2422.23099999996056
2422.38699999996054
2422.54099999996053
2422.70399999996051
2422.86399999996049
2423.04099999996047
2423.19399999996046
2423.34599999996044
2423.50899999996042
2423.6669999999604
2423.82599999996039
2423.99599999996037
2424.16099999996035
2424.32399999996033
2424.48999999996031
2424.6459999999603
2424.79799999996028
2424.95499999996026
2425.12399999996024
2425.28299999996023
2425.43699999996021
2425.60499999996019
2425.77299999996017
2425.96399999996015
2426.11499999996013
2426.25999999996012
2426.87699999996005
2427.03499999996003
2427.19199999996002
2427.35899999996
2427.50999999995998
2427.66499999995996
2427.82799999995995
2427.99699999995993
2428.16499999995991
2428.31799999995989
2428.47899999995987
2428.63899999995986
2428.81499999995984
2428.97099999995982
2429.1279999999598
2429.28799999995978
2429.44199999995977
2429.60999999995975
2429.76799999995973
2429.92199999995971
2430.0929999999597
2430.23099999995968
2430.40199999995966
2430.55899999995964
2430.71899999995963
2430.87799999995961
2431.03799999995959
2431.19599999995957
2431.36099999995956
2431.53599999995954
2431.68399999995952
2431.8419999999595
2432.00599999995949
2432.16699999995947
2432.32199999995945
2432.48699999995943
2432.65099999995941
2432.83099999995939
2432.97999999995938
2433.15499999995936
2433.31899999995934
2433.47899999995932
2433.62699999995931
2433.78399999995929
2433.94699999995927
2434.10499999995925
2434.27499999995924
2434.43699999995922
2434.6029999999592
2434.75999999995918
2434.92399999995916
2435.07199999995915
2435.23099999995913
2435.39399999995911
2435.55499999995909
2435.71599999995908
2435.88499999995906
2436.03699999995904
2436.19899999995902
2436.35299999995901
2436.50699999995899
2436.66499999995897
2436.82299999995895
2436.98499999995894
2437.14699999995892
2437.3079999999589
2437.45299999995889
2437.62599999995887
2437.78599999995885
2437.96199999995883
2438.11199999995881
2438.2699999999588
2438.42899999995878
2438.58499999995876
2438.75299999995874
2438.89899999995873
2439.05299999995871
2440.58499999995854
2440.73199999995852
2440.88199999995851
2441.02899999995849
2441.17799999995847
2441.33199999995846
2441.48499999995844
2441.65099999995842
2441.79799999995841
2441.95099999995839
2442.10399999995837
2442.25699999995836
2442.41699999995834
2442.57599999995832
2442.7339999999583
2442.88699999995829
2443.05899999995827
2443.20999999995825
2443.36599999995823
2443.53399999995822
2443.6909999999582
2443.85599999995818
2444.01899999995816
2444.17799999995814
2444.35599999995812
2444.52399999995811
2444.68799999995809
2444.86599999995807
2445.03899999995805
2445.21299999995803
2445.38599999995801
2445.57799999995799
2446.17799999995792
2446.32599999995791
2446.47699999995789
2446.63399999995787
2446.79099999995786
2446.94899999995784
2447.11599999995782
2447.2959999999578
2447.43799999995779
2447.57899999995777
2448.2499999999577
2448.39599999995768
2448.54899999995766
2448.70099999995765
2448.86099999995763
2449.02299999995761
2449.18699999995759
2449.34299999995758
2449.50799999995756
2449.66799999995754
2449.83999999995752
2449.9929999999575
2450.13899999995749
2450.30199999995747
2450.46599999995745
2450.63399999995743
2450.79499999995742
2450.9559999999574
2451.12199999995738
2451.29499999995736
2451.45899999995734
2451.62099999995732
2451.78399999995731
2451.95099999995729
2452.11499999995727
2452.27599999995725
2452.43699999995723
2452.60899999995722
2452.7949999999572
2452.96399999995718
2453.13199999995716
2453.28699999995714
2453.44899999995712
2453.61299999995711
2453.77299999995709
2453.93299999995707
2454.06599999995706
2454.81799999995697
2454.97599999995696
2455.12699999995694
2455.27599999995692
2455.42099999995691
2456.59599999995678
2456.75199999995676
2456.90499999995674
2457.05899999995673
2457.21699999995671
2457.36199999995669
2457.50899999995668
2457.65799999995666
2457.81699999995664
2457.97199999995663
2458.80199999995653
2458.94699999995652
2459.1119999999565
2459.27699999995648
2459.43399999995646
2459.58699999995645
2459.73899999995643
2461.78199999995621
2461.94299999995619
2462.10699999995617
2462.29199999995615
2462.49399999995613
2462.66299999995611
2462.85099999995609
2463.03699999995607
2463.47399999995602
2463.626999999956
2463.78199999995599
2463.93299999995597
2464.08399999995595
2464.23899999995594
2464.39599999995592
2464.5549999999559
2464.70899999995588
2465.33599999995581
2465.4929999999558
2465.64199999995578
2465.80199999995576
2465.95599999995575
2466.10999999995573
2466.26299999995571
2466.4189999999557
2466.58699999995568
2466.73999999995566
2466.89099999995564
2467.06099999995562
2467.22199999995561
2467.37999999995559
2467.53199999995557
2467.69599999995555
2467.85799999995554
2468.02199999995552
2468.1689999999555
2468.30199999995549
2468.86199999995543
2469.00699999995541
2469.16799999995539
2469.31499999995538
2469.45599999995536
2470.15499999995528
2470.30399999995527
2470.44799999995525
2470.59399999995524
2470.74099999995522
2470.8889999999552
2471.03799999995519
2471.19299999995517
2471.35599999995515
2471.50099999995514
2471.64899999995512
2480.30499999995417
2480.43899999995415
2480.58499999995413
2480.72399999995412
2480.8689999999541
2481.00799999995409
2487.87599999995333
2488.02399999995332
2488.1639999999533
2488.30899999995328
2488.45299999995327
2488.59699999995325
2488.73999999995324
2488.88899999995322
2489.0439999999532
2489.18799999995319
2489.34899999995317
3222.47699999987243
3222.61199999987241
3222.7369999998724
3338.71899999985962
3338.85099999985961
3338.99299999985959
3339.12899999985958
3339.26099999985957
3339.39299999985955
3339.53399999985954
3339.66999999985952
3339.80299999985951
3339.94599999985949
3340.09499999985947
3340.23599999985946
3340.37199999985944
3340.50899999985943
3340.64199999985941
3340.81499999985939
3340.95399999985938
3341.09099999985936
3341.22399999985935
3341.36599999985933
3341.51199999985932
3341.6559999998593
3341.80299999985929
3341.94799999985927
3342.08899999985925
3342.22599999985924
3342.37299999985922
3342.50699999985921
3342.66699999985919
3342.80399999985918
3342.94999999985916
3343.09599999985914
3343.24099999985913
3343.41099999985911
3343.55099999985909
3343.69599999985908
3343.85399999985906
3343.99499999985904
3344.14499999985903
3344.28499999985901
3344.45299999985899
3344.59299999985898
3344.75299999985896
3344.91399999985894
3345.05899999985893
3345.21499999985891
3345.37099999985889
3345.51799999985888
3345.66199999985886
3345.81299999985884
3345.96699999985883
3346.13199999985881
3346.28099999985879
3346.44599999985877
3346.59699999985876
3346.73399999985874
3346.89599999985872
3347.04899999985871
3347.20499999985869
3347.35699999985867
3347.52299999985866
3347.65999999985864
3347.81099999985862
3347.97399999985861
3348.13399999985859
3348.28599999985857
3348.44299999985855
3348.61199999985854
3348.76499999985852
3348.9199999998585
3349.07299999985848
3349.23599999985847
3349.38499999985845
3349.53799999985843
3349.69799999985842
3349.8699999998584
3350.00299999985838
3350.16099999985836
3350.31899999985835
3350.47999999985833
3350.64099999985831
3350.80599999985829
3350.97099999985828
3351.13799999985826
3351.28599999985824
3351.43799999985822
3351.59099999985821
3351.74499999985819
3351.90399999985817
3352.06699999985816
3352.19899999985814
3352.34299999985812
3352.49599999985811
3352.65799999985809
3352.81499999985807
3352.97299999985806
3353.12199999985804
3353.27699999985802
3353.42599999985801
3353.58099999985799
3353.73199999985797
3353.88799999985795
3354.06099999985794
3354.20999999985792
3354.3679999998579
3354.52099999985788
3354.67499999985787
3354.82699999985785
3354.98299999985783
3355.13799999985782
3355.2979999998578
3355.44599999985778
3355.60099999985777
3355.74599999985775
3355.89499999985773
3356.04399999985772
3356.1929999998577
3356.37199999985768
3356.51499999985767
3356.67399999985765
3356.84799999985763
3356.99999999985761
3357.16499999985759
3357.32299999985758
3357.46699999985756
3357.62499999985754
3357.77699999985753
3357.90299999985751
3358.78499999985742
3358.9379999998574
3359.09699999985738
3359.24999999985736
3359.40599999985735
3359.54899999985733
3359.69599999985731
3359.8449999998573
3360.00599999985728
3360.14599999985727
3360.30799999985725
3360.56099999985722
3360.68899999985721
3360.84499999985719
3360.99399999985717
3361.14699999985716
3361.29999999985714
3361.44399999985712
3361.59499999985711
3361.74999999985709
3361.90399999985707
3362.06399999985705
3362.21199999985704
3362.35599999985702
3362.527999999857
3362.67799999985699
3362.82399999985697
3362.98699999985695
3363.14699999985693
3363.29699999985692
3363.4519999998569
3363.60999999985688
3363.76699999985687
3363.91299999985685
3364.07199999985683
3364.23399999985682
3364.3879999998568
3364.53999999985678
3364.69999999985676
3364.85699999985675
3365.02599999985673
3365.17099999985671
3365.3179999998567
3365.47199999985668
3365.62499999985666
3365.78099999985664
3365.94299999985663
3366.10199999985661
3366.26099999985659
3366.42599999985657
3366.57799999985656
3366.73399999985654
3366.88199999985652
3367.02399999985651
3367.17399999985649
3367.31999999985648
3367.47199999985646
3367.64399999985644
3367.78699999985642
3367.93499999985641
3368.09599999985639
3368.25299999985637
3368.40499999985636
3368.55499999985634
3368.70699999985632
3368.8739999998563
3369.02799999985629
3369.18499999985627
3369.33699999985625
3369.48199999985624
3369.63999999985622
3369.8069999998562
3369.96799999985618
3370.12699999985617
3370.28999999985615
3370.44799999985613
3370.60899999985611
3370.86699999985608
3371.01899999985607
3371.18799999985605
3371.36199999985603
3371.53399999985601
3371.70099999985599
3371.86599999985597
3372.02299999985596
3372.17999999985594
3372.33699999985592
3372.4959999998559
3372.65399999985589
3372.80399999985587
3372.95999999985585
3373.12399999985584
3373.28499999985582
3373.4329999998558
3373.57599999985579
3373.72499999985577
3373.87499999985575
3374.02699999985574
3374.18699999985572
3374.3589999998557
3374.51499999985568
3374.67799999985566
3374.83599999985565
3374.99999999985563
3375.16999999985561
3375.32999999985559
3375.49699999985557
3375.66599999985556
3375.82399999985554
3375.98299999985552
3376.1319999998555
3376.29599999985549
3376.45799999985547
3376.60899999985545
3376.76199999985544
3376.91699999985542
3377.0739999998554
3377.22499999985538
3377.38899999985537
3377.54599999985535
3377.69899999985533
3377.85599999985531
3378.0189999998553
3378.17499999985528
3378.33799999985526
3378.49099999985524
3378.64899999985523
3378.80299999985521
3378.95099999985519
3379.09799999985518
3379.25699999985516
3379.42099999985514
3379.56999999985513
3379.74399999985511
3379.90299999985509
3380.06499999985507
3380.47699999985503
3382.01899999985486
3382.16999999985484
3382.32699999985482
3382.46799999985481
3382.60799999985479
3382.76199999985477
3382.90099999985476
3383.04999999985474
3383.20099999985473
3383.34399999985471
3383.49999999985469
3383.65899999985468
3383.80999999985466
3383.96399999985464
3384.12699999985462
3384.27399999985461
3384.42299999985459
3384.57699999985457
3384.71999999985456
3384.88199999985454
3385.04399999985452
3385.19899999985451
3385.35499999985449
3385.52799999985447
3385.67699999985445
3385.83599999985444
3386.34199999985438
3387.0819999998543
3387.22599999985428
3387.37599999985427
3387.52499999985425
3387.67799999985423
3387.83599999985422
3387.9859999998542
3388.14499999985418
3388.29599999985416
3388.44699999985415
3388.60699999985413
3388.75399999985411
3388.9059999998541
3389.07399999985408
3389.23699999985406
361
-3
355.319000000000274
356.026000000000275
356.130000000000275
356.499000000000275
356.630000000000275
356.734000000000275
357.010000000000275
357.296000000000276
363.803000000000281
363.944000000000282
364.085000000000282
364.230000000000282
364.381000000000282
364.535000000000282
364.681000000000282
364.834000000000282
364.987000000000283
366.353000000000284
366.472000000000284
366.612000000000284
366.758000000000284
366.902000000000284
367.047000000000284
367.198000000000284
367.371000000000285
367.531000000000285
367.689000000000285
367.841000000000285
367.997000000000285
368.158000000000285
368.329000000000285
368.505000000000286
368.680000000000286
368.838000000000286
368.994000000000286
369.158000000000286
369.337000000000286
369.498000000000287
369.649000000000287
369.799000000000287
369.974000000000287
370.136000000000287
370.294000000000287
370.455000000000287
370.619000000000288
370.790000000000288
370.975000000000288
371.146000000000288
371.315000000000288
371.483000000000288
371.648000000000288
371.813000000000289
371.983000000000289
372.144000000000289
372.307000000000289
372.477000000000289
372.655000000000289
372.822000000000289
372.98500000000029
373.13600000000029
373.28500000000029
373.45900000000029
373.63700000000029
373.82200000000029
373.97200000000029
374.117000000000291
374.254000000000291
374.424000000000291
374.598000000000291
374.792000000000291
374.936000000000291
375.102000000000292
376.491000000000293
376.884000000000293
377.015000000000293
377.163000000000293
377.303000000000293
377.467000000000294
377.639000000000294
377.811000000000294
377.977000000000294
378.142000000000294
378.309000000000294
378.472000000000294
378.641000000000295
378.813000000000295
378.984000000000295
379.166000000000295
379.361000000000295
379.534000000000295
379.710000000000296
379.878000000000296
380.050000000000296
380.228000000000296
380.403000000000296
380.586000000000296
380.969000000000297
381.138000000000297
381.304000000000297
381.459000000000297
381.628000000000297
381.801000000000297
381.998000000000298
382.177000000000298
382.346000000000298
382.533000000000298
382.710000000000298
382.880000000000298
383.359000000000299
383.498000000000299
383.657000000000299
383.811000000000299
383.985000000000299
384.1640000000003
384.3340000000003
384.5030000000003
384.6940000000003
384.8960000000003
388.384000000000303
388.511000000000303
388.662000000000304
389.053000000000304
389.182000000000304
389.330000000000304
389.485000000000304
390.322000000000305
390.451000000000305
390.588000000000305
390.741000000000305
390.900000000000306
391.057000000000306
391.214000000000306
391.367000000000306
391.524000000000306
391.677000000000306
391.844000000000306
392.011000000000307
392.193000000000307
392.369000000000307
392.536000000000307
399.239000000000313
399.361000000000313
399.495000000000313
399.636000000000313
399.784000000000313
399.929000000000314
400.072000000000314
400.217000000000314
400.360000000000314
400.500000000000314
400.655000000000314
400.808000000000314
400.955000000000314
401.103000000000315
401.257000000000315
401.407000000000315
401.557000000000315
401.722000000000315
401.882000000000315
402.038000000000315
402.190000000000316
402.351000000000316
402.516000000000316
402.677000000000316
402.848000000000316
403.013000000000316
403.179000000000316
403.338000000000317
403.494000000000317
403.652000000000317
403.814000000000317
403.979000000000317
404.135000000000317
404.291000000000317
404.444000000000318
404.605000000000318
404.758000000000318
404.921000000000318
405.068000000000318
405.223000000000318
405.374000000000318
405.529000000000318
405.674000000000319
405.831000000000319
411.606000000000324
411.738000000000324
411.864000000000324
412.009000000000324
412.157000000000324
412.307000000000325
412.457000000000325
412.612000000000325
412.780000000000325
412.936000000000325
413.089000000000325
413.239000000000325
413.385000000000326
413.533000000000326
413.688000000000326
413.845000000000326
414.584000000000327
414.732000000000327
414.878000000000327
415.035000000000327
415.205000000000327
415.366000000000327
415.532000000000327
415.704000000000328
415.883000000000328
416.048000000000328
416.239000000000328
416.380000000000328
416.554000000000328
416.726000000000328
416.898000000000329
417.074000000000329
417.240000000000329
417.397000000000329
417.546000000000329
417.704000000000329
417.874000000000329
418.02300000000033
418.17900000000033
418.33700000000033
418.50900000000033
418.69200000000033
418.85200000000033
419.019000000000331
419.186000000000331
419.357000000000331
419.513000000000331
419.674000000000331
419.840000000000331
419.999000000000331
425.148000000000336
425.260000000000336
425.391000000000336
425.602000000000336
425.717000000000336
425.862000000000337
426.022000000000337
426.182000000000337
426.337000000000337
426.499000000000337
426.650000000000337
426.813000000000337
426.972000000000338
427.134000000000338
427.287000000000338
427.441000000000338
427.613000000000338
427.898000000000338
428.032000000000338
428.205000000000339
592.761000000000485
592.880000000000485
593.009000000000485
593.144000000000485
593.280000000000485
593.421000000000485
593.558000000000486
593.696000000000486
593.830000000000486
593.972000000000486
594.111000000000486
594.262000000000486
594.411000000000486
594.553000000000486
594.695000000000486
594.840000000000487
594.990000000000487
595.136000000000487
595.295000000000487
595.453000000000487
595.601000000000487
596.604000000000488
596.751000000000488
596.891000000000488
597.034000000000489
597.178000000000489
597.316000000000489
597.466000000000489
597.606000000000489
597.772000000000489
597.922000000000489
598.07100000000049
598.21400000000049
598.36900000000049
598.54800000000049
600.529000000000492
600.671000000000492
600.810000000000492
600.958000000000492
601.111000000000492
601.249000000000492
601.398000000000492
601.544000000000493
601.694000000000493
603.067000000000494
603.203000000000494
603.344000000000494
603.497000000000494
603.640000000000494
603.789000000000495
603.927000000000495
607.211000000000498
607.339000000000498
607.475000000000498
607.629000000000498
2512.7099999999506
2512.83499999995058
2512.97599999995057
2513.11799999995055
2513.26699999995054
2513.41499999995052
2513.5639999999505
2514.68099999995038
2514.81999999995036
2514.99399999995035
2515.15999999995033
2515.34699999995031
2515.50299999995029
2515.65499999995027
2515.82999999995025
2515.98899999995024
2516.14999999995022
2516.3339999999502
2516.50299999995018
2516.66799999995016
2516.84699999995014
2518.12099999995
2518.26999999994998
2518.41999999994997
2518.57099999994995
2518.71999999994993
2518.86499999994992
2519.0149999999499
2519.17099999994989
2519.33199999994987
2519.49599999994985
2519.65499999994983
2519.87199999994981
2520.04099999994979
2520.20499999994977
2520.36299999994975
2520.52899999994974
2520.69099999994972
2523.26499999994943
2523.41299999994942
2523.5679999999494
2523.72399999994938
2523.89199999994937
2524.07499999994934
2524.22599999994933
2524.38699999994931
2524.55299999994929
2524.68999999994928
2524.85899999994926
2526.07999999994912
2532.14299999994846
2532.28699999994844
-4
355.344000000000274
356.084000000000275
356.186000000000275
356.554000000000275
356.691000000000275
356.805000000000275
357.082000000000276
357.374000000000276
363.853000000000282
364.001000000000282
364.146000000000282
364.299000000000282
364.456000000000282
364.603000000000282
364.747000000000282
364.904000000000282
365.051000000000283
366.392000000000284
366.521000000000284
366.675000000000284
366.821000000000284
366.968000000000284
367.115000000000284
367.279000000000285
367.449000000000285
367.605000000000285
367.753000000000285
367.908000000000285
368.072000000000285
368.242000000000285
368.424000000000286
368.587000000000286
368.754000000000286
368.912000000000286
369.073000000000286
369.241000000000286
369.416000000000286
369.565000000000287
369.711000000000287
369.880000000000287
370.057000000000287
370.210000000000287
370.368000000000287
370.529000000000287
370.701000000000288
370.878000000000288
371.064000000000288
371.236000000000288
371.404000000000288
371.566000000000288
371.727000000000288
371.889000000000289
372.058000000000289
372.220000000000289
372.391000000000289
372.564000000000289
372.735000000000289
372.88100000000029
373.04900000000029
373.19800000000029
373.37000000000029
373.54900000000029
373.72000000000029
373.88600000000029
374.023000000000291
374.160000000000291
374.336000000000291
374.522000000000291
374.685000000000291
374.841000000000291
375.014000000000291
375.170000000000292
376.559000000000293
376.939000000000293
377.078000000000293
377.215000000000293
377.374000000000294
377.538000000000294
377.717000000000294
377.892000000000294
378.054000000000294
378.223000000000294
378.388000000000294
378.549000000000295
378.722000000000295
378.894000000000295
379.089000000000295
379.258000000000295
379.451000000000295
379.623000000000296
379.841000000000296
379.965000000000296
380.156000000000296
380.319000000000296
380.505000000000296
380.889000000000297
381.052000000000297
381.227000000000297
381.384000000000297
381.549000000000297
381.720000000000297
381.913000000000298
382.093000000000298
382.271000000000298
382.436000000000298
382.630000000000298
382.790000000000298
382.909000000000298
383.434000000000299
383.574000000000299
383.732000000000299
383.903000000000299
384.094000000000299
384.2550000000003
384.4180000000003
384.6040000000003
384.7700000000003
384.9330000000003
388.430000000000303
388.574000000000303
388.733000000000304
389.099000000000304
389.246000000000304
389.398000000000304
389.558000000000304
390.377000000000305
390.512000000000305
390.663000000000305
390.826000000000305
390.978000000000306
391.135000000000306
391.289000000000306
391.446000000000306
391.598000000000306
391.767000000000306
391.934000000000306
392.100000000000307
392.282000000000307
392.466000000000307
392.625000000000307
399.277000000000313
399.421000000000313
399.562000000000313
399.709000000000313
399.857000000000313
400.000000000000314
400.141000000000314
400.286000000000314
400.421000000000314
400.571000000000314
400.731000000000314
400.880000000000314
401.025000000000314
401.179000000000315
401.329000000000315
401.475000000000315
401.633000000000315
401.801000000000315
401.956000000000315
402.111000000000316
402.271000000000316
402.430000000000316
402.591000000000316
402.759000000000316
402.931000000000316
403.100000000000316
403.258000000000316
403.425000000000317
403.591000000000317
403.746000000000317
403.903000000000317
404.060000000000317
404.228000000000317
404.373000000000317
404.527000000000318
404.696000000000318
404.841000000000318
404.991000000000318
405.138000000000318
405.293000000000318
405.429000000000318
405.577000000000319
405.743000000000319
405.897000000000319
411.659000000000324
411.788000000000324
411.933000000000324
412.083000000000324
412.229000000000324
412.382000000000325
412.535000000000325
412.697000000000325
412.856000000000325
413.014000000000325
413.160000000000325
413.306000000000325
413.456000000000326
413.618000000000326
413.778000000000326
413.920000000000326
414.649000000000327
414.801000000000327
414.959000000000327
415.127000000000327
415.297000000000327
415.455000000000327
415.622000000000327
415.792000000000328
415.965000000000328
416.137000000000328
416.297000000000328
416.466000000000328
416.644000000000328
416.818000000000329
416.987000000000329
417.159000000000329
417.307000000000329
417.457000000000329
417.632000000000329
417.803000000000329
417.94900000000033
418.10200000000033
418.26000000000033
418.44000000000033
418.59900000000033
418.77200000000033
418.93600000000033
419.103000000000331
419.276000000000331
419.436000000000331
419.593000000000331
419.746000000000331
419.914000000000331
420.091000000000331
425.182000000000336
425.308000000000336
425.455000000000336
425.630000000000336
425.782000000000336
425.945000000000337
426.106000000000337
426.262000000000337
426.421000000000337
426.572000000000337
426.732000000000337
426.893000000000338
427.045000000000338
427.205000000000338
427.356000000000338
427.521000000000338
427.662000000000338
427.937000000000338
428.106000000000339
428.287000000000339
592.818000000000485
592.939000000000485
593.071000000000485
593.204000000000485
593.347000000000485
593.483000000000485
593.616000000000486
593.747000000000486
593.891000000000486
594.029000000000486
594.172000000000486
594.328000000000486
594.473000000000486
594.611000000000486
594.754000000000487
594.907000000000487
595.054000000000487
595.212000000000487
595.360000000000487
595.513000000000487
595.635000000000487
596.662000000000488
596.818000000000488
596.959000000000488
597.098000000000489
597.238000000000489
597.382000000000489
597.525000000000489
597.688000000000489
597.842000000000489
597.987000000000489
598.12400000000049
598.27900000000049
598.44200000000049
598.58400000000049
600.590000000000492
600.738000000000492
600.885000000000492
601.035000000000492
601.171000000000492
601.315000000000492
601.458000000000492
601.597000000000493
601.753000000000493
603.117000000000494
603.268000000000494
603.414000000000494
603.564000000000494
603.707000000000494
603.838000000000495
603.960000000000495
607.262000000000498
607.402000000000498
607.547000000000498
607.665000000000498
2512.75199999995059
2512.89299999995058
2513.03999999995056
2513.18799999995054
2513.33399999995053
2513.47899999995051
2513.6259999999505
2514.71899999995038
2514.88799999995036
2515.06499999995034
2515.22199999995032
2515.3639999999503
2515.52799999995029
2515.71499999995027
2515.88099999995025
2516.05799999995023
2516.22899999995021
2516.40799999995019
2516.58099999995017
2516.74599999995015
2516.91699999995013
2518.17899999994999
2518.33499999994998
2518.48499999994996
2518.63799999994994
2518.78299999994993
2518.92999999994991
2519.0819999999499
2519.24199999994988
2519.40499999994986
2519.56899999994984
2519.73099999994982
2519.9519999999498
2520.09999999994978
2520.26799999994976
2520.43199999994975
2520.58699999994973
2520.72299999994971
2523.31699999994943
2523.47299999994941
2523.63799999994939
2523.80599999994937
2523.97099999994936
2524.13599999994934
2524.29499999994932
2524.4539999999493
2524.60399999994929
2524.75799999994927
2524.92599999994925
2526.79599999994905
2532.18299999994845
2532.33699999994844
0
0
0
0
0
0
0
0
0
0
0
0
0
3600.00099999983085
0
0
0
0
0
0
