8
14
19
8
14
19
IPPneo1.14
test1
0
2
12
17
31
13
21
26
22
4
.3
1
408
408
1
252
252
1
1
1
1
1
1
1
1
1
1
1
1
1
1
1
1
1
1
1
1
407
-1
28.3209999999999899
28.4639999999999898
28.5979999999999897
28.7579999999999895
28.8999999999999894
29.0549999999999893
29.2059999999999891
29.327999999999989
29.4539999999999889
29.5799999999999888
30.7009999999999879
30.8349999999999878
30.9839999999999876
31.1409999999999875
31.2819999999999874
31.4279999999999873
31.5689999999999871
31.717999999999987
31.8529999999999869
32.0079999999999868
32.1609999999999869
32.297999999999987
34.0339999999999886
34.1829999999999887
34.3559999999999889
34.516999999999989
34.6589999999999891
34.8089999999999893
36.0589999999999904
36.2119999999999905
36.3749999999999907
36.5479999999999908
36.710999999999991
36.8609999999999911
37.0189999999999912
37.1689999999999914
37.3159999999999915
37.4569999999999916
37.6079999999999918
37.7429999999999919
44.7519999999999981
44.8829999999999982
45.0409999999999984
45.2049999999999985
45.3439999999999986
45.5069999999999988
45.6599999999999989
45.803999999999999
46.6889999999999998
46.844
47.0000000000000001
47.1690000000000002
47.3190000000000004
47.4640000000000005
47.6230000000000007
47.7620000000000008
47.9080000000000009
48.051000000000001
48.1940000000000012
48.3560000000000013
48.4910000000000014
48.6390000000000016
48.7790000000000017
49.5740000000000024
49.7110000000000025
49.8860000000000027
50.0450000000000028
50.1870000000000029
50.3360000000000031
50.4990000000000032
50.6530000000000033
50.8140000000000035
50.9750000000000036
51.1300000000000038
51.2830000000000039
51.443000000000004
51.6140000000000042
51.7570000000000043
51.9160000000000045
52.0590000000000046
52.8160000000000053
52.9610000000000054
53.1480000000000056
53.3020000000000057
53.4590000000000058
53.621000000000006
53.7730000000000061
53.9190000000000062
54.0760000000000064
54.2460000000000065
54.4230000000000067
54.5800000000000068
54.741000000000007
54.9100000000000071
55.0720000000000073
55.2190000000000074
55.3680000000000075
55.5130000000000077
55.6590000000000078
56.1060000000000082
56.2800000000000083
56.7330000000000087
56.8980000000000089
57.070000000000009
57.2460000000000092
57.4040000000000093
57.5560000000000095
57.7240000000000096
57.8850000000000098
58.0360000000000099
58.19000000000001
58.3590000000000102
58.4990000000000103
58.6500000000000104
58.8030000000000106
58.9490000000000107
59.0980000000000108
59.253000000000011
59.4150000000000111
59.5680000000000113
59.7280000000000114
59.8840000000000115
60.0430000000000117
60.2040000000000118
60.353000000000012
60.5100000000000121
60.6650000000000122
60.8170000000000124
60.9700000000000125
61.1230000000000126
61.2770000000000128
61.4480000000000129
61.6000000000000131
61.7560000000000132
61.9080000000000133
62.0690000000000135
62.2130000000000136
62.3620000000000137
62.5210000000000139
62.681000000000014
62.8540000000000142
63.0080000000000143
63.1840000000000145
63.3400000000000146
63.4940000000000147
63.6590000000000149
63.804000000000015
63.9520000000000152
64.1010000000000153
64.2680000000000154
64.4190000000000156
64.5820000000000157
64.7390000000000158
64.899000000000016
65.0420000000000161
65.1920000000000163
65.3430000000000164
65.4940000000000165
65.6580000000000167
65.7970000000000168
65.9540000000000169
66.1030000000000171
66.2600000000000172
66.4310000000000174
66.6000000000000175
66.7560000000000176
66.9090000000000178
67.0680000000000179
67.2290000000000181
67.3980000000000182
67.5480000000000184
67.7080000000000185
67.8660000000000186
68.0170000000000188
68.1710000000000189
68.328000000000019
68.4780000000000192
68.6330000000000193
68.8040000000000195
68.9430000000000196
69.2730000000000199
69.39700000000002
69.5610000000000201
69.9490000000000205
70.1040000000000206
70.2690000000000208
70.4150000000000209
70.8470000000000213
71.0040000000000214
71.1780000000000216
71.3450000000000217
71.5030000000000219
71.661000000000022
71.8200000000000221
71.9780000000000223
72.1250000000000224
72.2920000000000226
72.4430000000000227
72.6260000000000229
82.2990000000000314
82.4280000000000316
82.5650000000000317
82.7170000000000318
82.8550000000000319
83.0100000000000321
83.1520000000000322
83.3090000000000324
83.4420000000000325
83.5920000000000326
83.7320000000000327
83.8690000000000328
84.008000000000033
84.1460000000000331
84.2930000000000332
84.4330000000000333
166.274000000000106
166.393000000000106
166.519000000000106
166.655000000000106
166.779000000000106
166.926000000000107
167.054000000000107
173.849000000000113
173.971000000000113
174.106000000000113
175.074000000000114
175.129000000000114
246.565000000000177
246.680000000000177
246.819000000000178
246.956000000000178
247.084000000000178
247.239000000000178
251.011000000000181
251.134000000000181
449.625000000000358
449.734000000000358
449.861000000000358
449.986000000000358
450.110000000000358
450.253000000000358
450.375000000000358
450.516000000000358
450.984000000000359
451.089000000000359
451.214000000000359
451.360000000000359
451.485000000000359
451.614000000000359
451.74000000000036
451.86700000000036
452.00100000000036
452.11200000000036
452.26400000000036
452.39900000000036
452.52100000000036
452.66300000000036
452.79200000000036
453.306000000000361
453.431000000000361
453.587000000000361
453.728000000000361
453.856000000000361
453.992000000000362
454.126000000000362
454.256000000000362
454.394000000000362
454.526000000000362
454.680000000000362
454.821000000000362
454.965000000000362
455.091000000000363
455.477000000000363
455.629000000000363
455.775000000000363
455.928000000000363
456.069000000000363
456.219000000000364
456.876000000000364
457.010000000000364
457.170000000000364
457.335000000000365
457.458000000000365
457.477000000000365
457.556000000000365
538.374000000000436
686.723000000000568
686.862000000000568
686.998000000000568
687.149000000000569
687.291000000000569
687.397000000000569
687.542000000000569
687.691000000000569
687.819000000000569
687.935000000000569
688.062000000000569
688.18800000000057
688.32500000000057
688.47800000000057
688.58200000000057
763.728000000000637
763.955000000000637
764.428000000000637
764.552000000000637
764.693000000000638
764.819000000000638
764.983000000000638
765.134000000000638
767.05100000000064
802.402000000000671
802.540000000000671
802.691000000000671
802.957000000000672
803.100000000000672
803.230000000000672
803.350000000000672
803.454000000000672
803.474000000000672
803.554000000000672
809.546000000000677
873.058000000000734
873.192000000000734
873.321000000000734
873.475000000000734
874.089000000000735
874.222000000000735
874.368000000000735
874.521000000000735
874.656000000000735
874.802000000000735
874.928000000000735
875.063000000000736
875.196000000000736
875.336000000000736
875.456000000000736
875.604000000000736
875.726000000000736
875.856000000000736
875.987000000000736
876.129000000000736
876.249000000000737
876.384000000000737
876.506000000000737
876.639000000000737
876.780000000000737
876.907000000000737
877.039000000000737
877.196000000000737
877.320000000000738
877.378000000000738
1069.57700000000091
1070.17900000000091
1133.18700000000096
1133.41600000000096
1184.84100000000101
1184.95300000000101
1185.08800000000101
1185.24200000000101
1185.39800000000101
1185.52600000000101
1186.01000000000101
1186.16200000000101
1186.31400000000101
1186.46400000000101
1186.58000000000101
1186.72100000000101
1186.85200000000101
1186.98400000000101
1187.10000000000101
1187.22100000000101
1187.35000000000101
1187.49700000000101
1187.62500000000101
1187.76900000000101
1187.88600000000101
1188.03400000000101
1188.15100000000101
1188.28600000000101
1188.42800000000101
1188.57600000000101
1188.71600000000101
1188.84400000000101
1188.97000000000101
1189.11500000000101
1189.24700000000101
1189.38600000000101
1189.51700000000101
1189.64400000000101
1189.78900000000102
1189.92100000000102
1190.03700000000102
1190.05800000000102
1190.19700000000102
1190.20600000000102
1190.27500000000102
1232.62400000000105
1240.03300000000106
1240.16300000000106
1240.30200000000106
1240.45300000000106
1240.53700000000106
1240.55700000000106
1240.56800000000106
1336.91900000000115
1337.17900000000115
2367.83799999996655
-2
28.3599999999999899
28.4969999999999897
28.6489999999999896
28.8119999999999895
28.9659999999999893
29.1109999999999892
29.2529999999999891
29.372999999999989
29.4969999999999889
29.6299999999999888
30.7349999999999878
30.8839999999999877
31.0389999999999876
31.1879999999999875
31.3309999999999873
31.4759999999999872
31.6209999999999871
31.763999999999987
31.9149999999999868
32.0659999999999868
32.206999999999987
32.3369999999999871
34.0889999999999886
34.2509999999999888
34.4129999999999889
34.558999999999989
34.7079999999999892
34.8479999999999893
36.1059999999999904
36.2759999999999906
36.4489999999999907
36.6149999999999909
36.768999999999991
36.9249999999999912
37.0759999999999913
37.2239999999999914
37.3639999999999915
37.5119999999999917
37.6539999999999918
37.7879999999999919
44.7949999999999981
44.9459999999999983
45.1129999999999984
45.2609999999999986
45.4189999999999987
45.5719999999999988
45.715999999999999
45.8449999999999991
46.7379999999999999
46.899
47.0660000000000002
47.2220000000000003
47.3700000000000004
47.5260000000000006
47.6690000000000007
47.8120000000000008
47.9570000000000009
48.0980000000000011
48.2470000000000012
48.4000000000000013
48.5430000000000015
48.6850000000000016
48.8250000000000017
49.6200000000000024
49.7830000000000026
49.9470000000000027
50.0900000000000028
50.235000000000003
50.3930000000000031
50.5510000000000032
50.7090000000000034
50.8680000000000035
51.0290000000000037
51.1850000000000038
51.340000000000004
51.5000000000000041
51.6630000000000042
51.8140000000000044
51.9660000000000045
52.1040000000000046
52.8700000000000053
53.0320000000000055
53.2040000000000056
53.3620000000000057
53.5200000000000059
53.674000000000006
53.8200000000000062
53.9670000000000063
54.1380000000000064
54.3130000000000066
54.4800000000000067
54.6390000000000069
54.791000000000007
54.9700000000000072
55.1220000000000073
55.2710000000000074
55.4190000000000076
55.5590000000000077
55.6930000000000078
56.1740000000000082
56.3390000000000084
56.7910000000000088
56.972000000000009
57.1440000000000091
57.3010000000000092
57.4540000000000094
57.6190000000000095
57.7850000000000097
57.9390000000000098
58.09200000000001
58.2450000000000101
58.4080000000000102
58.5540000000000104
58.7070000000000105
58.8540000000000106
58.9990000000000108
59.1520000000000109
59.314000000000011
59.4670000000000112
59.6290000000000113
59.7820000000000114
59.9360000000000116
60.1070000000000117
60.2610000000000119
60.418000000000012
60.5690000000000122
60.7200000000000123
60.8690000000000124
61.0250000000000126
61.1790000000000127
61.3310000000000128
61.504000000000013
61.6580000000000131
61.8110000000000132
61.9700000000000134
62.1180000000000135
62.2580000000000136
62.4210000000000138
62.5790000000000139
62.7540000000000141
62.9080000000000142
63.0720000000000144
63.2470000000000145
63.4000000000000147
63.5620000000000148
63.7120000000000149
63.8550000000000151
64.0040000000000152
64.1640000000000153
64.3230000000000155
64.4850000000000156
64.6440000000000158
64.7990000000000159
64.954000000000016
65.1000000000000162
65.2510000000000163
65.4020000000000164
65.5430000000000166
65.7230000000000167
65.8540000000000168
66.006000000000017
66.1620000000000171
66.3320000000000173
66.5030000000000174
66.6600000000000176
66.8130000000000177
66.9740000000000178
67.130000000000018
67.2860000000000181
67.4540000000000183
67.6130000000000184
67.7710000000000185
67.9210000000000187
68.0730000000000188
68.227000000000019
68.3810000000000191
68.5350000000000192
68.6930000000000194
68.8530000000000195
68.9910000000000196
69.3030000000000199
69.46000000000002
69.6110000000000202
70.0050000000000205
70.1690000000000207
70.3200000000000208
70.4590000000000209
70.9070000000000213
71.0830000000000215
71.2510000000000216
71.4100000000000218
71.5720000000000219
71.7260000000000221
71.8860000000000222
72.0320000000000223
72.1970000000000225
72.3480000000000226
72.5120000000000228
72.6530000000000229
82.3500000000000315
82.4860000000000316
82.6330000000000318
82.7770000000000319
82.929000000000032
83.0710000000000321
83.2210000000000323
83.3580000000000324
83.5020000000000325
83.6440000000000326
83.7810000000000328
83.9180000000000329
84.053000000000033
84.2000000000000331
84.3420000000000333
84.4780000000000334
166.320000000000106
166.439000000000106
166.571000000000106
166.703000000000106
166.847000000000107
166.985000000000107
167.121000000000107
173.890000000000113
174.028000000000113
174.862000000000114
175.123000000000114
205.402000000000141
246.610000000000177
246.730000000000178
246.874000000000178
247.003000000000178
247.147000000000178
247.263000000000178
251.052000000000181
303.261000000000228
449.680000000000358
449.782000000000358
449.906000000000358
450.037000000000358
450.176000000000358
450.310000000000358
450.442000000000358
450.557000000000358
451.010000000000359
451.132000000000359
451.276000000000359
451.408000000000359
451.532000000000359
451.66200000000036
451.79100000000036
451.90500000000036
452.03900000000036
452.18000000000036
452.31700000000036
452.44400000000036
452.58100000000036
452.71400000000036
452.833000000000361
453.347000000000361
453.501000000000361
453.648000000000361
453.777000000000361
453.912000000000362
454.046000000000362
454.176000000000362
454.312000000000362
454.448000000000362
454.597000000000362
454.727000000000362
454.883000000000362
455.010000000000362
455.124000000000363
455.545000000000363
455.691000000000363
455.843000000000363
455.979000000000363
456.139000000000363
456.272000000000364
456.927000000000364
457.084000000000364
457.247000000000364
457.411000000000365
457.466000000000365
457.546000000000365
534.348000000000433
545.417000000000443
686.761000000000568
686.902000000000568
687.056000000000568
687.201000000000569
687.314000000000569
687.457000000000569
687.604000000000569
687.738000000000569
687.852000000000569
687.977000000000569
688.10200000000057
688.23500000000057
688.38500000000057
688.53400000000057
758.505000000000632
763.749000000000637
763.997000000000637
764.515000000000637
764.665000000000637
764.789000000000638
764.960000000000638
765.074000000000638
765.639000000000638
767.10000000000064
802.453000000000671
802.602000000000671
802.753000000000671
803.023000000000672
803.156000000000672
803.281000000000672
803.409000000000672
803.473000000000672
803.544000000000672
808.066000000000676
814.329000000000682
873.120000000000734
873.234000000000734
873.381000000000734
873.508000000000734
874.135000000000735
874.278000000000735
874.441000000000735
874.583000000000735
874.727000000000735
874.855000000000735
874.987000000000735
875.119000000000736
875.258000000000736
875.382000000000736
875.527000000000736
875.651000000000736
875.769000000000736
875.910000000000736
876.049000000000736
876.175000000000736
876.305000000000737
876.430000000000737
876.561000000000737
876.702000000000737
876.834000000000737
876.962000000000737
877.102000000000737
877.249000000000738
877.377000000000738
915.412000000000771
1069.64600000000091
1070.21700000000091
1133.22600000000096
1133.79400000000097
1184.86300000000101
1184.99600000000101
1185.13700000000101
1185.30300000000101
1185.44000000000101
1185.56100000000101
1186.08000000000101
1186.23200000000101
1186.38200000000101
1186.50800000000101
1186.64400000000101
1186.77500000000101
1186.90300000000101
1187.02600000000101
1187.14000000000101
1187.26400000000101
1187.41500000000101
1187.54800000000101
1187.68800000000101
1187.81400000000101
1187.95200000000101
1188.07600000000101
1188.20500000000101
1188.34400000000101
1188.48400000000101
1188.63800000000101
1188.76700000000101
1188.89300000000101
1189.03400000000101
1189.16900000000101
1189.30400000000101
1189.43900000000101
1189.56600000000101
1189.69800000000101
1189.84600000000102
1189.98300000000102
1190.04500000000102
1190.12900000000102
1190.20400000000102
1190.26400000000102
1224.59200000000105
1232.80400000000105
1240.07900000000106
1240.20900000000106
1240.36200000000106
1240.51800000000106
1240.55500000000106
1240.56700000000106
1275.73600000000109
1336.94700000000115
1337.26700000000115
2367.87099999996655
251
-3
241.163000000000173
1345.27900000000115
1347.28000000000115
1348.64900000000116
1348.78400000000116
1348.96700000000116
1349.08800000000116
1349.22300000000116
1349.36500000000116
1350.87800000000116
1351.02200000000116
1351.35900000000116
1351.49500000000116
1351.81600000000116
1352.96000000000116
1353.13000000000116
1353.25300000000116
1354.23300000000116
1354.40000000000116
1354.55200000000116
1355.56000000000116
1355.68600000000116
1355.87000000000116
1356.28900000000116
1356.72200000000116
1357.01800000000116
1357.31700000000116
1357.44800000000116
1357.76800000000116
1358.62900000000116
1358.80800000000117
1358.94200000000117
1359.26300000000117
1359.41500000000117
1359.57300000000117
1359.70500000000117
1361.06000000000117
1361.20000000000117
1361.49600000000117
1361.66100000000117
1361.80400000000117
1361.97700000000117
1362.13100000000117
1363.53200000000117
1363.70300000000117
1363.89800000000117
1364.01700000000117
1364.17700000000117
1364.47800000000117
1364.82200000000117
1364.95900000000117
1365.13400000000117
1365.30100000000117
1365.47200000000117
1366.63000000000117
1366.81300000000117
1366.98000000000117
1367.14200000000117
1367.30200000000117
1367.46200000000117
1367.63600000000117
1367.77900000000117
1367.93400000000117
1368.10400000000117
1368.27300000000117
1368.42600000000117
1368.61500000000117
1368.92100000000117
1369.90000000000118
1370.06700000000118
1370.24700000000118
1370.40000000000118
1370.60400000000118
1370.82500000000118
1371.52100000000118
1371.63200000000118
1371.88100000000118
1372.04600000000118
1372.21900000000118
1372.38700000000118
1372.56400000000118
1372.74500000000118
1372.93600000000118
1373.52000000000118
1373.62400000000118
1373.86200000000118
1374.01200000000118
1374.19100000000118
1374.36500000000118
1374.54500000000118
1375.53900000000118
1375.71200000000118
1375.79300000000118
1376.60400000000118
1376.70800000000118
1376.82300000000118
1377.09800000000118
1377.32600000000118
1377.51200000000118
1377.61600000000118
1377.64500000000118
1377.89900000000118
1378.11200000000118
1378.35800000000118
1378.81000000000118
1379.16300000000118
1379.28000000000118
1379.37100000000118
1379.50000000000118
1379.73500000000118
1380.10600000000118
1380.33700000000118
1380.59300000000118
1380.70400000000118
1380.95500000000118
1381.17900000000118
1381.38600000000119
1381.53300000000119
1381.64500000000119
1382.48700000000119
1382.67300000000119
1382.81500000000119
1382.96500000000119
1383.12700000000119
1383.23300000000119
1383.38300000000119
1383.49800000000119
1384.66300000000119
1384.79900000000119
1384.96900000000119
1385.12400000000119
1385.28300000000119
1385.41200000000119
1385.56200000000119
1385.70800000000119
1385.98900000000119
1386.29500000000119
1386.44800000000119
1386.56500000000119
1386.73000000000119
1386.84500000000119
1387.00000000000119
1387.14900000000119
1387.28600000000119
1387.41100000000119
1387.54400000000119
1387.73000000000119
1387.84300000000119
1388.01700000000119
1388.13900000000119
1388.30200000000119
1388.43800000000119
1388.59600000000119
1388.74300000000119
1388.91100000000119
1389.06600000000119
1390.17500000000119
1390.34000000000119
1390.50000000000119
1390.62900000000119
1390.80500000000119
1390.93800000000119
1391.10100000000119
1391.23500000000119
1391.40500000000119
1391.56200000000119
1391.70000000000119
1391.84000000000119
1391.98200000000119
1392.11600000000119
1392.27900000000119
1392.40200000000119
1392.6940000000012
1392.8340000000012
1393.0040000000012
1393.1340000000012
1393.4470000000012
1393.6100000000012
1393.7680000000012
1393.9170000000012
1394.0610000000012
1394.8370000000012
1395.0070000000012
1395.1760000000012
1395.3250000000012
1395.4870000000012
1395.6310000000012
1395.8050000000012
1395.9720000000012
1396.1400000000012
1396.3140000000012
1396.4750000000012
1396.7910000000012
1396.9580000000012
1397.1310000000012
1397.8510000000012
1397.9980000000012
1398.1190000000012
1398.3850000000012
1398.6550000000012
1398.8180000000012
1398.9750000000012
1399.1350000000012
1399.3130000000012
1399.4840000000012
1399.9960000000012
1400.8700000000012
1401.0210000000012
1401.1910000000012
1401.3580000000012
1401.7800000000012
1401.9360000000012
1402.1170000000012
1402.3010000000012
1402.4740000000012
1402.6480000000012
1402.8280000000012
1403.0050000000012
1403.2010000000012
1404.40300000000121
1408.91700000000121
1409.05400000000121
1409.51100000000121
1410.50800000000121
1410.66600000000121
1412.38700000000121
1412.53600000000121
1412.69800000000121
1412.86000000000121
1413.05100000000121
2433.6789999999593
2433.88999999995928
2434.44899999995922
2434.67799999995919
2435.89599999995906
2436.07699999995904
2436.26899999995902
2436.433999999959
2436.60499999995898
2436.75299999995896
2436.98499999995894
2437.16899999995892
2437.3239999999589
2437.48699999995888
2439.45899999995866
2439.61299999995865
2439.67599999995864
2439.79799999995863
2440.14199999995859
2440.31699999995857
2441.26399999995847
-4
241.186000000000173
1345.33900000000115
1347.33500000000116
1348.68200000000116
1348.83900000000116
1348.98800000000116
1349.12700000000116
1349.26200000000116
1349.40400000000116
1350.89800000000116
1351.06700000000116
1351.38700000000116
1351.52200000000116
1351.87500000000116
1353.01600000000116
1353.16500000000116
1353.32300000000116
1354.27900000000116
1354.44700000000116
1354.61000000000116
1355.58200000000116
1355.74600000000116
1355.93200000000116
1356.35700000000116
1356.79100000000116
1357.07600000000116
1357.34900000000116
1357.52600000000116
1357.83400000000116
1358.69400000000116
1358.85200000000117
1359.02100000000117
1359.32000000000117
1359.47800000000117
1359.60700000000117
1359.74600000000117
1361.09500000000117
1361.26600000000117
1361.56100000000117
1361.71500000000117
1361.88300000000117
1362.03900000000117
1362.19400000000117
1363.59600000000117
1363.76300000000117
1363.92700000000117
1364.08600000000117
1364.25300000000117
1364.55900000000117
1364.87200000000117
1365.03900000000117
1365.20800000000117
1365.37200000000117
1365.55000000000117
1366.70200000000117
1366.88900000000117
1367.05200000000117
1367.21300000000117
1367.37000000000117
1367.53300000000117
1367.68000000000117
1367.84200000000117
1368.01100000000117
1368.16300000000117
1368.33000000000117
1368.51000000000117
1368.69600000000117
1368.99700000000117
1369.95700000000118
1370.13500000000118
1370.29500000000118
1370.47000000000118
1370.67300000000118
1370.89900000000118
1371.56200000000118
1371.66500000000118
1371.94600000000118
1372.12500000000118
1372.29700000000118
1372.47200000000118
1372.65100000000118
1372.83400000000118
1373.01800000000118
1373.55500000000118
1373.67000000000118
1373.93100000000118
1374.08600000000118
1374.26600000000118
1374.44100000000118
1374.63400000000118
1375.60900000000118
1375.78800000000118
1375.81600000000118
1376.66700000000118
1376.78400000000118
1376.90200000000118
1377.15800000000118
1377.47700000000118
1377.53800000000118
1377.63500000000118
1377.84300000000118
1377.95700000000118
1378.19800000000118
1378.55000000000118
1379.04100000000118
1379.18900000000118
1379.32900000000118
1379.45100000000118
1379.65000000000118
1379.93200000000118
1380.29100000000118
1380.39200000000118
1380.60700000000118
1380.76100000000118
1381.01600000000118
1381.35000000000119
1381.42600000000119
1381.57700000000119
1381.96000000000119
1382.55600000000119
1382.71800000000119
1382.87500000000119
1383.03700000000119
1383.15800000000119
1383.29500000000119
1383.42500000000119
1383.57400000000119
1384.70900000000119
1384.87100000000119
1385.04400000000119
1385.19800000000119
1385.32900000000119
1385.47200000000119
1385.62400000000119
1385.78600000000119
1386.06600000000119
1386.34800000000119
1386.49100000000119
1386.63600000000119
1386.77000000000119
1386.90900000000119
1387.05400000000119
1387.20300000000119
1387.32000000000119
1387.44800000000119
1387.62600000000119
1387.75600000000119
1387.92600000000119
1388.05400000000119
1388.20900000000119
1388.35000000000119
1388.50700000000119
1388.65300000000119
1388.80700000000119
1388.98000000000119
1389.12700000000119
1390.24300000000119
1390.40900000000119
1390.54100000000119
1390.70800000000119
1390.85300000000119
1391.01200000000119
1391.15000000000119
1391.30300000000119
1391.47200000000119
1391.61100000000119
1391.74800000000119
1391.89000000000119
1392.02500000000119
1392.18800000000119
1392.31600000000119
1392.4750000000012
1392.7430000000012
1392.9070000000012
1393.0460000000012
1393.2110000000012
1393.5200000000012
1393.6730000000012
1393.8150000000012
1393.9700000000012
1394.0890000000012
1394.8870000000012
1395.0730000000012
1395.2350000000012
1395.3930000000012
1395.5410000000012
1395.7120000000012
1395.8790000000012
1396.0500000000012
1396.2230000000012
1396.3740000000012
1396.5360000000012
1396.8640000000012
1397.0330000000012
1397.2000000000012
1397.9380000000012
1398.0490000000012
1398.1520000000012
1398.4170000000012
1398.7240000000012
1398.8800000000012
1399.0380000000012
1399.2100000000012
1399.3850000000012
1399.5520000000012
1400.0240000000012
1400.9080000000012
1401.0580000000012
1401.3540000000012
1401.5790000000012
1401.8490000000012
1402.0070000000012
1402.1910000000012
1402.3670000000012
1402.5320000000012
1402.7350000000012
1402.9090000000012
1403.0870000000012
1403.2670000000012
1404.45700000000121
1408.94400000000121
1409.11100000000121
1409.57200000000121
1410.56000000000121
1410.72700000000121
1412.43600000000121
1412.60000000000121
1412.76600000000121
1412.92800000000121
1413.09700000000121
2433.7129999999593
2433.91799999995927
2434.47599999995921
2434.73399999995918
2435.94299999995905
2436.14199999995903
2436.31899999995901
2436.50199999995899
2436.66499999995897
2436.80099999995896
2437.05099999995893
2437.22699999995891
2437.39599999995889
2437.56299999995887
2439.50199999995866
2439.66699999995864
2439.69099999995864
2439.87099999995862
2440.20099999995858
2440.37299999995856
2441.30499999995846
0
0
0
0
0
0
0
0
0
0
0
0
0
3600.00099999983085
0
0
0
0
0
0
