10
09
18
10
09
18
IPP2.15
sacchDay1
0
3
11
52
06
12
54
25
22
4
.3
1
320
320
1
39
39
1
1
1
1
1
1
1
1
1
1
1
1
1
1
1
1
1
1
1
1
319
-1
1176.858000000001
1176.958000000001
1177.243000000001
1177.356000000001
1177.605000000001
1177.742000000001
1177.888000000001
1178.017000000001
1178.138000000001
1178.79900000000101
1178.92300000000101
1179.05700000000101
1179.18600000000101
1179.31400000000101
1179.44400000000101
1179.60800000000101
1179.73800000000101
1179.85400000000101
1180.97000000000101
1181.09100000000101
1181.24400000000101
1181.35800000000101
1181.51900000000101
1181.64200000000101
1181.76100000000101
1181.91000000000101
1182.05300000000101
1182.18700000000101
1182.31000000000101
1182.47100000000101
1182.60000000000101
1182.72900000000101
1183.43200000000101
1183.56500000000101
1183.70900000000101
1183.85400000000101
1183.97900000000101
1184.27600000000101
1184.43100000000101
1184.55100000000101
1184.71200000000101
1184.84700000000101
1184.97700000000101
1185.10700000000101
1185.25700000000101
1187.11500000000101
1187.25600000000101
1187.40300000000101
1187.52000000000101
1187.82200000000101
1187.94800000000101
1188.10200000000101
1188.23500000000101
1188.39700000000101
1188.52700000000101
1188.67500000000101
1188.81400000000101
1189.77300000000102
1189.90000000000102
1190.07000000000102
1190.21500000000102
1190.35900000000102
1190.50600000000102
1190.64900000000102
1190.79900000000102
1191.08900000000102
1191.22400000000102
1191.36200000000102
1191.51500000000102
1191.63900000000102
1191.77500000000102
1193.05600000000102
1193.17300000000102
1193.23900000000102
1193.46100000000102
1193.63200000000102
1193.75500000000102
1193.90300000000102
1194.04300000000102
1194.19500000000102
1194.34100000000102
1194.50100000000102
1194.62600000000102
1194.76600000000102
1195.89100000000102
1196.02700000000102
1196.20100000000102
1196.33200000000102
1196.64100000000102
1196.79000000000102
1196.93800000000102
1197.07500000000102
1197.21900000000102
1197.38300000000102
1197.51000000000102
1197.65800000000102
1198.97000000000102
1199.09400000000102
1199.37900000000102
1199.55900000000102
1199.67300000000102
1199.96600000000102
1200.10100000000102
1200.23300000000102
1202.11400000000103
1202.25400000000103
1202.54100000000103
1202.71200000000103
1202.83300000000103
1202.96500000000103
1205.98200000000103
1206.11100000000103
1206.24400000000103
1206.41200000000103
1206.53600000000103
1206.70300000000103
1206.84800000000103
1207.12700000000103
1208.94200000000103
1209.17900000000103
1209.30900000000103
1209.48500000000103
1209.60800000000103
1209.75700000000103
1209.89500000000103
1233.89900000000105
1234.80000000000105
1234.91800000000106
1235.04600000000106
1235.19500000000106
1236.50300000000106
1236.79100000000106
1237.15100000000106
1237.63900000000106
1237.78700000000106
1237.97000000000106
1238.10400000000106
1238.47200000000106
1238.62400000000106
1239.27200000000106
1239.41800000000106
1239.54600000000106
1239.68400000000106
1240.13900000000106
1240.29300000000106
1240.44000000000106
1240.59500000000106
1240.74400000000106
1240.90300000000106
1241.07200000000106
1241.21500000000106
1241.33300000000106
1242.25100000000106
1242.37200000000106
1242.53800000000106
1374.25500000000118
1374.36800000000118
1374.50500000000118
1374.64000000000118
1374.76700000000118
1374.91400000000118
1375.04400000000118
1375.17600000000118
1375.29700000000118
1375.41600000000118
1375.54700000000118
1375.66100000000118
1375.79100000000118
1377.65800000000118
1377.81000000000118
1377.94600000000118
1378.08000000000118
1378.21400000000118
1378.34600000000118
1378.48000000000118
1378.61300000000118
1926.87500000000167
1927.01700000000167
1927.13500000000167
1927.29500000000167
1927.42600000000167
1928.25100000000167
1928.35700000000167
1928.50800000000167
1928.65300000000167
1928.78300000000167
1928.91500000000167
1929.03300000000167
1929.18000000000167
1929.30800000000167
1929.45400000000167
1929.58000000000167
1929.70700000000167
1937.48200000000168
1938.05100000000168
1938.16600000000168
1938.30000000000168
1938.44500000000168
1938.58300000000168
1938.71300000000168
1938.84900000000168
1938.98200000000168
1939.26200000000168
1939.37900000000168
1939.50800000000168
1940.42800000000168
1940.58000000000168
1940.73300000000168
1940.89400000000168
1941.04100000000168
1941.22600000000168
1941.38200000000168
1941.51000000000168
1941.64900000000168
1941.79200000000168
1942.01900000000168
1942.15400000000168
1942.29100000000168
1942.45600000000168
1942.58000000000168
1942.77300000000168
1942.90300000000168
1943.03200000000168
1944.56400000000169
1944.71400000000169
1944.88500000000169
1945.00400000000169
1945.18400000000169
1945.31900000000169
1945.47500000000169
1945.62300000000169
1945.81200000000169
1945.94600000000169
1946.07700000000169
1948.84500000000169
1948.96300000000169
1949.11100000000169
1949.28700000000169
1949.42400000000169
1949.58000000000169
1949.71000000000169
1949.85600000000169
1950.39500000000169
1952.52800000000169
1952.65400000000169
1952.82500000000169
1952.96000000000169
1953.12000000000169
1953.37900000000169
1965.6670000000017
1965.7820000000017
1965.9250000000017
1966.0540000000017
1966.1920000000017
1966.3460000000017
1966.4970000000017
1966.6290000000017
1966.77300000000171
1966.92400000000171
1967.08800000000171
1967.25500000000171
1967.38500000000171
1967.53700000000171
1967.69100000000171
1967.87100000000171
1968.15700000000171
1969.17100000000171
1969.30700000000171
1969.45200000000171
1969.62000000000171
1969.79100000000171
1969.94400000000171
1970.09600000000171
1970.25200000000171
1970.40200000000171
1970.56500000000171
1970.72600000000171
1970.92900000000171
1971.09400000000171
1972.31800000000171
1973.07300000000171
1973.64200000000171
1973.74700000000171
1973.88900000000171
1974.52800000000171
2101.77599999999585
2101.92099999999584
2102.06899999999582
2102.19799999999581
2102.34899999999579
2102.50899999999577
2102.66399999999576
2102.81799999999574
2102.95899999999572
2103.11399999999571
2103.28699999999569
2103.43399999999567
2103.58199999999566
2103.67499999999565
2103.81499999999563
2103.98099999999561
2104.13499999999559
2104.29699999999558
2104.50999999999555
2104.64899999999554
2105.09699999999549
2105.25899999999547
2105.42399999999545
2105.57899999999544
2105.72899999999542
2105.9029999999954
2106.07099999999538
2109.91399999999496
2110.06099999999494
2110.19799999999493
3387.56199999985425
3387.71999999985423
3387.76599999985422
3396.61799999985325
-2
1176.872000000001
1177.013000000001
1177.264000000001
1177.392000000001
1177.642000000001
1177.777000000001
1177.906000000001
1178.044000000001
1178.179000000001
1178.82500000000101
1178.95800000000101
1179.09000000000101
1179.22700000000101
1179.35800000000101
1179.47400000000101
1179.65200000000101
1179.77700000000101
1179.89400000000101
1181.00900000000101
1181.15000000000101
1181.27400000000101
1181.42700000000101
1181.54700000000101
1181.67600000000101
1181.81700000000101
1181.94900000000101
1182.10400000000101
1182.23000000000101
1182.36100000000101
1182.50000000000101
1182.62200000000101
1182.76200000000101
1183.46000000000101
1183.59300000000101
1183.74700000000101
1183.88300000000101
1184.04600000000101
1184.33500000000101
1184.45600000000101
1184.63800000000101
1184.75800000000101
1184.89400000000101
1185.01900000000101
1185.15400000000101
1185.29000000000101
1187.16400000000101
1187.30300000000101
1187.42800000000101
1187.75500000000101
1187.85800000000101
1188.00400000000101
1188.14200000000101
1188.28500000000101
1188.43300000000101
1188.57400000000101
1188.71900000000101
1188.84600000000101
1189.81100000000102
1189.96100000000102
1190.12200000000102
1190.26900000000102
1190.41600000000102
1190.55500000000102
1190.70600000000102
1191.03600000000102
1191.13900000000102
1191.27400000000102
1191.41500000000102
1191.55900000000102
1191.68900000000102
1191.82800000000102
1193.08200000000102
1193.23500000000102
1193.24200000000102
1193.53400000000102
1193.67300000000102
1193.81200000000102
1193.95700000000102
1194.10600000000102
1194.24600000000102
1194.39300000000102
1194.54500000000102
1194.67100000000102
1194.81600000000102
1195.92800000000102
1196.09500000000102
1196.23000000000102
1196.42200000000102
1196.69400000000102
1196.84800000000102
1196.98700000000102
1197.12400000000102
1197.27700000000102
1197.42800000000102
1197.55800000000102
1197.70500000000102
1198.99800000000102
1199.15000000000102
1199.45000000000102
1199.57700000000102
1199.88300000000102
1200.01400000000102
1200.14400000000102
1200.28000000000102
1202.15500000000103
1202.30300000000103
1202.60300000000103
1202.73600000000103
1202.87900000000103
1203.01100000000103
1206.00900000000103
1206.15900000000103
1206.31200000000103
1206.44500000000103
1206.60300000000103
1206.75400000000103
1206.89100000000103
1207.18200000000103
1208.96200000000103
1209.22600000000103
1209.38600000000103
1209.52000000000103
1209.66500000000103
1209.81300000000103
1209.93500000000103
1233.93800000000105
1234.84400000000106
1234.97100000000106
1235.11100000000106
1235.23300000000106
1236.57900000000106
1236.87600000000106
1237.19600000000106
1237.69900000000106
1237.87500000000106
1238.03400000000106
1238.21800000000106
1238.55800000000106
1238.71000000000106
1239.36000000000106
1239.51900000000106
1239.67000000000106
1240.11000000000106
1240.25800000000106
1240.41000000000106
1240.53200000000106
1240.70100000000106
1240.84400000000106
1240.99400000000106
1241.13200000000106
1241.28100000000106
1242.17400000000106
1242.30800000000106
1242.48300000000106
1242.65600000000106
1374.28500000000118
1374.41500000000118
1374.55400000000118
1374.68800000000118
1374.82900000000118
1374.95800000000118
1375.09100000000118
1375.21600000000118
1375.33500000000118
1375.44800000000118
1375.56700000000118
1375.70500000000118
1375.81600000000118
1377.71100000000118
1377.85200000000118
1377.98500000000118
1378.12600000000118
1378.26000000000118
1378.39200000000118
1378.52300000000118
1378.64500000000118
1926.90200000000167
1927.04900000000167
1927.19200000000167
1927.32300000000167
1927.46700000000167
1928.27200000000167
1928.41300000000167
1928.56200000000167
1928.69600000000167
1928.82800000000167
1928.95100000000167
1929.08800000000167
1929.22300000000167
1929.33700000000167
1929.49500000000167
1929.62100000000167
1929.72500000000167
1937.52600000000168
1938.08000000000168
1938.20900000000168
1938.35500000000168
1938.49500000000168
1938.63100000000168
1938.76400000000168
1938.89900000000168
1939.02900000000168
1939.28800000000168
1939.41100000000168
1939.53400000000168
1940.45400000000168
1940.61100000000168
1940.76400000000168
1940.94200000000168
1941.12200000000168
1941.29100000000168
1941.42000000000168
1941.55700000000168
1941.69300000000168
1941.82400000000168
1942.05800000000168
1942.19200000000168
1942.34900000000168
1942.49300000000168
1942.65300000000168
1942.81800000000168
1942.94900000000168
1943.08100000000168
1944.61000000000169
1944.77700000000169
1944.90600000000169
1945.07600000000169
1945.20500000000169
1945.37100000000169
1945.52300000000169
1945.69600000000169
1945.85400000000169
1945.99300000000169
1946.12600000000169
1948.87400000000169
1949.01600000000169
1949.18200000000169
1949.33000000000169
1949.47300000000169
1949.62000000000169
1949.76100000000169
1949.90100000000169
1950.43100000000169
1952.56500000000169
1952.72300000000169
1952.87000000000169
1953.00600000000169
1953.16600000000169
1953.41100000000169
1965.7050000000017
1965.8280000000017
1965.9660000000017
1966.1110000000017
1966.2590000000017
1966.4110000000017
1966.5410000000017
1966.6780000000017
1966.83500000000171
1966.99200000000171
1967.15700000000171
1967.29600000000171
1967.44200000000171
1967.59100000000171
1967.74400000000171
1967.90200000000171
1968.20100000000171
1969.21800000000171
1969.36100000000171
1969.52500000000171
1969.69800000000171
1969.85500000000171
1970.00700000000171
1970.16400000000171
1970.30700000000171
1970.47500000000171
1970.62900000000171
1970.80700000000171
1970.95900000000171
1971.13700000000171
1972.38300000000171
1973.14100000000171
1973.66200000000171
1973.79800000000171
1973.93000000000171
1974.54500000000171
2101.82599999999585
2101.97299999999583
2102.11399999999582
2102.2619999999958
2102.41099999999578
2102.57599999999577
2102.72499999999575
2102.86999999999573
2103.01599999999572
2103.1779999999957
2103.33899999999568
2103.46399999999567
2103.60299999999565
2103.71799999999564
2103.87399999999562
2104.02999999999561
2104.19599999999559
2104.39299999999557
2104.54299999999555
2104.69199999999553
2105.16199999999548
2105.33099999999546
2105.49099999999545
2105.64299999999543
2105.80499999999541
2105.96599999999539
2106.11099999999538
2109.97499999999495
2110.10599999999494
2110.25999999999492
3387.65799999985424
3387.75899999985422
3387.85399999985421
3396.75499999985323
38
-3
1.97300000000000003
1215.24900000000104
1215.39100000000104
1215.54900000000104
1215.69400000000104
1217.62900000000104
1217.75400000000104
1217.90000000000104
1218.02100000000104
1218.15500000000104
1218.27400000000104
1218.41200000000104
1218.54000000000104
1220.51500000000104
1220.61100000000104
1220.73100000000104
1220.88600000000104
1324.29800000000113
1324.40700000000113
1324.85100000000113
1324.95100000000114
1325.07100000000114
1325.21300000000114
1325.34800000000114
1325.48400000000114
1325.60700000000114
1325.71600000000114
1325.84600000000114
1386.60200000000119
1386.70600000000119
1386.84700000000119
1386.97100000000119
1387.10400000000119
1932.11900000000167
1996.87900000000173
1996.99600000000173
1997.13500000000173
1997.26000000000173
-4
2.00600000000000003
1215.31300000000104
1215.45000000000104
1215.59400000000104
1215.71500000000104
1217.67800000000104
1217.81900000000104
1217.94300000000104
1218.07100000000104
1218.19900000000104
1218.32900000000104
1218.45500000000104
1218.57300000000104
1220.53000000000104
1220.65600000000104
1220.80500000000104
1220.92700000000104
1324.35900000000113
1324.43900000000113
1324.88100000000114
1324.99800000000114
1325.13100000000114
1325.26800000000114
1325.39100000000114
1325.52400000000114
1325.63800000000114
1325.76900000000114
1325.88100000000114
1386.63100000000119
1386.76600000000119
1386.88800000000119
1387.02300000000119
1387.13600000000119
1932.14600000000167
1996.92300000000173
1997.05500000000173
1997.18000000000173
1997.29400000000173
0
0
0
0
0
0
0
0
0
0
0
0
0
3600.00099999983085
0
0
0
0
0
0
