10
09
18
10
09
18
IPP2.13
sacchDay1
0
1
11
52
00
12
54
25
22
4
.3
1
814
814
1
439
439
1
1
1
1
1
1
1
1
1
1
1
1
1
1
1
1
1
1
1
1
813
-1
280.177000000000207
281.674000000000209
282.415000000000209
283.82900000000021
346.602000000000266
346.712000000000266
346.785000000000266
346.847000000000266
346.970000000000266
347.242000000000267
347.374000000000267
347.570000000000267
347.804000000000267
464.211000000000371
464.309000000000371
464.377000000000371
464.564000000000371
464.681000000000371
464.740000000000371
464.929000000000371
465.057000000000371
465.100000000000371
465.183000000000372
465.307000000000372
465.564000000000372
465.695000000000372
465.964000000000372
466.082000000000372
466.134000000000372
466.848000000000373
466.970000000000373
467.910000000000374
468.027000000000374
468.089000000000374
468.433000000000374
468.693000000000375
468.820000000000375
468.941000000000375
469.069000000000375
469.473000000000375
469.598000000000375
469.721000000000376
469.780000000000376
470.003000000000376
470.163000000000376
470.226000000000376
470.554000000000376
470.681000000000376
470.830000000000376
472.537000000000378
472.657000000000378
475.372000000000381
476.758000000000382
477.731000000000383
478.472000000000383
478.604000000000383
478.774000000000384
479.549000000000384
481.624000000000386
482.008000000000386
482.145000000000387
482.275000000000387
482.294000000000387
483.134000000000387
484.188000000000388
484.313000000000388
484.447000000000389
484.583000000000389
484.887000000000389
485.024000000000389
485.174000000000389
485.314000000000389
485.46000000000039
485.59300000000039
485.72400000000039
485.86700000000039
489.230000000000393
495.623000000000399
495.694000000000399
495.718000000000399
495.961000000000399
496.321000000000399
496.476000000000399
496.8130000000004
500.402000000000403
500.523000000000403
500.806000000000403
501.357000000000404
501.481000000000404
501.630000000000404
501.768000000000404
501.919000000000404
502.749000000000405
504.277000000000406
504.399000000000406
504.809000000000407
504.902000000000407
505.050000000000407
506.608000000000408
506.656000000000408
506.855000000000408
508.22500000000041
508.44000000000041
508.57300000000041
509.158000000000411
546.848000000000444
546.905000000000444
547.722000000000445
547.858000000000445
547.899000000000445
549.421000000000446
549.530000000000446
549.596000000000446
549.789000000000447
549.915000000000447
550.046000000000447
550.443000000000447
550.551000000000447
550.674000000000447
550.791000000000448
550.919000000000448
551.045000000000448
551.115000000000448
552.005000000000449
552.443000000000449
552.713000000000449
552.834000000000449
552.883000000000449
553.48400000000045
557.023000000000453
557.075000000000453
678.267000000000561
678.296000000000561
678.417000000000561
678.534000000000561
678.658000000000561
678.774000000000561
678.883000000000561
678.966000000000561
679.032000000000561
679.150000000000562
679.268000000000562
679.387000000000562
679.503000000000562
679.653000000000562
679.759000000000562
679.880000000000562
680.003000000000562
680.129000000000562
680.264000000000562
680.325000000000563
680.387000000000563
680.461000000000563
680.532000000000563
680.655000000000563
680.785000000000563
680.914000000000563
681.004000000000563
681.041000000000563
681.170000000000563
681.242000000000563
681.376000000000564
681.448000000000564
681.510000000000564
681.642000000000564
681.715000000000564
681.844000000000564
681.970000000000564
682.047000000000564
682.195000000000564
682.410000000000564
682.538000000000564
682.677000000000565
682.799000000000565
682.857000000000565
682.920000000000565
682.990000000000565
683.535000000000565
683.597000000000566
683.720000000000566
683.856000000000566
683.923000000000566
683.988000000000566
684.045000000000566
684.133000000000566
684.197000000000566
684.269000000000566
684.685000000000566
684.807000000000566
684.959000000000567
685.076000000000567
685.359000000000567
685.421000000000567
685.493000000000567
685.624000000000567
685.784000000000567
686.053000000000568
686.181000000000568
686.310000000000568
686.377000000000568
686.447000000000568
686.657000000000568
686.731000000000568
686.790000000000568
686.865000000000568
686.998000000000568
687.058000000000568
687.126000000000569
687.266000000000569
687.562000000000569
687.696000000000569
687.835000000000569
687.964000000000569
688.082000000000569
688.20800000000057
688.27800000000057
688.34400000000057
688.40700000000057
688.50600000000057
688.55900000000057
688.62700000000057
688.93800000000057
689.04300000000057
689.17400000000057
689.322000000000571
689.473000000000571
689.611000000000571
689.756000000000571
689.893000000000571
690.021000000000571
690.166000000000571
690.953000000000572
691.096000000000572
691.239000000000572
691.341000000000572
691.494000000000572
691.650000000000573
691.718000000000573
691.849000000000573
691.977000000000573
692.149000000000573
692.270000000000573
693.397000000000574
693.521000000000574
693.954000000000575
694.002000000000575
695.062000000000576
695.196000000000576
695.261000000000576
695.338000000000576
695.789000000000576
695.923000000000576
696.044000000000576
696.461000000000577
697.274000000000578
697.326000000000578
697.798000000000578
697.932000000000578
698.067000000000578
698.199000000000578
700.11400000000058
702.581000000000582
702.715000000000582
702.780000000000582
702.857000000000583
703.178000000000583
706.153000000000586
706.917000000000586
707.039000000000586
707.186000000000586
707.261000000000586
707.334000000000587
707.478000000000587
707.605000000000587
707.732000000000587
708.213000000000587
708.440000000000588
708.826000000000588
709.656000000000589
710.158000000000589
710.267000000000589
710.386000000000589
711.30000000000059
711.45300000000059
711.80700000000059
711.964000000000591
712.184000000000591
712.304000000000591
714.793000000000593
714.850000000000593
714.965000000000593
715.099000000000593
889.523000000000748
889.761000000000749
889.823000000000749
889.852000000000749
889.864000000000749
890.257000000000749
890.372000000000749
890.490000000000749
890.594000000000749
890.705000000000749
890.83600000000075
890.90200000000075
891.49500000000075
892.154000000000751
892.217000000000751
892.344000000000751
892.412000000000751
892.518000000000751
892.802000000000751
892.935000000000751
893.059000000000752
893.121000000000752
893.194000000000752
893.350000000000752
893.423000000000752
893.493000000000752
893.608000000000752
893.749000000000752
893.865000000000752
893.928000000000752
893.992000000000752
894.063000000000752
894.555000000000753
894.672000000000753
894.798000000000753
894.936000000000753
895.027000000000753
895.109000000000753
895.220000000000753
895.334000000000754
895.494000000000754
895.551000000000754
895.626000000000754
895.684000000000754
895.752000000000754
895.802000000000754
895.877000000000754
895.945000000000754
896.017000000000754
896.685000000000755
896.801000000000755
897.073000000000755
897.550000000000755
897.621000000000756
897.766000000000756
897.893000000000756
897.953000000000756
898.859000000000757
898.972000000000757
899.092000000000757
899.364000000000757
899.419000000000757
900.090000000000758
900.240000000000758
900.354000000000758
900.478000000000758
900.550000000000758
901.317000000000759
901.372000000000759
901.721000000000759
901.783000000000759
902.55000000000076
902.60000000000076
903.03500000000076
903.16400000000076
903.289000000000761
903.420000000000761
903.566000000000761
903.625000000000761
903.698000000000761
906.153000000000763
906.443000000000763
906.752000000000764
907.023000000000764
907.194000000000764
976.622000000000826
976.748000000000826
976.871000000000826
977.017000000000826
977.146000000000826
977.285000000000826
977.386000000000826
977.524000000000827
977.646000000000827
977.777000000000827
977.902000000000827
978.039000000000827
978.179000000000827
978.300000000000827
978.376000000000827
978.588000000000828
978.707000000000828
978.837000000000828
978.922000000000828
979.685000000000828
979.753000000000828
981.52100000000083
981.58400000000083
982.778000000000831
982.917000000000831
983.045000000000831
983.122000000000832
983.192000000000832
984.230000000000832
984.356000000000833
984.415000000000833
984.564000000000833
985.270000000000833
985.406000000000834
985.482000000000834
986.064000000000834
986.183000000000834
986.242000000000834
986.792000000000835
987.075000000000835
987.222000000000835
987.305000000000835
987.624000000000836
987.977000000000836
988.144000000000836
988.261000000000836
988.398000000000836
988.470000000000836
991.779000000000839
991.845000000000839
992.076000000000839
992.12400000000084
992.71000000000084
992.83800000000084
992.98300000000084
1113.17700000000095
1113.27400000000095
1113.39800000000095
1113.52300000000095
1113.64700000000095
1113.77100000000095
1113.88700000000095
1114.01800000000095
1114.14200000000095
1114.28000000000095
1114.40100000000095
1114.55100000000095
1114.67900000000095
1114.80600000000095
1114.93200000000095
1114.99600000000095
1115.01400000000095
1115.38200000000095
1115.49700000000095
1115.62700000000095
1115.75600000000095
1115.83500000000095
1115.89200000000095
1116.02600000000095
1116.08300000000095
1116.22600000000095
1116.30000000000095
1116.39300000000095
1116.60600000000095
1116.67800000000095
1116.89300000000095
1117.01900000000095
1117.13700000000095
1117.20100000000095
1117.27300000000095
1117.35200000000095
1117.42000000000095
1117.50600000000095
1117.74400000000095
1117.80600000000095
1117.88200000000095
1117.95800000000095
1118.02400000000095
1118.16100000000095
1118.21300000000095
1119.02300000000095
1119.14800000000095
1119.26700000000095
1119.33500000000095
1119.40100000000095
1120.72400000000095
1120.84500000000095
1120.96400000000095
1121.02900000000095
1121.69300000000095
1121.81500000000095
1122.29400000000096
1122.41200000000096
1122.53700000000096
1122.68100000000096
1122.73600000000096
1124.31400000000096
1124.44500000000096
1124.57000000000096
1124.70300000000096
1124.76900000000096
1124.84800000000096
1124.92600000000096
1125.00200000000096
1125.09800000000096
1125.17500000000096
1125.26200000000096
1127.30300000000096
1129.10700000000096
1129.43400000000096
1129.55300000000096
1129.61700000000096
1130.17800000000096
1130.25500000000096
1130.31400000000096
1130.38400000000096
1130.71900000000096
1131.61700000000096
1131.74100000000096
1133.43000000000096
1133.57100000000097
1133.74000000000097
1133.88200000000097
1134.03000000000097
1134.17500000000097
1134.31200000000097
1134.66400000000097
1134.80700000000097
1134.95100000000097
1135.02500000000097
1135.10300000000097
1135.22700000000097
1135.35700000000097
1135.42100000000097
1135.43400000000097
1135.49100000000097
1135.63500000000097
1135.70700000000097
1135.77600000000097
1136.02200000000097
1136.09500000000097
1136.26900000000097
1136.35000000000097
1136.42600000000097
1136.55800000000097
1136.69700000000097
1136.83400000000097
1137.38000000000097
1137.52000000000097
1137.69300000000097
1137.82400000000097
1137.91000000000097
1138.26700000000097
1138.41700000000097
1138.54500000000097
1138.61300000000097
1139.34900000000097
1139.86200000000097
1139.90600000000097
1140.71300000000097
1140.83200000000097
1140.98600000000097
1141.04800000000097
1141.25900000000097
1141.38800000000097
1141.53400000000097
1141.66900000000097
1141.73100000000097
1141.81400000000097
1142.36400000000097
1142.47900000000097
1142.60300000000097
1142.68000000000097
1144.31100000000097
1144.45000000000097
1144.67500000000097
1144.88800000000098
1145.02900000000098
1145.12300000000098
1145.53700000000098
1145.66600000000098
1145.73400000000098
1146.93400000000098
1147.03100000000098
1147.07600000000098
1147.40500000000098
1147.53900000000098
1148.18600000000098
1148.44300000000098
1274.34700000000109
1274.80400000000109
1274.90100000000109
1275.05400000000109
1275.17200000000109
1275.31600000000109
1275.44900000000109
1275.57600000000109
1275.71200000000109
1275.84200000000109
1276.48500000000109
1276.62100000000109
1276.77900000000109
1276.91200000000109
1277.06400000000109
1277.20500000000109
1277.32200000000109
1277.46500000000109
1277.60200000000109
1277.73800000000109
1277.86400000000109
1278.00900000000109
1278.07400000000109
1278.15500000000109
1278.21900000000109
1278.29100000000109
1278.44600000000109
1278.57000000000109
1278.63600000000109
1278.70300000000109
1278.86100000000109
1278.98600000000109
1279.11500000000109
1279.27600000000109
1279.41400000000109
1279.55600000000109
1279.67600000000109
1279.8060000000011
1279.9490000000011
1280.0970000000011
1280.1620000000011
1280.2400000000011
1280.4800000000011
1280.6700000000011
1280.8010000000011
1280.9270000000011
1281.0780000000011
1281.1560000000011
1281.2260000000011
1281.2940000000011
1281.3650000000011
1281.4340000000011
1281.5080000000011
1281.6670000000011
1281.7860000000011
1281.9170000000011
1281.9920000000011
1282.0660000000011
1282.1400000000011
1282.3100000000011
1282.3830000000011
1282.5160000000011
1282.5820000000011
1282.6710000000011
1282.7980000000011
1282.9290000000011
1283.0600000000011
1283.2140000000011
1283.2710000000011
1283.5640000000011
1283.6350000000011
1283.7250000000011
1283.8020000000011
1283.9450000000011
1284.0810000000011
1284.1540000000011
1284.2350000000011
1284.3110000000011
1284.4060000000011
1284.5410000000011
1284.6700000000011
1284.9410000000011
1285.0790000000011
1285.6460000000011
1285.7810000000011
1285.9260000000011
1285.9930000000011
1286.0780000000011
1286.1630000000011
1286.2420000000011
1286.3850000000011
1286.5170000000011
1286.6610000000011
1286.8290000000011
1287.0660000000011
1287.1270000000011
1287.2060000000011
1287.3340000000011
1287.4070000000011
1287.4740000000011
1287.5670000000011
1287.6560000000011
1287.7260000000011
1287.8060000000011
1287.9760000000011
1288.1050000000011
1288.1730000000011
1288.2480000000011
1288.4200000000011
1288.5570000000011
1288.6960000000011
1289.1050000000011
1289.2350000000011
1289.3820000000011
1289.4660000000011
1289.5390000000011
1289.6900000000011
1289.7580000000011
1289.8310000000011
1289.9960000000011
1290.1440000000011
1290.2750000000011
1290.9680000000011
1291.0220000000011
1291.10400000000111
1291.17700000000111
1291.24800000000111
1291.41400000000111
1291.55300000000111
1291.64100000000111
1291.71100000000111
1291.84000000000111
1291.98000000000111
1292.13600000000111
1292.28300000000111
1292.35100000000111
1292.43600000000111
1292.53700000000111
1292.67900000000111
1292.74300000000111
1292.92700000000111
1293.06500000000111
1293.19400000000111
1293.33100000000111
1295.56100000000111
1295.63100000000111
1295.68800000000111
1555.63800000000134
1555.75800000000134
1555.88000000000134
1556.00800000000134
1556.13500000000134
1556.24300000000134
1556.38000000000134
1556.50100000000134
1556.63800000000134
1556.76700000000134
1556.90400000000134
1557.03000000000134
1557.17400000000134
1557.33100000000134
1557.47200000000134
1557.55400000000134
1557.70100000000134
1558.49200000000134
1558.55800000000134
1559.08900000000134
1559.21400000000134
1559.33700000000134
1559.93800000000134
1560.42800000000134
1560.56200000000134
1560.64500000000134
1560.69300000000134
1560.85900000000134
1560.97100000000134
1561.04900000000134
1561.19100000000134
1561.27500000000134
1561.43300000000134
1561.57000000000135
1561.63600000000135
1561.71700000000135
1561.87600000000135
1561.93800000000135
1562.35900000000135
1562.48300000000135
1562.57100000000135
1563.26000000000135
1563.41600000000135
1563.55800000000135
1563.62700000000135
1563.70500000000135
1563.85100000000135
1564.01300000000135
1564.15700000000135
1564.29400000000135
1564.36300000000135
1565.77700000000135
1565.90500000000135
1565.99700000000135
1569.11800000000135
1569.24700000000135
1569.40100000000135
1569.56400000000135
1569.72300000000135
1569.87000000000135
1570.13800000000135
1605.35100000000138
1605.44900000000138
1605.54300000000138
1605.67500000000138
1605.80000000000138
1605.93400000000138
1606.05700000000138
1923.82900000000167
1923.95000000000167
1924.07800000000167
1924.19500000000167
1925.08400000000167
1925.22500000000167
1925.58600000000167
1925.72900000000167
1925.86000000000167
1926.00100000000167
1926.34300000000167
1926.39800000000167
-2
280.222000000000207
281.704000000000209
282.484000000000209
283.84300000000021
346.642000000000266
346.748000000000266
346.803000000000266
346.892000000000266
347.010000000000267
347.274000000000267
347.401000000000267
347.608000000000267
347.882000000000267
464.239000000000371
464.375000000000371
464.537000000000371
464.603000000000371
464.736000000000371
464.853000000000371
464.966000000000371
465.095000000000371
465.166000000000372
465.235000000000372
465.491000000000372
465.605000000000372
465.897000000000372
465.989000000000372
466.121000000000372
466.767000000000373
466.877000000000373
467.823000000000374
467.944000000000374
468.082000000000374
468.393000000000374
468.676000000000375
468.768000000000375
468.861000000000375
469.066000000000375
469.418000000000375
469.527000000000375
469.649000000000375
469.777000000000376
469.997000000000376
470.097000000000376
470.212000000000376
470.529000000000376
470.629000000000376
470.751000000000376
472.446000000000378
472.589000000000378
475.29300000000038
476.701000000000382
477.715000000000383
478.469000000000383
478.534000000000383
478.678000000000383
478.829000000000384
481.538000000000386
481.664000000000386
482.098000000000386
482.272000000000387
482.290000000000387
483.122000000000387
484.104000000000388
484.241000000000388
484.420000000000389
484.573000000000389
484.851000000000389
484.998000000000389
485.166000000000389
485.280000000000389
485.41700000000039
485.53100000000039
485.65800000000039
485.79300000000039
488.968000000000393
489.262000000000393
495.658000000000399
495.709000000000399
495.900000000000399
496.313000000000399
496.459000000000399
496.7870000000004
500.385000000000403
500.448000000000403
500.789000000000403
501.291000000000404
501.418000000000404
501.589000000000404
501.759000000000404
501.850000000000404
502.672000000000405
504.214000000000406
504.328000000000406
504.459000000000406
504.847000000000407
504.978000000000407
506.534000000000408
506.633000000000408
506.802000000000408
506.882000000000409
508.25400000000041
508.50700000000041
509.08600000000041
509.202000000000411
546.898000000000444
547.708000000000445
547.760000000000445
547.885000000000445
549.330000000000446
549.529000000000446
549.593000000000446
549.771000000000447
549.892000000000447
550.019000000000447
550.400000000000447
550.470000000000447
550.617000000000447
550.720000000000447
550.843000000000448
550.969000000000448
551.088000000000448
551.728000000000448
552.437000000000449
552.707000000000449
552.748000000000449
552.878000000000449
553.42700000000045
553.51300000000045
557.059000000000453
557.096000000000453
678.286000000000561
678.347000000000561
678.469000000000561
678.586000000000561
678.703000000000561
678.818000000000561
678.953000000000561
678.992000000000561
679.071000000000561
679.189000000000562
679.319000000000562
679.432000000000562
679.572000000000562
679.674000000000562
679.804000000000562
679.931000000000562
680.054000000000562
680.175000000000562
680.307000000000562
680.344000000000563
680.455000000000563
680.508000000000563
680.587000000000563
680.714000000000563
680.835000000000563
680.964000000000563
681.018000000000563
681.085000000000563
681.237000000000563
681.372000000000564
681.394000000000564
681.503000000000564
681.640000000000564
681.690000000000564
681.764000000000564
681.885000000000564
682.041000000000564
682.191000000000564
682.340000000000564
682.467000000000564
682.589000000000565
682.722000000000565
682.840000000000565
682.864000000000565
682.975000000000565
683.529000000000565
683.564000000000565
683.652000000000566
683.773000000000566
683.906000000000566
683.936000000000566
684.044000000000566
684.061000000000566
684.189000000000566
684.220000000000566
684.648000000000566
684.746000000000566
684.866000000000567
685.005000000000567
685.330000000000567
685.419000000000567
685.434000000000567
685.550000000000567
685.755000000000567
685.984000000000568
686.108000000000568
686.234000000000568
686.365000000000568
686.409000000000568
686.656000000000568
686.709000000000568
686.788000000000568
686.834000000000568
686.950000000000568
687.050000000000569
687.075000000000569
687.227000000000569
687.540000000000569
687.650000000000569
687.749000000000569
687.879000000000569
687.997000000000569
688.11800000000057
688.25400000000057
688.29900000000057
688.40600000000057
688.46800000000057
688.55300000000057
688.58100000000057
688.86000000000057
688.96400000000057
689.10300000000057
689.28100000000057
689.420000000000571
689.556000000000571
689.702000000000571
689.845000000000571
689.961000000000571
690.085000000000571
690.195000000000571
691.053000000000572
691.209000000000572
691.330000000000572
691.491000000000572
691.644000000000573
691.681000000000573
691.785000000000573
691.911000000000573
692.034000000000573
692.189000000000573
693.324000000000574
693.437000000000574
693.557000000000574
693.990000000000575
695.042000000000576
695.117000000000576
695.258000000000576
695.292000000000576
695.768000000000576
695.841000000000576
695.969000000000576
696.090000000000577
696.984000000000577
697.320000000000578
697.732000000000578
697.859000000000578
697.988000000000578
698.114000000000578
698.239000000000578
702.511000000000582
702.637000000000582
702.775000000000582
702.841000000000583
703.155000000000583
703.223000000000583
706.848000000000586
706.971000000000586
707.110000000000586
707.251000000000586
707.273000000000586
707.460000000000587
707.528000000000587
707.661000000000587
707.773000000000587
708.405000000000588
708.491000000000588
709.577000000000589
709.971000000000589
710.213000000000589
710.321000000000589
710.471000000000589
711.39200000000059
711.56400000000059
711.893000000000591
712.085000000000591
712.246000000000591
712.447000000000591
714.816000000000593
714.901000000000593
715.070000000000593
715.148000000000594
889.545000000000748
889.767000000000749
889.849000000000749
889.861000000000749
890.186000000000749
890.300000000000749
890.415000000000749
890.512000000000749
890.628000000000749
890.75900000000075
890.89500000000075
891.41600000000075
892.080000000000751
892.207000000000751
892.335000000000751
892.356000000000751
892.452000000000751
892.799000000000751
892.902000000000751
892.978000000000751
893.111000000000752
893.182000000000752
893.343000000000752
893.420000000000752
893.465000000000752
893.544000000000752
893.660000000000752
893.792000000000752
893.909000000000752
893.945000000000752
894.047000000000752
894.525000000000753
894.598000000000753
894.776000000000753
894.909000000000753
895.017000000000753
895.069000000000753
895.153000000000753
895.269000000000753
895.458000000000754
895.547000000000754
895.587000000000754
895.677000000000754
895.707000000000754
895.799000000000754
895.819000000000754
895.924000000000754
895.989000000000754
896.660000000000755
896.742000000000755
897.067000000000755
897.545000000000756
897.577000000000756
897.682000000000756
897.816000000000756
897.948000000000756
898.853000000000757
898.909000000000757
899.027000000000757
899.343000000000757
899.409000000000757
899.998000000000758
900.184000000000758
900.265000000000758
900.403000000000758
900.521000000000758
901.238000000000759
901.371000000000759
901.630000000000759
901.774000000000759
902.51500000000076
902.56200000000076
902.94200000000076
903.09100000000076
903.215000000000761
903.341000000000761
903.531000000000761
903.617000000000761
903.677000000000761
903.740000000000761
906.175000000000763
906.480000000000763
906.824000000000764
907.177000000000764
907.241000000000764
976.665000000000826
976.792000000000826
976.932000000000826
977.066000000000826
977.205000000000826
977.306000000000826
977.451000000000826
977.577000000000827
977.705000000000827
977.827000000000827
977.967000000000827
978.106000000000827
978.226000000000827
978.369000000000827
978.504000000000827
978.626000000000828
978.762000000000828
978.912000000000828
979.483000000000828
979.728000000000828
981.44400000000083
981.57400000000083
982.772000000000831
982.829000000000831
982.965000000000831
983.103000000000832
983.157000000000832
984.220000000000832
984.278000000000833
984.403000000000833
984.552000000000833
985.194000000000833
985.317000000000834
985.461000000000834
986.056000000000834
986.117000000000834
986.239000000000834
986.719000000000835
987.062000000000835
987.138000000000835
987.283000000000835
987.623000000000835
987.962000000000836
988.035000000000836
988.179000000000836
988.294000000000836
988.429000000000836
989.938000000000838
991.836000000000839
992.055000000000839
992.09000000000084
992.63900000000084
992.75600000000084
992.88000000000084
993.01400000000084
1113.20800000000095
1113.32600000000095
1113.45100000000095
1113.57700000000095
1113.70000000000095
1113.81300000000095
1113.94600000000095
1114.06100000000095
1114.20000000000095
1114.32700000000095
1114.47200000000095
1114.59500000000095
1114.72800000000095
1114.85600000000095
1114.98200000000095
1115.00800000000095
1115.30300000000095
1115.41600000000095
1115.54400000000095
1115.67300000000095
1115.80500000000095
1115.85400000000095
1115.94100000000095
1116.07500000000095
1116.21200000000095
1116.27700000000095
1116.37600000000095
1116.60100000000095
1116.65500000000095
1116.88200000000095
1116.93400000000095
1117.05700000000095
1117.18600000000095
1117.26100000000095
1117.33400000000095
1117.35600000000095
1117.47200000000095
1117.73700000000095
1117.80000000000095
1117.86400000000095
1117.94200000000095
1118.00000000000095
1118.07200000000095
1118.21200000000095
1118.86800000000095
1119.05600000000095
1119.17500000000095
1119.30700000000095
1119.35200000000095
1120.67600000000095
1120.75500000000095
1120.87900000000095
1121.01000000000095
1121.68000000000095
1121.73400000000095
1122.26700000000096
1122.33200000000096
1122.45600000000096
1122.58000000000096
1122.72300000000096
1124.29500000000096
1124.35500000000096
1124.48400000000096
1124.61300000000096
1124.74900000000096
1124.80200000000096
1124.91700000000096
1124.95200000000096
1125.08800000000096
1125.11900000000096
1125.23000000000096
1127.21200000000096
1129.07900000000096
1129.33400000000096
1129.48700000000096
1129.60600000000096
1130.15300000000096
1130.22500000000096
1130.29300000000096
1130.36800000000096
1130.71200000000096
1131.60100000000096
1131.66800000000096
1131.79500000000096
1133.49400000000096
1133.64700000000097
1133.83300000000097
1133.95000000000097
1134.09500000000097
1134.23600000000097
1134.58400000000097
1134.73000000000097
1134.87300000000097
1135.01600000000097
1135.04700000000097
1135.14300000000097
1135.27800000000097
1135.41100000000097
1135.43200000000097
1135.46100000000097
1135.55500000000097
1135.69000000000097
1135.76400000000097
1136.01800000000097
1136.05100000000097
1136.19800000000097
1136.34900000000097
1136.37100000000097
1136.48500000000097
1136.61700000000097
1136.74400000000097
1136.87100000000097
1137.51600000000097
1137.63800000000097
1137.74900000000097
1137.88800000000097
1138.26100000000097
1138.32000000000097
1138.46500000000097
1138.60000000000097
1139.11700000000097
1139.38200000000097
1139.90300000000097
1140.54800000000097
1140.75800000000097
1140.95800000000097
1141.04000000000097
1141.22900000000097
1141.30900000000097
1141.45100000000097
1141.59300000000097
1141.73000000000097
1141.77600000000097
1142.33200000000097
1142.40300000000097
1142.53200000000097
1142.66100000000097
1143.39400000000097
1144.43000000000097
1144.66800000000097
1144.81000000000098
1144.94300000000098
1145.10500000000098
1145.52200000000098
1145.58600000000098
1145.72000000000098
1145.88700000000098
1147.00400000000098
1147.06100000000098
1147.39100000000098
1147.45800000000098
1147.56800000000098
1148.23300000000098
1148.98600000000098
1274.38000000000109
1274.82600000000109
1274.95500000000109
1275.09000000000109
1275.23400000000109
1275.36800000000109
1275.49700000000109
1275.63200000000109
1275.75300000000109
1275.86900000000109
1276.53500000000109
1276.68500000000109
1276.82300000000109
1276.96900000000109
1277.12600000000109
1277.24600000000109
1277.36600000000109
1277.51000000000109
1277.65400000000109
1277.77700000000109
1277.90500000000109
1278.05900000000109
1278.10500000000109
1278.21100000000109
1278.25600000000109
1278.36700000000109
1278.48800000000109
1278.61900000000109
1278.64900000000109
1278.78000000000109
1278.90600000000109
1279.02500000000109
1279.18800000000109
1279.33900000000109
1279.46300000000109
1279.59300000000109
1279.71600000000109
1279.84500000000109
1279.9940000000011
1280.1390000000011
1280.2030000000011
1280.4610000000011
1280.5930000000011
1280.7140000000011
1280.8490000000011
1280.9770000000011
1281.1440000000011
1281.1800000000011
1281.2830000000011
1281.3190000000011
1281.4140000000011
1281.4530000000011
1281.5780000000011
1281.6990000000011
1281.8300000000011
1281.9690000000011
1282.0120000000011
1282.1390000000011
1282.3020000000011
1282.3350000000011
1282.4330000000011
1282.5680000000011
1282.6040000000011
1282.7180000000011
1282.8370000000011
1282.9630000000011
1283.0950000000011
1283.2620000000011
1283.5530000000011
1283.6230000000011
1283.7140000000011
1283.7490000000011
1283.8620000000011
1283.9930000000011
1284.1350000000011
1284.1850000000011
1284.3030000000011
1284.3770000000011
1284.4670000000011
1284.5910000000011
1284.7170000000011
1284.9830000000011
1285.5980000000011
1285.6950000000011
1285.8390000000011
1285.9780000000011
1286.0150000000011
1286.1530000000011
1286.1930000000011
1286.3490000000011
1286.4680000000011
1286.5700000000011
1286.7090000000011
1287.0390000000011
1287.1260000000011
1287.1490000000011
1287.2550000000011
1287.3880000000011
1287.4270000000011
1287.5640000000011
1287.5940000000011
1287.7140000000011
1287.7460000000011
1287.8960000000011
1288.0260000000011
1288.1600000000011
1288.1950000000011
1288.3410000000011
1288.4730000000011
1288.6090000000011
1289.0520000000011
1289.1520000000011
1289.2870000000011
1289.4550000000011
1289.4770000000011
1289.5910000000011
1289.7470000000011
1289.7830000000011
1289.9150000000011
1290.0500000000011
1290.1930000000011
1290.3110000000011
1291.0170000000011
1291.0590000000011
1291.1740000000011
1291.24700000000111
1291.33400000000111
1291.47500000000111
1291.63500000000111
1291.66400000000111
1291.76400000000111
1291.89200000000111
1292.04700000000111
1292.20300000000111
1292.33900000000111
1292.40400000000111
1292.51700000000111
1292.66800000000111
1292.70900000000111
1292.85800000000111
1292.97900000000111
1293.11500000000111
1293.24100000000111
1293.37300000000111
1295.59700000000111
1295.64900000000111
1295.75300000000111
1555.68900000000134
1555.80600000000134
1555.93500000000134
1556.04700000000134
1556.16500000000134
1556.30600000000134
1556.42700000000134
1556.56400000000134
1556.68600000000134
1556.82900000000134
1556.95400000000134
1557.08500000000134
1557.31800000000134
1557.38000000000134
1557.52800000000134
1557.69400000000134
1558.40000000000134
1558.55100000000134
1559.08700000000134
1559.13600000000134
1559.25500000000134
1559.85700000000134
1560.39500000000134
1560.47500000000134
1560.61300000000134
1560.67600000000134
1560.74200000000134
1560.89000000000134
1561.01800000000134
1561.17700000000134
1561.23000000000134
1561.34200000000134
1561.48400000000135
1561.62300000000135
1561.68700000000135
1561.83600000000135
1561.93500000000135
1562.31300000000135
1562.40300000000135
1562.53800000000135
1563.19800000000135
1563.30400000000135
1563.46500000000135
1563.62000000000135
1563.67300000000135
1563.76600000000135
1563.92100000000135
1564.07400000000135
1564.20500000000135
1564.35300000000135
1565.68900000000135
1565.82100000000135
1565.95600000000135
1568.00200000000135
1569.16500000000135
1569.31800000000135
1569.52400000000135
1569.62700000000135
1569.79300000000135
1569.92300000000135
1570.18200000000135
1605.38900000000138
1605.48400000000138
1605.59900000000138
1605.72700000000138
1605.85800000000138
1605.98800000000138
1606.10200000000138
1923.86200000000167
1923.98400000000167
1924.10600000000167
1924.22500000000167
1925.10000000000167
1925.24200000000167
1925.64000000000167
1925.76300000000167
1925.92900000000167
1926.05100000000167
1926.39000000000167
1926.45500000000167
438
-3
69.6940000000000202
69.9480000000000205
70.0490000000000206
70.8800000000000213
70.9860000000000214
71.2200000000000216
71.4890000000000218
217.514000000000152
217.706000000000152
217.800000000000152
217.857000000000152
217.912000000000152
218.043000000000152
218.169000000000152
218.317000000000152
218.438000000000152
218.579000000000152
218.701000000000153
218.830000000000153
218.961000000000153
219.101000000000153
219.241000000000153
219.370000000000153
219.507000000000153
219.654000000000153
219.970000000000154
220.089000000000154
220.223000000000154
220.351000000000154
233.669000000000166
233.694000000000166
234.077000000000166
234.185000000000166
234.280000000000166
234.389000000000167
234.506000000000167
234.624000000000167
234.741000000000167
234.804000000000167
234.860000000000167
234.977000000000167
235.029000000000167
235.097000000000167
235.228000000000167
235.357000000000167
235.479000000000168
235.596000000000168
235.723000000000168
235.852000000000168
235.996000000000168
236.109000000000168
236.238000000000168
236.360000000000168
236.900000000000169
236.948000000000169
237.005000000000169
237.123000000000169
237.247000000000169
237.295000000000169
237.371000000000169
237.513000000000169
237.630000000000169
237.704000000000169
237.76600000000017
237.89200000000017
238.01500000000017
238.13900000000017
238.26800000000017
238.39200000000017
238.51700000000017
238.67300000000017
238.78500000000017
238.922000000000171
239.046000000000171
239.283000000000171
239.852000000000171
240.099000000000172
240.158000000000172
240.271000000000172
240.391000000000172
240.521000000000172
240.566000000000172
240.787000000000172
240.875000000000172
241.019000000000172
241.083000000000172
241.266000000000173
241.343000000000173
241.724000000000173
242.729000000000174
242.839000000000174
242.954000000000174
243.092000000000174
243.220000000000174
243.353000000000174
243.484000000000175
243.751000000000175
243.797000000000175
243.890000000000175
244.026000000000175
244.155000000000175
244.199000000000175
244.286000000000175
244.346000000000175
244.423000000000175
244.559000000000176
244.675000000000176
293.871000000000219
293.955000000000219
294.03900000000022
294.14300000000022
517.876000000000418
518.041000000000418
518.149000000000419
518.217000000000419
518.278000000000419
518.354000000000419
518.408000000000419
518.498000000000419
518.678000000000419
518.777000000000419
518.842000000000419
518.932000000000419
518.990000000000419
519.149000000000419
519.67400000000042
519.82000000000042
519.95800000000042
520.11500000000042
520.21500000000042
520.27800000000042
520.451000000000421
520.530000000000421
520.589000000000421
520.742000000000421
521.141000000000421
521.231000000000421
521.281000000000421
521.438000000000421
521.580000000000422
522.115000000000422
522.239000000000422
522.329000000000422
522.388000000000422
522.697000000000423
522.927000000000423
540.620000000000438
540.689000000000439
540.739000000000439
540.827000000000439
540.873000000000439
541.018000000000439
806.985000000000675
807.072000000000675
807.166000000000675
807.267000000000675
807.391000000000675
807.530000000000676
807.659000000000676
808.238000000000676
808.372000000000676
808.450000000000676
808.628000000000677
808.680000000000677
808.753000000000677
808.879000000000677
808.995000000000677
809.116000000000677
809.234000000000677
809.359000000000677
809.420000000000677
809.505000000000677
809.649000000000677
809.698000000000677
809.762000000000678
809.879000000000678
809.941000000000678
810.021000000000678
810.151000000000678
810.272000000000678
810.401000000000678
810.524000000000678
810.645000000000678
810.774000000000678
810.907000000000679
811.041000000000679
811.100000000000679
811.179000000000679
811.226000000000679
811.318000000000679
811.432000000000679
811.487000000000679
811.561000000000679
811.620000000000679
811.667000000000679
811.704000000000679
811.764000000000679
811.831000000000679
811.894000000000679
811.927000000000679
811.97600000000068
812.06300000000068
812.10900000000068
812.16200000000068
812.23500000000068
812.36600000000068
812.46600000000068
812.50200000000068
812.55900000000068
812.59100000000068
812.63400000000068
812.69000000000068
812.72500000000068
812.76800000000068
812.85500000000068
812.91500000000068
813.04400000000068
813.162000000000681
813.279000000000681
813.350000000000681
813.425000000000681
813.568000000000681
813.702000000000681
813.798000000000681
813.845000000000681
813.920000000000681
814.259000000000682
814.395000000000682
814.471000000000682
814.525000000000682
814.600000000000682
814.763000000000682
814.874000000000682
814.940000000000682
815.008000000000682
815.095000000000682
815.755000000000683
815.895000000000683
816.015000000000683
816.091000000000683
816.240000000000683
817.485000000000684
817.610000000000684
817.666000000000685
817.733000000000685
818.790000000000686
818.913000000000686
819.041000000000686
819.103000000000686
819.121000000000686
819.243000000000686
819.313000000000686
819.401000000000686
819.421000000000686
820.937000000000687
821.878000000000688
821.919000000000688
823.84800000000069
823.98500000000069
824.736000000000691
825.247000000000691
825.373000000000691
825.496000000000691
825.763000000000692
825.875000000000692
825.943000000000692
826.097000000000692
826.174000000000692
826.342000000000692
826.482000000000692
826.601000000000692
826.733000000000693
826.869000000000693
827.011000000000693
827.136000000000693
827.276000000000693
1059.9940000000009
1060.0780000000009
1060.1670000000009
1060.2870000000009
1060.4260000000009
1060.5280000000009
1060.6650000000009
1060.7800000000009
1060.9190000000009
1061.0390000000009
1061.1700000000009
1061.2950000000009
1061.4280000000009
1061.9040000000009
1062.0240000000009
1062.1790000000009
1062.3110000000009
1062.4500000000009
1063.8280000000009
1063.9570000000009
1064.1020000000009
1064.2420000000009
1064.4860000000009
1064.6000000000009
1064.7210000000009
1414.66000000000121
1420.93700000000122
1421.03800000000122
1421.17800000000122
1421.31100000000122
1421.44400000000122
1421.58000000000122
1421.70500000000122
1421.82300000000122
1421.94600000000122
1422.07800000000122
1422.20100000000122
1422.35700000000122
1422.51000000000122
1422.65500000000122
1422.78900000000122
1422.93600000000122
1423.09100000000122
1423.22200000000122
1423.36400000000122
1423.49800000000122
1423.56800000000122
1423.63700000000122
1423.76600000000122
1423.89500000000122
1424.01800000000122
1424.15000000000122
1424.28900000000122
1424.37500000000122
1424.44700000000122
1424.59600000000122
1424.72800000000122
1424.81200000000122
1424.88000000000122
1424.97600000000122
1425.05800000000122
1425.13900000000122
1425.19600000000122
1425.33800000000122
1425.50100000000122
1425.63000000000122
1425.76400000000122
1425.91600000000122
1426.07200000000122
1426.16900000000122
1426.24000000000122
1426.31000000000123
1426.38500000000123
1426.52700000000123
1426.61000000000123
1426.65800000000123
1426.74100000000123
1426.79800000000123
1426.93200000000123
1427.37200000000123
1427.65900000000123
1427.77800000000123
1427.94700000000123
1428.83200000000123
1428.96000000000123
1429.09400000000123
1429.18400000000123
1429.26000000000123
1429.88100000000123
1430.85200000000123
1431.01400000000123
1431.15800000000123
1431.30900000000123
1431.44200000000123
1431.61200000000123
1431.76800000000123
1431.92000000000123
1431.98300000000123
1432.05800000000123
1432.15600000000123
1432.25400000000123
1432.39100000000123
1432.46200000000123
1432.48500000000123
1432.54100000000123
1432.65400000000123
1432.73300000000123
1432.79600000000123
1432.86800000000123
1433.00400000000123
1433.16600000000123
1433.30100000000123
1433.49300000000123
1433.80700000000123
1433.93600000000123
1434.02500000000123
1434.10600000000123
1434.16600000000123
1434.25100000000123
1434.54700000000123
1434.68800000000123
1434.81800000000123
1434.88000000000123
1434.96000000000123
1435.08800000000123
1435.23400000000123
1435.30800000000123
1435.37500000000123
1435.53400000000123
1435.68300000000123
1435.80800000000123
1435.91500000000123
1435.96800000000123
1436.00200000000123
1436.04300000000123
1436.11900000000123
1436.21000000000123
1436.28600000000123
1436.35300000000123
1436.43200000000123
1436.51000000000123
1436.64400000000123
1436.77000000000123
1438.07800000000124
1438.21500000000124
1438.37300000000124
1438.60100000000124
1438.67900000000124
1438.84400000000124
1439.02200000000124
1439.07400000000124
1439.14400000000124
1439.33200000000124
1439.47700000000124
1439.62300000000124
1439.75600000000124
1439.82300000000124
1439.89600000000124
1440.00100000000124
1440.09700000000124
1440.27300000000124
1440.40600000000124
-4
69.7230000000000203
69.9710000000000205
70.1000000000000206
70.9250000000000214
71.0210000000000214
71.2610000000000216
71.664000000000022
217.564000000000152
217.726000000000152
217.836000000000152
217.871000000000152
217.964000000000152
218.093000000000152
218.231000000000152
218.360000000000152
218.491000000000152
218.615000000000153
218.754000000000153
218.877000000000153
219.011000000000153
219.155000000000153
219.287000000000153
219.418000000000153
219.571000000000153
219.704000000000153
220.005000000000154
220.141000000000154
220.270000000000154
220.400000000000154
233.686000000000166
233.714000000000166
234.110000000000166
234.213000000000166
234.311000000000166
234.427000000000167
234.546000000000167
234.671000000000167
234.788000000000167
234.821000000000167
234.908000000000167
235.026000000000167
235.053000000000167
235.156000000000167
235.278000000000167
235.412000000000167
235.532000000000168
235.649000000000168
235.776000000000168
235.905000000000168
236.047000000000168
236.168000000000168
236.288000000000168
236.401000000000168
236.918000000000169
236.960000000000169
237.047000000000169
237.168000000000169
237.294000000000169
237.306000000000169
237.418000000000169
237.553000000000169
237.697000000000169
237.72800000000017
237.81900000000017
237.94100000000017
238.06000000000017
238.19100000000017
238.31700000000017
238.44100000000017
238.57300000000017
238.71300000000017
238.83100000000017
238.968000000000171
239.097000000000171
239.314000000000171
239.868000000000171
240.116000000000172
240.193000000000172
240.305000000000172
240.421000000000172
240.552000000000172
240.585000000000172
240.812000000000172
240.907000000000172
241.054000000000172
241.261000000000173
241.300000000000173
241.393000000000173
241.741000000000173
242.777000000000174
242.910000000000174
243.011000000000174
243.137000000000174
243.273000000000174
243.394000000000175
243.497000000000175
243.777000000000175
243.858000000000175
243.992000000000175
244.072000000000175
244.194000000000175
244.219000000000175
244.311000000000175
244.371000000000175
244.527000000000176
244.602000000000176
244.716000000000176
293.905000000000219
293.975000000000219
294.06300000000022
294.18200000000022
517.906000000000418
518.074000000000418
518.200000000000419
518.264000000000419
518.348000000000419
518.387000000000419
518.488000000000419
518.618000000000419
518.767000000000419
518.798000000000419
518.916000000000419
518.969000000000419
519.072000000000419
519.213000000000419
519.74200000000042
519.87800000000042
520.03700000000042
520.19800000000042
520.23200000000042
520.36400000000042
520.514000000000421
520.566000000000421
520.668000000000421
520.793000000000421
521.203000000000421
521.254000000000421
521.361000000000421
521.504000000000422
521.632000000000422
522.167000000000422
522.313000000000422
522.339000000000422
522.695000000000423
522.746000000000423
522.965000000000423
540.676000000000439
540.718000000000439
540.809000000000439
540.871000000000439
540.951000000000439
541.098000000000439
807.017000000000675
807.103000000000675
807.202000000000675
807.319000000000675
807.455000000000676
807.587000000000676
807.696000000000676
808.303000000000676
808.437000000000676
808.557000000000676
808.676000000000677
808.701000000000677
808.794000000000677
808.915000000000677
809.046000000000677
809.166000000000677
809.278000000000677
809.407000000000677
809.441000000000677
809.580000000000677
809.696000000000677
809.703000000000678
809.807000000000678
809.937000000000678
809.992000000000678
810.090000000000678
810.193000000000678
810.349000000000678
810.467000000000678
810.589000000000678
810.688000000000678
810.820000000000678
810.990000000000679
811.097000000000679
811.121000000000679
811.225000000000679
811.249000000000679
811.362000000000679
811.486000000000679
811.510000000000679
811.619000000000679
811.658000000000679
811.679000000000679
811.755000000000679
811.802000000000679
811.889000000000679
811.923000000000679
811.952000000000679
812.05400000000068
812.08800000000068
812.15900000000068
812.18400000000068
812.33000000000068
812.46500000000068
812.47200000000068
812.55500000000068
812.58300000000068
812.60700000000068
812.68700000000068
812.71400000000068
812.75100000000068
812.84700000000068
812.88900000000068
812.96500000000068
813.07400000000068
813.193000000000681
813.333000000000681
813.372000000000681
813.510000000000681
813.642000000000681
813.795000000000681
813.821000000000681
813.916000000000681
814.254000000000682
814.390000000000682
814.426000000000682
814.523000000000682
814.546000000000682
814.659000000000682
814.804000000000682
814.923000000000682
814.959000000000682
815.089000000000682
815.746000000000683
815.810000000000683
815.943000000000683
816.072000000000683
816.239000000000683
817.457000000000684
817.522000000000684
817.663000000000685
817.681000000000685
818.784000000000686
818.849000000000686
818.977000000000686
819.095000000000686
819.119000000000686
819.232000000000686
819.260000000000686
819.391000000000686
819.420000000000686
820.930000000000687
820.980000000000688
821.910000000000688
823.035000000000689
823.94100000000069
824.730000000000691
824.967000000000691
825.293000000000691
825.406000000000691
825.528000000000692
825.799000000000692
825.939000000000692
826.095000000000692
826.173000000000692
826.304000000000692
826.392000000000692
826.529000000000692
826.657000000000693
826.792000000000693
826.938000000000693
827.066000000000693
827.192000000000693
827.303000000000693
1060.0130000000009
1060.1060000000009
1060.2190000000009
1060.3440000000009
1060.4570000000009
1060.5930000000009
1060.7140000000009
1060.8510000000009
1060.9670000000009
1061.0950000000009
1061.2250000000009
1061.3430000000009
1061.4520000000009
1061.9470000000009
1062.0950000000009
1062.2320000000009
1062.3730000000009
1062.4900000000009
1063.8930000000009
1064.0120000000009
1064.1610000000009
1064.3110000000009
1064.5300000000009
1064.6400000000009
1064.7800000000009
1414.67600000000121
1420.97000000000122
1421.10100000000122
1421.23100000000122
1421.36700000000122
1421.50300000000122
1421.62700000000122
1421.75000000000122
1421.86900000000122
1422.00000000000122
1422.12500000000122
1422.27900000000122
1422.42900000000122
1422.56900000000122
1422.70300000000122
1422.85000000000122
1423.01400000000122
1423.14200000000122
1423.28400000000122
1423.41300000000122
1423.54600000000122
1423.58100000000122
1423.68800000000122
1423.81600000000122
1423.94200000000122
1424.06900000000122
1424.20300000000122
1424.35000000000122
1424.43300000000122
1424.51400000000122
1424.64700000000122
1424.78400000000122
1424.83300000000122
1424.96100000000122
1425.01200000000122
1425.11400000000122
1425.15400000000122
1425.24900000000122
1425.39200000000122
1425.54200000000122
1425.66800000000122
1425.80900000000122
1425.98900000000122
1426.15700000000122
1426.21900000000122
1426.29600000000123
1426.35200000000123
1426.44300000000123
1426.57700000000123
1426.64800000000123
1426.71500000000123
1426.76200000000123
1426.85200000000123
1427.27500000000123
1427.40800000000123
1427.75300000000123
1427.85700000000123
1428.74900000000123
1428.87000000000123
1429.05900000000123
1429.17200000000123
1429.23000000000123
1429.77200000000123
1429.90100000000123
1430.91700000000123
1431.06700000000123
1431.21900000000123
1431.35000000000123
1431.52600000000123
1431.67400000000123
1431.82000000000123
1431.96700000000123
1432.00500000000123
1432.14500000000123
1432.17700000000123
1432.30600000000123
1432.44900000000123
1432.47900000000123
1432.50400000000123
1432.64200000000123
1432.73100000000123
1432.78700000000123
1432.80800000000123
1432.91100000000123
1433.08200000000123
1433.21000000000123
1433.49000000000123
1433.79500000000123
1433.85700000000123
1433.98600000000123
1434.09600000000123
1434.15500000000123
1434.22400000000123
1434.49000000000123
1434.59900000000123
1434.73200000000123
1434.87000000000123
1434.90400000000123
1435.00500000000123
1435.13400000000123
1435.29300000000123
1435.35600000000123
1435.45800000000123
1435.59700000000123
1435.79400000000123
1435.86700000000123
1435.96100000000123
1435.98400000000123
1436.02100000000123
1436.10500000000123
1436.12600000000123
1436.26500000000123
1436.33200000000123
1436.42900000000123
1436.47400000000123
1436.55800000000123
1436.69500000000123
1436.81200000000123
1438.11300000000124
1438.27900000000124
1438.45300000000124
1438.63800000000124
1438.76200000000124
1438.93400000000124
1439.06400000000124
1439.09100000000124
1439.24500000000124
1439.38900000000124
1439.52800000000124
1439.67000000000124
1439.80400000000124
1439.86100000000124
1439.99800000000124
1440.09400000000124
1440.19300000000124
1440.31700000000124
1440.44100000000124
0
0
0
0
0
0
0
0
0
0
0
0
0
3600.00099999983085
0
0
0
0
0
0
