2
22
19
2
22
19
IPP3.11
sacch1
0
3
11
25
30
12
26
23
22
4
.3
1
63
63
1
2218
2218
1
1
1
1
1
1
1
1
1
1
1
1
1
1
1
1
1
1
1
1
62
-1
247.260000000000178
247.914000000000179
1413.66700000000121
1413.83200000000121
1414.95300000000122
1415.11400000000122
1415.26600000000122
1415.45800000000122
1415.59000000000122
1415.73300000000122
1415.88900000000122
1416.03700000000122
1416.19500000000122
1416.34800000000122
1416.81100000000122
1416.95400000000122
1417.11100000000122
1417.26800000000122
1417.42500000000122
1417.57100000000122
1417.71700000000122
1417.87300000000122
1418.02800000000122
1418.19000000000122
1418.87000000000122
1419.01600000000122
1419.29600000000122
1419.45700000000122
1419.61600000000122
1419.90000000000122
1420.06200000000122
1420.61400000000122
1420.76000000000122
1421.05800000000122
1421.79100000000122
1421.92300000000122
1422.09700000000122
1422.25300000000122
1423.47600000000122
1423.66000000000122
1423.83000000000122
1426.39100000000123
1426.53000000000123
1522.74700000000131
1522.88000000000131
1524.69500000000131
1524.83600000000131
1525.00000000000131
1525.14900000000131
1700.03300000000147
2326.44599999997111
2326.84499999997107
3278.45499999986626
3278.60499999986625
3278.81699999986622
3279.0029999998662
3279.18099999986618
3279.38599999986616
3279.79399999986611
3279.9679999998661
3575.18999999983358
3575.61599999983353
-2
247.287000000000178
247.935000000000179
1413.68200000000121
1413.86400000000121
1415.00100000000122
1415.15900000000122
1415.33000000000122
1415.49200000000122
1415.64200000000122
1415.79900000000122
1415.94900000000122
1416.09200000000122
1416.25500000000122
1416.36700000000122
1416.85600000000122
1417.02000000000122
1417.18000000000122
1417.33400000000122
1417.48400000000122
1417.62800000000122
1417.78400000000122
1417.94000000000122
1418.09500000000122
1418.25400000000122
1418.90700000000122
1419.08400000000122
1419.37000000000122
1419.52800000000122
1419.69200000000122
1419.97300000000122
1420.13800000000122
1420.63800000000122
1420.82000000000122
1421.10700000000122
1421.83900000000122
1422.00200000000122
1422.13400000000122
1422.29300000000122
1423.54100000000122
1423.72700000000122
1423.90200000000122
1426.47900000000123
1426.89600000000123
1522.78700000000131
1522.91900000000131
1524.74000000000131
1524.89000000000131
1525.03900000000131
1525.16800000000131
1700.04900000000147
2326.49599999997111
2326.88599999997106
3278.49499999986626
3278.66299999986624
3278.84799999986622
3279.0379999998662
3279.22999999986618
3279.41999999986616
3279.83399999986611
3279.99499999986609
3575.25999999983357
3575.69099999983353
2217
-3
217.186000000000151
304.013000000000228
359.180000000000277
360.282000000000278
360.442000000000278
360.478000000000278
361.66900000000028
361.77900000000028
361.93300000000028
362.24000000000028
362.905000000000281
364.230000000000282
364.807000000000282
432.890000000000343
462.087000000000369
463.31300000000037
463.48700000000037
464.338000000000371
464.570000000000371
464.816000000000371
465.099000000000371
465.116000000000371
465.407000000000372
465.608000000000372
465.770000000000372
465.960000000000372
466.139000000000372
466.311000000000372
466.503000000000373
466.703000000000373
466.879000000000373
467.038000000000373
467.192000000000373
467.363000000000373
467.527000000000374
467.704000000000374
467.873000000000374
468.373000000000374
468.551000000000374
468.694000000000375
468.868000000000375
469.058000000000375
469.188000000000375
469.519000000000375
478.039000000000383
508.92700000000041
508.96600000000041
509.347000000000411
509.509000000000411
549.905000000000447
550.140000000000447
550.509000000000447
564.83200000000046
564.90600000000046
565.37200000000046
565.610000000000461
565.905000000000461
566.427000000000461
566.674000000000462
567.202000000000462
653.665000000000539
654.185000000000539
654.97600000000054
656.019000000000541
656.372000000000541
656.471000000000541
656.618000000000542
656.787000000000542
656.925000000000542
657.675000000000542
657.811000000000543
657.955000000000543
658.104000000000543
658.390000000000543
658.527000000000543
658.680000000000543
658.825000000000544
658.971000000000544
659.121000000000544
659.267000000000544
659.535000000000544
659.681000000000544
660.236000000000545
660.376000000000545
660.531000000000545
660.687000000000545
660.814000000000545
660.980000000000545
661.251000000000546
661.399000000000546
661.563000000000546
661.712000000000546
662.261000000000546
662.413000000000547
662.583000000000547
662.732000000000547
662.886000000000547
663.259000000000547
663.416000000000548
663.573000000000548
663.717000000000548
664.117000000000548
664.261000000000548
664.416000000000548
664.582000000000549
664.736000000000549
664.893000000000549
665.037000000000549
665.201000000000549
665.337000000000549
666.09600000000055
666.23800000000055
666.41100000000055
666.57200000000055
666.73400000000055
666.902000000000551
667.070000000000551
667.223000000000551
667.374000000000551
667.762000000000551
667.920000000000552
668.080000000000552
668.243000000000552
668.396000000000552
668.556000000000552
668.714000000000552
668.895000000000552
669.059000000000553
669.185000000000553
669.333000000000553
669.625000000000553
669.782000000000553
669.942000000000553
670.111000000000554
670.270000000000554
670.437000000000554
670.597000000000554
670.753000000000554
670.906000000000554
671.088000000000554
671.259000000000554
671.398000000000555
671.535000000000555
671.962000000000555
672.123000000000555
672.291000000000555
672.447000000000556
672.611000000000556
672.783000000000556
672.945000000000556
673.244000000000556
673.407000000000556
673.572000000000557
673.724000000000557
673.897000000000557
674.068000000000557
674.213000000000557
674.374000000000557
674.541000000000557
674.708000000000558
674.834000000000558
675.003000000000558
675.173000000000558
675.303000000000558
675.487000000000558
675.658000000000558
675.812000000000559
675.978000000000559
676.130000000000559
676.304000000000559
676.485000000000559
676.640000000000559
676.788000000000559
676.93400000000056
677.10600000000056
677.27400000000056
677.70500000000056
678.03300000000056
678.204000000000561
678.369000000000561
678.505000000000561
678.668000000000561
678.834000000000561
678.994000000000561
679.138000000000562
679.310000000000562
679.479000000000562
679.629000000000562
679.770000000000562
679.940000000000562
680.124000000000562
680.291000000000562
680.438000000000563
680.602000000000563
680.768000000000563
680.941000000000563
681.119000000000563
681.287000000000563
681.456000000000564
681.633000000000564
681.819000000000564
681.989000000000564
682.118000000000564
682.288000000000564
682.463000000000564
682.617000000000565
682.772000000000565
682.926000000000565
683.091000000000565
683.254000000000565
683.408000000000565
683.565000000000565
683.715000000000566
683.877000000000566
684.055000000000566
684.479000000000566
684.630000000000566
684.787000000000566
684.949000000000567
685.115000000000567
685.304000000000567
685.466000000000567
685.625000000000567
685.920000000000568
686.087000000000568
686.252000000000568
686.422000000000568
686.610000000000568
686.898000000000568
687.069000000000569
687.474000000000569
687.632000000000569
687.812000000000569
687.972000000000569
688.14500000000057
688.32400000000057
688.50700000000057
688.67700000000057
688.84100000000057
689.01400000000057
689.18500000000057
689.346000000000571
689.516000000000571
689.696000000000571
689.873000000000571
690.043000000000571
690.189000000000571
690.366000000000572
690.536000000000572
690.702000000000572
690.872000000000572
691.052000000000572
691.228000000000572
691.401000000000572
691.566000000000573
691.742000000000573
691.922000000000573
692.086000000000573
692.213000000000573
692.392000000000573
692.844000000000574
692.998000000000574
693.158000000000574
693.327000000000574
693.495000000000574
693.673000000000574
693.841000000000575
694.445000000000575
694.591000000000575
694.758000000000575
694.910000000000576
695.078000000000576
695.249000000000576
695.410000000000576
695.581000000000576
695.758000000000576
695.926000000000576
696.100000000000577
696.274000000000577
696.425000000000577
696.610000000000577
696.783000000000577
696.959000000000577
697.131000000000577
697.321000000000578
697.601000000000578
697.759000000000578
706.961000000000586
707.108000000000586
707.304000000000587
707.472000000000587
707.614000000000587
707.763000000000587
707.917000000000587
708.084000000000587
708.240000000000587
708.388000000000588
708.538000000000588
708.679000000000588
708.844000000000588
708.989000000000588
709.149000000000588
709.307000000000588
709.472000000000588
709.638000000000589
709.790000000000589
710.061000000000589
710.230000000000589
710.387000000000589
710.530000000000589
710.90500000000059
711.06400000000059
711.23100000000059
711.39200000000059
711.55200000000059
711.71700000000059
711.881000000000591
712.032000000000591
712.214000000000591
712.377000000000591
712.526000000000591
712.672000000000591
712.836000000000591
712.966000000000592
713.123000000000592
713.274000000000592
713.435000000000592
713.595000000000592
713.756000000000592
713.918000000000592
714.098000000000593
714.269000000000593
714.432000000000593
715.726000000000594
715.866000000000594
716.036000000000594
716.207000000000594
716.368000000000595
716.672000000000595
716.826000000000595
716.977000000000595
717.243000000000595
717.413000000000596
717.577000000000596
717.711000000000596
717.878000000000596
718.041000000000596
718.185000000000596
718.347000000000596
718.508000000000596
718.937000000000597
719.096000000000597
719.285000000000597
719.439000000000597
719.607000000000597
720.142000000000598
720.305000000000598
720.589000000000598
720.758000000000598
720.952000000000599
721.116000000000599
721.281000000000599
722.8520000000006
722.9940000000006
723.145000000000601
723.314000000000601
723.478000000000601
723.640000000000601
723.766000000000601
723.913000000000601
724.080000000000601
724.235000000000602
726.764000000000604
727.918000000000605
728.068000000000605
728.230000000000605
728.376000000000605
728.539000000000605
728.698000000000606
728.866000000000606
730.007000000000607
730.322000000000607
730.713000000000607
731.684000000000608
732.009000000000608
732.918000000000609
733.22900000000061
733.70600000000061
779.00800000000065
779.18200000000065
779.27200000000065
780.626000000000652
780.994000000000652
781.116000000000652
781.253000000000652
781.399000000000652
781.678000000000653
782.158000000000653
782.297000000000653
782.447000000000653
782.849000000000654
782.982000000000654
783.101000000000654
783.243000000000654
783.392000000000654
783.541000000000654
783.694000000000654
783.844000000000654
784.116000000000655
787.906000000000658
858.843000000000721
858.973000000000721
859.127000000000721
859.306000000000722
861.943000000000724
862.346000000000724
862.375000000000724
863.061000000000725
863.782000000000726
864.091000000000726
864.255000000000726
864.414000000000726
864.576000000000726
864.742000000000726
865.021000000000727
865.166000000000727
865.433000000000727
865.583000000000727
865.703000000000727
865.980000000000728
866.136000000000728
866.306000000000728
866.442000000000728
866.717000000000728
866.886000000000728
867.038000000000728
867.157000000000728
867.920000000000729
868.067000000000729
868.227000000000729
868.39700000000073
868.54900000000073
868.70700000000073
868.84000000000073
868.96400000000073
869.24600000000073
869.39200000000073
869.551000000000731
869.680000000000731
869.849000000000731
870.528000000000732
870.676000000000732
870.827000000000732
870.985000000000732
871.142000000000732
871.312000000000732
871.486000000000732
871.638000000000732
871.787000000000733
872.069000000000733
872.489000000000733
872.669000000000733
872.818000000000734
872.953000000000734
873.130000000000734
873.279000000000734
873.554000000000734
873.863000000000734
874.031000000000735
874.179000000000735
874.351000000000735
879.64500000000074
879.79800000000074
879.96000000000074
880.11400000000074
880.25800000000074
880.40300000000074
880.55700000000074
880.692000000000741
881.135000000000741
881.167000000000741
881.230000000000741
881.364000000000741
882.003000000000742
882.491000000000742
884.500000000000744
884.628000000000744
884.782000000000744
884.939000000000744
885.337000000000745
885.464000000000745
885.610000000000745
885.758000000000745
885.883000000000745
886.039000000000745
886.190000000000745
886.308000000000746
886.475000000000746
886.630000000000746
887.726000000000747
888.108000000000747
888.877000000000748
889.016000000000748
889.176000000000748
889.323000000000748
889.466000000000748
889.612000000000748
889.748000000000749
889.903000000000749
890.059000000000749
890.213000000000749
890.369000000000749
890.606000000000749
890.769000000000749
891.22200000000075
891.36900000000075
891.49900000000075
927.636000000000782
928.448000000000783
930.902000000000785
931.020000000000785
931.551000000000786
931.667000000000786
931.919000000000786
932.078000000000786
932.425000000000786
1262.35800000000108
1262.49100000000108
1262.64500000000108
1262.91800000000108
1263.06900000000108
1263.21200000000108
1263.46200000000108
1263.61600000000108
1263.75800000000108
1264.02100000000108
1264.16500000000108
1264.31100000000108
1264.46400000000108
1264.84700000000108
1265.00500000000108
1265.15000000000108
1265.27800000000108
1265.43100000000108
1265.58900000000108
1265.71300000000108
1265.85400000000108
1266.01700000000108
1266.15800000000108
1266.30700000000108
1266.45900000000108
1266.71800000000108
1266.89500000000108
1267.05000000000108
1267.30100000000108
1267.46200000000108
1267.58600000000108
1267.74600000000108
1267.89700000000108
1268.03600000000108
1268.19500000000108
1268.34300000000108
1268.47000000000108
1268.63500000000109
1268.90300000000109
1269.05200000000109
1269.19500000000109
1269.35200000000109
1269.49000000000109
1269.63300000000109
1269.79700000000109
1269.93400000000109
1270.07100000000109
1270.22400000000109
1270.38700000000109
1270.51800000000109
1270.67500000000109
1270.84600000000109
1271.00200000000109
1271.14000000000109
1271.31300000000109
1271.47000000000109
1271.59600000000109
1271.75700000000109
1271.88900000000109
1272.05600000000109
1272.22800000000109
1272.35200000000109
1272.48800000000109
1272.63800000000109
1272.78800000000109
1272.92500000000109
1273.08600000000109
1273.26300000000109
1273.43000000000109
1273.54500000000109
1273.71100000000109
1273.88500000000109
1274.04600000000109
1274.19500000000109
1274.35600000000109
1274.48700000000109
1274.62900000000109
1274.79300000000109
1274.96200000000109
1275.09000000000109
1275.25600000000109
1275.41100000000109
1275.57600000000109
1275.73600000000109
1275.85900000000109
1276.02300000000109
1276.18000000000109
1276.46700000000109
1276.80400000000109
1276.98000000000109
1277.13900000000109
1277.27000000000109
1277.42300000000109
1277.58500000000109
1277.74500000000109
1277.92500000000109
1278.08100000000109
1278.21900000000109
1278.36900000000109
1278.52700000000109
1278.69900000000109
1278.86800000000109
1279.02600000000109
1279.33300000000109
1279.49100000000109
1279.65200000000109
1279.8160000000011
1279.9500000000011
1280.1100000000011
1280.2640000000011
1280.4280000000011
1280.5940000000011
1280.7530000000011
1281.0440000000011
1281.1920000000011
1281.3610000000011
1281.5230000000011
1281.6780000000011
1281.8400000000011
1282.0030000000011
1282.1830000000011
1282.3460000000011
1282.4950000000011
1282.6440000000011
1282.8080000000011
1282.9530000000011
1283.2440000000011
1283.4180000000011
1283.5800000000011
1283.7070000000011
1283.8680000000011
1284.0320000000011
1284.1840000000011
1284.3470000000011
1284.5170000000011
1284.6860000000011
1284.8580000000011
1285.0170000000011
1285.1810000000011
1285.3160000000011
1285.4820000000011
1285.6320000000011
1285.8010000000011
1286.0030000000011
1286.1660000000011
1286.2890000000011
1286.4370000000011
1286.6100000000011
1286.7800000000011
1286.9490000000011
1287.0900000000011
1287.2670000000011
1287.4270000000011
1287.5650000000011
1287.7280000000011
1287.8960000000011
1288.0260000000011
1288.1830000000011
1288.3520000000011
1288.5220000000011
1288.6580000000011
1288.8020000000011
1288.9370000000011
1289.1020000000011
1289.2580000000011
1289.3940000000011
1289.5730000000011
1289.7430000000011
1289.8670000000011
1290.0460000000011
1290.3450000000011
1290.5100000000011
1290.6670000000011
1290.8220000000011
1290.9790000000011
1291.1510000000011
1291.28000000000111
1291.45500000000111
1291.62300000000111
1291.75300000000111
1291.94900000000111
1293.35600000000111
1293.49900000000111
1293.66200000000111
1293.94000000000111
1294.09000000000111
1294.24800000000111
1294.40300000000111
1294.52700000000111
1294.68300000000111
1294.83900000000111
1295.00100000000111
1295.15900000000111
1295.33400000000111
1295.49800000000111
1295.65900000000111
1295.81500000000111
1295.98400000000111
1296.11300000000111
1296.29000000000111
1296.46000000000111
1296.63000000000111
1296.76700000000111
1296.94200000000111
1297.11800000000111
1297.28500000000111
1297.82400000000111
1297.96700000000111
1298.12900000000111
1298.29200000000111
1298.46000000000111
1298.62600000000111
1298.79700000000111
1298.95300000000111
1299.11200000000111
1299.26500000000111
1299.43200000000111
1299.58500000000111
1299.75500000000111
1299.92100000000111
1300.08400000000111
1300.24500000000111
1300.39000000000111
1300.57100000000111
1300.74400000000111
1300.90600000000111
1302.87800000000112
1303.02100000000112
1303.17600000000112
1303.34100000000112
1303.62700000000112
1303.77700000000112
1303.93800000000112
1304.09000000000112
1304.26100000000112
1304.42600000000112
1304.58700000000112
1304.76000000000112
1304.91100000000112
1305.08300000000112
1305.21600000000112
1305.52000000000112
1305.67900000000112
1305.82900000000112
1305.96100000000112
1306.12500000000112
1306.28200000000112
1306.42000000000112
1306.58400000000112
1306.75000000000112
1306.90000000000112
1307.06900000000112
1307.19100000000112
1307.35000000000112
1307.51300000000112
1310.23700000000112
1310.39200000000112
1310.55400000000112
1310.71500000000112
1310.87300000000112
1311.02100000000112
1311.18600000000112
1311.35500000000112
1311.51600000000112
1311.68900000000112
1311.84900000000112
1312.01500000000112
1312.18200000000112
1312.34900000000112
1312.53400000000112
1312.68800000000112
1312.85900000000112
1321.37300000000113
1321.49200000000113
1321.63800000000113
1321.79000000000113
1323.77900000000113
1323.91200000000113
1455.44000000000125
1455.56600000000125
1457.08700000000125
1457.22900000000125
1457.39700000000125
1538.02400000000132
1538.16100000000132
1538.32700000000132
1541.63400000000133
1541.78300000000133
1541.93500000000133
1542.05700000000133
1542.18400000000133
1542.32100000000133
1542.45700000000133
1542.58700000000133
1542.71800000000133
1542.86500000000133
1543.14300000000133
1543.28300000000133
1543.40500000000133
1543.55700000000133
1543.70500000000133
1543.85400000000133
1544.00900000000133
1544.14700000000133
1544.44900000000133
1544.60600000000133
1544.87500000000133
1545.02900000000133
1545.30300000000133
1545.46900000000133
1545.61900000000133
1545.77700000000133
1545.93900000000133
1546.09000000000133
1546.24200000000133
1546.41500000000133
1546.55500000000133
1546.69200000000133
1546.99700000000133
1547.14500000000133
1547.29300000000133
1547.44400000000133
1547.59400000000133
1547.76200000000133
1547.93900000000133
1548.61900000000133
1548.76100000000133
1548.92100000000133
1549.06300000000133
1549.23000000000133
1549.40100000000133
1549.56600000000133
1549.72600000000133
1549.86100000000133
1550.02300000000134
1550.30600000000134
1550.43700000000134
1550.60700000000134
1550.78300000000134
1550.95000000000134
1551.11600000000134
1551.26000000000134
1551.40000000000134
1551.57700000000134
1551.74400000000134
1551.87800000000134
1552.04600000000134
1552.31200000000134
1552.49400000000134
1552.66300000000134
1552.79800000000134
1552.96600000000134
1553.13200000000134
1553.28400000000134
1553.45400000000134
1553.58400000000134
1553.75000000000134
1553.88800000000134
1554.20300000000134
1554.37100000000134
1554.51700000000134
1554.68100000000134
1554.84300000000134
1554.99400000000134
1555.14600000000134
1555.31400000000134
1555.48600000000134
1555.65500000000134
1555.80300000000134
1555.97700000000134
1556.13500000000134
1556.26100000000134
1557.08700000000134
1557.23400000000134
1557.40900000000134
1557.57300000000134
1557.73500000000134
1557.89500000000134
1558.18700000000134
1558.47900000000134
1558.65300000000134
1558.82300000000134
1559.07400000000134
1561.61700000000135
1561.98300000000135
1562.12600000000135
1562.27800000000135
1562.43400000000135
1562.58700000000135
1565.13100000000135
1565.27300000000135
1565.43400000000135
1565.58200000000135
1565.73000000000135
1565.87500000000135
1582.37800000000136
1582.52100000000136
1596.85600000000138
1597.88700000000138
1598.97200000000138
1599.11500000000138
1599.27000000000138
1599.42200000000138
1599.55800000000138
1599.70600000000138
1599.85600000000138
1599.99800000000138
1600.15200000000138
1600.31200000000138
1600.56200000000138
1600.72900000000138
1600.97900000000138
1601.13500000000138
1601.27900000000138
1601.44200000000138
1601.60000000000138
1601.73200000000138
1601.89300000000138
1602.04200000000138
1602.31700000000138
1603.73100000000138
1604.75600000000138
1605.32100000000138
1605.46000000000138
1605.61500000000138
1605.78000000000138
1607.06000000000139
1607.21300000000139
1610.62800000000139
1610.76600000000139
1610.91500000000139
1611.72100000000139
1611.84900000000139
1612.39500000000139
1612.55400000000139
1613.62700000000139
1613.79000000000139
1613.95700000000139
1615.27100000000139
1710.77500000000148
1711.12300000000148
1711.25100000000148
1711.39100000000148
1711.52700000000148
1711.67500000000148
1711.80700000000148
1711.95200000000148
1712.10000000000148
1712.23600000000148
1712.49400000000148
1712.64600000000148
1712.78900000000148
1712.93600000000148
1713.08700000000148
1713.22500000000148
1713.37600000000148
1713.49900000000148
1713.66200000000148
1713.82300000000148
1713.97300000000148
1714.10700000000148
1714.27100000000148
1714.42100000000148
1714.54000000000148
1714.69200000000148
1714.83300000000148
1714.98500000000148
1715.14200000000148
1715.31500000000148
1715.46400000000148
1715.59300000000148
1715.77000000000148
1716.03300000000148
1716.21600000000148
1716.34000000000148
1716.49200000000148
1716.64400000000148
1716.79100000000148
1716.94300000000148
1717.09300000000148
1717.26000000000148
1717.41700000000148
1717.57400000000148
1717.82700000000148
1717.99000000000148
1718.14000000000148
1718.29100000000148
1718.44400000000148
1718.59100000000148
1718.76800000000148
1719.17500000000149
1719.34300000000149
1719.51100000000149
1719.63900000000149
1719.80500000000149
1719.94700000000149
1720.12500000000149
1720.27800000000149
1720.41200000000149
1720.57100000000149
1720.74000000000149
1720.89800000000149
1721.04100000000149
1721.21100000000149
1721.35300000000149
1721.51800000000149
1721.67000000000149
1721.81900000000149
1721.97500000000149
1722.17000000000149
1722.32700000000149
1722.59600000000149
1722.74300000000149
1722.91700000000149
1723.03300000000149
1723.20200000000149
1723.38300000000149
1723.54200000000149
1723.67200000000149
1723.84100000000149
1724.00900000000149
1724.13500000000149
1724.30300000000149
1724.45900000000149
1724.60900000000149
1724.78300000000149
1724.94400000000149
1725.09700000000149
1725.23200000000149
1725.39300000000149
1725.52200000000149
1725.69300000000149
1725.86600000000149
1726.02900000000149
1726.20900000000149
1726.37400000000149
1726.50500000000149
1726.67200000000149
1726.83700000000149
1727.00500000000149
1727.80800000000149
1728.07200000000149
1728.22500000000149
1728.36900000000149
1728.53000000000149
1728.69300000000149
1728.85400000000149
1729.02000000000149
1729.15300000000149
1729.33300000000149
1729.49900000000149
1729.63500000000149
1730.9580000000015
1822.28200000000158
1822.40300000000158
1822.53900000000158
1978.30400000000172
1978.44400000000172
2193.79099999998572
2193.92599999998571
2194.05999999998569
2194.19499999998568
2194.33899999998566
2194.47599999998565
2194.61399999998563
2194.74799999998562
2195.01399999998559
2195.15199999998557
2195.30299999998555
2195.43699999998554
2195.58099999998552
2195.72399999998551
2195.87199999998549
2196.02899999998547
2196.17799999998546
2196.34099999998544
2196.49499999998542
2196.63199999998541
2196.78599999998539
2196.94099999998537
2197.08599999998536
2197.24199999998534
2197.39399999998532
2197.55699999998531
2197.71299999998529
2197.86399999998527
2198.02099999998525
2198.17499999998524
2198.34499999998522
2198.61199999998519
2198.77199999998517
2198.90799999998516
2199.07299999998514
2199.36499999998511
2199.52499999998509
2199.68499999998507
2199.83299999998506
2199.99599999998504
2200.14799999998502
2200.293999999985
2200.44999999998499
2200.73199999998496
2200.89799999998494
2201.05599999998492
2201.2099999999849
2201.38699999998488
2201.81299999998484
2201.96599999998482
2202.1319999999848
2202.28699999998478
2202.44899999998477
2202.61399999998475
2202.75999999998473
2202.91999999998472
2203.0769999999847
2203.22899999998468
2203.40399999998466
2203.56499999998464
2203.73099999998463
2203.90099999998461
2204.05799999998459
2204.19899999998457
2204.35999999998456
2204.50599999998454
2204.67399999998452
2204.8329999999845
2204.96399999998449
2205.11199999998447
2205.53699999998443
2205.70499999998441
2205.87999999998439
2206.02599999998437
2206.20099999998435
2206.36299999998434
2206.49499999998432
2206.6579999999843
2206.81899999998429
2206.97899999998427
2207.14699999998425
2207.30099999998423
2207.45699999998422
2207.6349999999842
2207.92899999998416
2208.09399999998415
2208.64799999998408
2208.79799999998407
2208.95699999998405
2209.11699999998403
2209.28199999998401
2209.450999999984
2209.58499999998398
2209.75799999998396
2209.93499999998394
2210.07499999998393
2210.24999999998391
2210.41599999998389
2210.59099999998387
2210.76399999998385
2211.05399999998382
2211.2209999999838
2211.38299999998378
2211.53399999998377
2211.70699999998375
2211.88499999998373
2212.05599999998371
2212.21599999998369
2212.51199999998366
2212.66299999998364
2212.95699999998361
2213.12699999998359
2213.29299999998357
2213.43699999998356
2213.61199999998354
2213.80299999998352
2213.9619999999835
2214.11299999998348
2214.27799999998346
2214.41099999998345
2214.58399999998343
2214.75399999998341
2214.9049999999834
2215.06299999998338
2215.24399999998336
2215.53799999998333
2215.70899999998331
2215.88799999998329
2216.06699999998327
2216.23599999998325
2216.38599999998323
2216.57099999998321
2216.74099999998319
2216.90699999998317
2217.07799999998316
2217.22299999998314
2217.39299999998312
2217.53199999998311
2217.70099999998309
2217.87299999998307
2218.01799999998305
2218.18899999998303
2218.35799999998302
2218.498999999983
2218.67499999998298
2218.97799999998295
2222.21599999998259
2222.34899999998258
2222.51299999998256
2222.65199999998254
2222.95299999998251
2223.09899999998249
2223.26099999998248
2223.41299999998246
2223.57499999998244
2223.73899999998242
2223.9029999999824
2224.06899999998239
2224.23499999998237
2224.38999999998235
2224.55899999998233
2224.72599999998231
2224.8769999999823
2225.04099999998228
2225.21199999998226
2225.36299999998224
2225.52199999998223
2225.68599999998221
2225.85299999998219
2226.02899999998217
2226.46199999998212
2226.61399999998211
2226.79099999998209
2226.94499999998207
2227.10799999998205
2227.27599999998203
2227.44199999998201
2227.603999999982
2227.76199999998198
2227.92899999998196
2228.08799999998194
2228.25199999998193
2228.41699999998191
2228.57299999998189
2228.74799999998187
2228.91999999998185
2229.08399999998183
2229.23299999998182
2229.53099999998178
2229.69199999998177
2229.85599999998175
2230.04299999998173
2230.19799999998171
2230.35599999998169
2230.49199999998168
2230.65099999998166
2230.81899999998164
2230.95099999998163
2231.12799999998161
2231.30099999998159
2231.44299999998157
2231.62399999998155
2231.91199999998152
2232.0709999999815
2232.24499999998149
2232.41899999998147
2232.58199999998145
2232.74799999998143
2232.93299999998141
2233.09999999998139
2233.26999999998137
2233.44499999998135
2233.61099999998134
2233.77799999998132
2233.9139999999813
2234.07999999998128
2234.24999999998126
2234.41899999998125
2234.55899999998123
2235.27599999998115
2235.43799999998113
2235.60699999998112
2235.7729999999811
2235.94499999998108
2236.11499999998106
2236.27899999998104
2236.44399999998102
2236.58899999998101
2236.74599999998099
2236.91399999998097
2237.08399999998095
2237.23499999998094
2237.42499999998092
2237.5539999999809
2238.56299999998079
2238.71599999998077
2238.88799999998075
2239.05299999998074
2239.23099999998072
2239.4179999999807
2239.57599999998068
2239.72599999998066
2239.90199999998064
2240.20299999998061
2240.36699999998059
2240.54099999998057
2240.69499999998056
2240.87199999998054
2241.04999999998052
2241.2279999999805
2241.41699999998048
2241.59299999998046
2241.77199999998044
2241.91599999998042
2242.0919999999804
2242.26099999998038
2242.42999999998036
2242.60299999998034
2243.11599999998029
2243.26699999998027
2243.44199999998025
2243.99999999998019
2250.50399999997947
2250.63499999997946
2250.77699999997944
2250.93799999997943
2251.09499999997941
2251.23599999997939
2251.39699999997938
2251.56099999997936
2251.72799999997934
2251.89599999997932
2252.0549999999793
2252.22099999997929
2252.38399999997927
2252.54199999997925
2252.71099999997923
2257.08999999997875
2298.94799999997414
2299.07499999997413
2299.21899999997411
2299.47999999997408
2300.08299999997401
2300.220999999974
2300.37499999997398
2300.52299999997397
2300.67299999997395
2300.82699999997393
2300.97499999997392
2301.1269999999739
2301.27999999997388
2301.43399999997387
2301.59899999997385
2301.94699999997381
2302.09899999997379
2302.24599999997378
2302.40999999997376
2302.56699999997374
2302.69599999997373
2302.86199999997371
2303.01699999997369
2303.17699999997367
2303.32599999997366
2303.47999999997364
2303.63299999997362
2303.79399999997361
2303.92799999997359
2304.7439999999735
2304.89499999997348
2305.17299999997345
2305.33599999997344
2305.48999999997342
2305.6349999999734
2305.79599999997339
2305.94899999997337
2669.29399999993335
2669.42499999993334
2669.55999999993332
2669.70199999993331
2669.82699999993329
2669.97399999993328
2670.10099999993326
2670.24999999993325
2670.39099999993323
2670.54199999993321
2670.6859999999332
2670.83499999993318
2670.98199999993317
2671.12799999993315
2671.27399999993313
2671.42099999993312
2671.5759999999331
2671.72899999993308
2671.87999999993307
2672.00199999993305
2672.16399999993304
2672.32799999993302
2672.478999999933
2672.62999999993298
2672.78599999993297
2672.92499999993295
2673.08399999993293
2673.21799999993292
2673.3779999999329
2673.51699999993289
2673.67999999993287
2673.83399999993285
2673.96799999993284
2674.14799999993282
2674.2999999999328
2674.43999999993278
2674.59199999993277
2674.73199999993275
2674.88499999993274
2675.02699999993272
2675.1969999999327
2675.35299999993268
2675.51299999993267
2675.68499999993265
2675.85099999993263
2676.01199999993261
2676.1539999999326
2676.32099999993258
2676.48199999993256
2676.62899999993254
2676.76899999993253
2676.93199999993251
2677.0629999999325
2677.22799999993248
2677.37499999993246
2677.54199999993244
2677.70499999993243
2677.83499999993241
2678.01199999993239
2678.16899999993237
2678.30899999993236
2678.48299999993234
2678.64199999993232
2678.78599999993231
2678.95099999993229
2679.12099999993227
2679.26799999993225
2679.41599999993224
2679.57499999993222
2679.7119999999322
2679.87099999993219
2680.02699999993217
2680.17499999993215
2680.33099999993214
2680.47999999993212
2680.76999999993209
2680.93299999993207
2681.09399999993205
2681.26199999993203
2681.43099999993202
2681.62099999993199
2681.89699999993196
2682.05199999993195
2682.21399999993193
2682.38099999993191
2682.67099999993188
2682.82799999993186
2683.00599999993184
2683.16899999993182
2683.31399999993181
2683.46099999993179
2683.62899999993177
2683.82599999993175
2683.98299999993173
2684.14099999993172
2684.3149999999317
2684.47599999993168
2684.63299999993166
2684.79199999993164
2684.95699999993163
2685.10399999993161
2685.25999999993159
2685.54399999993156
2685.70399999993154
2685.86799999993153
2686.01999999993151
2686.17599999993149
2686.35899999993147
2686.52299999993145
2686.65499999993144
2686.81899999993142
2686.9679999999314
2687.13599999993139
2687.28299999993137
2687.44999999993135
2687.73599999993132
2687.9009999999313
2688.07999999993128
2688.22399999993127
2688.39399999993125
2688.56199999993123
2688.72399999993121
2688.88299999993119
2689.05299999993118
2689.21799999993116
2689.36799999993114
2689.52999999993112
2689.68999999993111
2689.85299999993109
2690.01199999993107
2690.16699999993105
2690.33399999993103
2690.50799999993102
2690.679999999931
2690.83899999993098
2691.00499999993096
2691.17399999993094
2691.33799999993092
2691.49099999993091
2691.67399999993089
2691.85799999993087
2692.02299999993085
2692.16699999993083
2692.33899999993081
2692.5069999999308
2692.65599999993078
2692.82899999993076
2692.98999999993074
2693.11899999993073
2693.29799999993071
2693.46199999993069
2693.62299999993067
2693.78899999993065
2693.95499999993064
2694.11799999993062
2694.2679999999306
2694.44899999993058
2694.62599999993056
2694.77999999993054
2694.94599999993053
2695.11499999993051
2695.27799999993049
2695.43099999993047
2695.60299999993045
2695.78399999993043
2695.95299999993042
2696.1089999999304
2696.27499999993038
2696.43399999993036
2696.60599999993034
2696.77499999993032
2696.92499999993031
2697.23799999993027
2697.40999999993026
2697.57899999993024
2697.73599999993022
2697.9059999999302
2698.07999999993018
2698.25099999993016
2698.42099999993014
2698.58699999993013
2698.73399999993011
2698.90099999993009
2699.06499999993007
2699.21499999993006
2699.39599999993004
2699.56899999993002
2699.72299999993
2699.87599999992998
2700.03399999992997
2700.18499999992995
2700.35899999992993
2700.52199999992991
2700.6489999999299
2700.82799999992988
2701.00999999992986
2701.17799999992984
2701.34499999992982
2701.5019999999298
2701.66599999992979
2701.82599999992977
2701.99099999992975
2702.14499999992973
2702.29299999992972
2702.4519999999297
2702.61699999992968
2702.75899999992967
2702.91399999992965
2703.07599999992963
2703.24699999992961
2703.81599999992955
2703.98199999992953
2704.17699999992951
2704.62399999992946
2704.96499999992942
2705.11299999992941
2705.27899999992939
2705.44199999992937
2705.60299999992935
2705.76399999992934
2705.92899999992932
2706.0879999999293
2706.24199999992928
2706.41599999992926
2706.72499999992923
2706.91799999992921
2711.40699999992871
2711.5469999999287
2711.70399999992868
2711.86499999992866
2712.01599999992865
2712.17299999992863
2712.32699999992861
2712.49299999992859
2748.7159999999246
2748.85799999992459
2749.01799999992457
2749.17799999992455
2749.32499999992454
2749.47499999992452
2749.6319999999245
2749.78899999992449
2749.94199999992447
2750.09699999992445
2750.24999999992444
2750.39799999992442
2750.5549999999244
2750.71099999992438
2750.88699999992437
3196.3969999998753
3196.83199999987525
3196.97299999987524
3197.12299999987522
3197.2639999998752
3197.41799999987519
3197.56399999987517
3197.71399999987515
3197.86699999987514
3198.01599999987512
3198.16099999987511
3198.31699999987509
3198.47599999987507
3198.62199999987505
3198.76899999987504
3198.92499999987502
3199.083999999875
3199.34999999987497
3199.50699999987496
3199.65999999987494
3199.81799999987492
3199.96999999987491
3200.12499999987489
3200.29499999987487
3200.45499999987485
3200.61599999987484
3200.76299999987482
3200.9229999998748
3201.08199999987478
3201.23999999987477
3201.41199999987475
3201.57299999987473
3201.71299999987471
3201.8699999998747
3202.02899999987468
3202.16499999987466
3202.31299999987465
3202.45999999987463
3202.61499999987461
3202.7559999998746
3202.92899999987458
3203.21099999987455
3203.37399999987453
3203.52899999987451
3203.6879999998745
3203.84499999987448
3203.98899999987446
3204.14599999987445
3204.30999999987443
3204.45799999987441
3204.6089999998744
3204.77499999987438
3204.93399999987436
3205.05699999987435
3205.22299999987433
3205.38299999987431
3205.52199999987429
3205.69799999987428
3205.86099999987426
3206.01999999987424
3206.17799999987422
3206.3639999998742
3206.64599999987417
3206.77799999987416
3206.94199999987414
3207.2429999998741
3207.41399999987409
3207.57799999987407
3207.71399999987405
3207.89899999987403
3208.187999999874
3208.35299999987398
3208.52199999987396
3208.67999999987395
3208.84499999987393
3209.01699999987391
3209.16099999987389
3209.32899999987388
3209.49799999987386
3209.65699999987384
3209.85899999987382
3210.14499999987379
3210.31599999987377
3210.48099999987375
3210.63199999987373
3210.79399999987371
3210.9519999998737
3211.11699999987368
3211.26599999987366
3211.42999999987364
3211.60499999987362
3211.75499999987361
3211.92899999987359
3212.10199999987357
3212.24099999987355
3212.42399999987353
3212.7119999998735
3212.87599999987348
3213.01999999987347
3213.32399999987344
3213.50099999987342
3213.6439999998734
3213.82199999987338
3213.99199999987336
3214.15699999987334
3214.31299999987333
3214.45799999987331
3214.62599999987329
3214.79699999987327
3214.96899999987325
3215.14899999987323
3215.31299999987322
3215.4669999998732
3215.63299999987318
3215.79199999987316
3215.95499999987315
3216.12099999987313
3216.28199999987311
3216.47199999987309
3216.64499999987307
3216.77199999987306
3216.93999999987304
3217.10299999987302
3217.259999999873
3217.42299999987298
3217.58699999987297
3217.76199999987295
3217.91199999987293
3218.08899999987291
3218.2309999998729
3218.41799999987287
3218.95799999987282
3219.1059999998728
3219.26499999987278
3219.41899999987276
3219.58499999987275
3219.75399999987273
3219.91899999987271
3220.08999999987269
3220.21899999987268
3220.38799999987266
3220.55099999987264
3220.71899999987262
3220.8779999998726
3221.03099999987259
3221.19299999987257
3221.33799999987255
3221.51199999987253
3221.67599999987252
3221.8319999998725
3222.11499999987247
3222.29299999987245
3222.48699999987243
3222.66099999987241
3222.80799999987239
3222.97599999987237
3223.15999999987235
3223.33399999987233
3223.47799999987232
3224.23199999987223
3224.37099999987222
3224.5339999998722
3224.69699999987218
3224.86299999987216
3225.02699999987215
3225.19899999987213
3225.36599999987211
3225.53499999987209
3225.70899999987207
3225.88099999987205
3226.04699999987203
3226.23299999987201
3226.41499999987199
3226.54499999987198
3226.71399999987196
3227.78099999987184
3227.92499999987183
3228.08599999987181
3228.25499999987179
3228.42499999987177
3228.59099999987175
3228.77099999987173
3230.9229999998715
3233.49099999987121
3233.6289999998712
3233.77899999987118
3233.93699999987116
3234.08599999987115
3234.24599999987113
3234.40099999987111
3234.5619999998711
3234.72999999987108
3234.89699999987106
3235.05299999987104
3235.21599999987102
3235.37899999987101
3235.67199999987097
3235.84399999987096
3236.00599999987094
3236.16599999987092
3236.3339999998709
3236.47499999987089
3236.64199999987087
3236.80399999987085
3236.96099999987083
3237.09899999987082
3237.2709999998708
3237.56399999987077
3237.75099999987074
3237.93899999987072
3238.10299999987071
3238.27699999987069
3238.42099999987067
3238.58499999987065
3238.70699999987064
3238.87299999987062
3239.0369999998706
3239.19399999987059
3239.34499999987057
3239.49299999987055
3239.63799999987054
3239.80599999987052
3239.9709999998705
3240.13499999987048
3240.29799999987046
3240.46099999987045
3240.59499999987043
3240.76399999987041
3240.9269999998704
3241.10399999987038
3241.27099999987036
3241.43999999987034
3242.14999999987026
3242.29399999987024
3242.45999999987023
3242.61999999987021
3242.78499999987019
3242.96399999987017
3243.12899999987015
3243.29599999987013
3243.45899999987012
3243.6289999998701
3243.80299999987008
3243.97299999987006
3244.14999999987004
3244.30099999987002
3244.49199999987
3244.65399999986998
3244.81699999986997
3244.98699999986995
3245.15799999986993
3245.33099999986991
3245.51099999986989
3245.68599999986987
3245.84599999986985
3246.02199999986983
3246.19599999986982
3246.3729999998698
3246.56299999986977
3246.73199999986976
3246.86799999986974
3247.05499999986972
3247.2359999998697
3247.40699999986968
3247.57799999986966
3247.73199999986965
3247.88299999986963
3248.46399999986957
3248.60799999986955
3248.76499999986953
3248.92099999986952
3249.0849999998695
3249.23799999986948
3249.40499999986946
3249.57999999986944
3249.74699999986942
3249.89599999986941
3250.06499999986939
3250.23399999986937
3250.40899999986935
3250.57899999986933
3250.75699999986931
3250.94799999986929
3251.11299999986927
3251.24799999986926
3251.42099999986924
3251.58899999986922
3251.72999999986921
3252.02899999986917
3252.20199999986915
3252.35999999986914
3252.50299999986912
3252.6769999998691
3252.85399999986908
3253.00599999986906
3253.14399999986905
3253.31099999986903
3253.44099999986902
3253.613999999869
3253.75799999986898
3253.92099999986896
3254.06399999986895
3254.23499999986893
3254.5249999998689
3254.69099999986888
3254.85199999986886
3254.98399999986885
3255.15599999986883
3255.31199999986881
3255.46399999986879
3255.62999999986878
3255.79199999986876
3255.95999999986874
3256.11399999986872
3256.2859999998687
3256.42599999986869
3256.59299999986867
3256.76399999986865
3256.92999999986863
3324.70799999986117
3324.87899999986115
3325.05399999986113
3325.21499999986111
3325.37699999986109
3325.54399999986108
3325.67799999986106
3325.84399999986104
3325.98399999986103
3326.13399999986101
3326.28299999986099
3326.43499999986098
3326.58599999986096
3326.74199999986094
3326.90199999986093
3327.05499999986091
3327.20999999986089
3327.37899999986087
3327.52499999986086
3327.67899999986084
3327.83399999986082
3327.96299999986081
3328.12599999986079
3328.28199999986077
3328.43899999986076
3328.60599999986074
3328.74999999986072
3328.9119999998607
3329.08599999986069
3329.24399999986067
3329.40499999986065
3329.55799999986063
3329.71899999986062
3329.8689999998606
3330.03599999986058
3330.19599999986056
3330.36599999986054
3330.52499999986053
3330.69099999986051
3330.84799999986049
3331.01799999986047
3331.19599999986045
3331.38099999986043
3331.53899999986042
3331.7049999998604
3331.85099999986038
3332.00399999986036
3332.16999999986035
3332.33199999986033
3332.49999999986031
3332.67099999986029
3332.79899999986028
3332.96699999986026
3333.14699999986024
3333.31199999986022
3333.44699999986021
3333.61999999986019
3333.77999999986017
3333.93499999986015
3334.08199999986014
3334.23699999986012
3334.52399999986009
3334.69199999986007
3334.84899999986005
3335.02399999986003
3335.19399999986001
3335.35199999986
3335.51999999985998
3335.69499999985996
3335.84999999985994
3336.00299999985992
3336.16799999985991
3336.33399999985989
3336.49599999985987
3336.66199999985985
3336.79299999985984
3336.96399999985982
3337.1259999998598
3337.25999999985979
3337.38999999985977
3337.55599999985975
3337.72799999985973
3337.85099999985972
3338.0399999998597
3338.19799999985968
3338.32899999985967
3338.50499999985965
3338.67699999985963
3338.84999999985961
3339.01099999985959
3339.17399999985958
3339.31199999985956
3339.47899999985954
3339.64799999985952
3339.8249999998595
3339.99999999985948
3340.16599999985947
3340.33399999985945
3340.49999999985943
3341.36499999985933
3341.52199999985932
3341.6789999998593
3341.84899999985928
3346.2249999998588
3346.36599999985878
3346.52399999985877
3346.68399999985875
3346.83699999985873
3346.99999999985871
3347.1479999998587
3465.67199999984564
3465.81199999984563
3465.96499999984561
3466.20499999984558
3466.33599999984557
3466.46599999984556
3466.60799999984554
3466.73699999984553
3466.87699999984551
3467.01999999984549
3467.16499999984548
3467.30999999984546
3467.44799999984545
3467.59799999984543
3467.73299999984542
3467.8749999998454
3468.01399999984539
3468.15799999984537
3468.30299999984535
3468.42999999984534
3468.58899999984532
3468.73699999984531
3468.89999999984529
3469.06599999984527
3469.20199999984525
3469.36099999984524
3469.52099999984522
3469.6799999998452
3469.81799999984519
3469.99099999984517
3470.14299999984515
3470.29899999984513
3470.44199999984512
3470.6029999998451
3470.73799999984509
3470.90199999984507
3471.03699999984505
3471.20099999984503
3471.32499999984502
3471.479999999845
3471.66099999984498
3471.82099999984497
3471.96099999984495
3472.10399999984493
3472.26599999984492
3472.4199999998449
3472.57799999984488
3472.74399999984486
3472.87699999984485
3473.04799999984483
3473.22299999984481
3473.38999999984479
3473.53199999984478
3473.69699999984476
3473.84399999984474
3474.00599999984473
3474.2719999998447
3474.43899999984468
3474.61299999984466
3474.77899999984464
3474.95799999984462
3475.1219999998446
3475.27199999984459
3475.43299999984457
3475.56999999984455
3475.74299999984453
3475.87599999984452
3476.0519999998445
3476.18599999984449
3476.35199999984447
3476.89799999984441
3477.05599999984439
3477.21699999984437
3477.38199999984435
3477.54599999984434
3477.72099999984432
3477.8729999998443
3478.02499999984428
3478.17899999984427
3478.34999999984425
3479.22599999984415
3479.51399999984412
3479.6809999998441
3479.84599999984408
3480.01899999984406
3483.04499999984373
3483.22399999984371
3485.33799999984348
3500.5749999998418
3500.69799999984179
3500.85299999984177
3501.02699999984175
3502.51299999984159
3502.69399999984157
3504.83999999984133
3504.97999999984131
3505.1449999998413
3505.29899999984128
3505.45599999984126
3505.58499999984125
3505.74299999984123
3505.92399999984121
3506.0379999998412
3506.20599999984118
3506.36499999984116
3514.76199999984024
3514.91099999984022
3520.69999999983958
3520.84399999983957
3520.98999999983955
3521.13899999983953
3521.27899999983952
3521.4279999998395
3521.57999999983949
3521.71599999983947
3521.87599999983945
3522.02399999983944
3522.17199999983942
3522.3259999998394
3522.48099999983939
3522.63499999983937
3523.69299999983925
3528.64199999983871
3528.79399999983869
3529.32999999983863
3529.99999999983856
3530.15699999983854
3530.32699999983852
3534.07299999983811
3535.086999999838
3543.2079999998371
3556.78699999983561
3556.96399999983559
3558.21999999983545
3558.78899999983539
3558.97699999983537
3559.25799999983534
3559.43999999983532
3559.6039999998353
3562.46799999983498
-4
217.202000000000151
304.083000000000228
359.856000000000278
360.327000000000278
360.476000000000278
360.591000000000279
361.76800000000028
361.92000000000028
362.03300000000028
362.33300000000028
363.031000000000281
364.314000000000282
365.231000000000283
433.295000000000343
462.146000000000369
463.47700000000037
463.58700000000037
464.549000000000371
464.626000000000371
465.074000000000371
465.107000000000371
465.275000000000372
465.583000000000372
465.715000000000372
465.922000000000372
466.089000000000372
466.284000000000372
466.448000000000373
466.643000000000373
466.819000000000373
466.994000000000373
467.161000000000373
467.320000000000373
467.487000000000374
467.664000000000374
467.829000000000374
468.343000000000374
468.516000000000374
468.673000000000375
468.825000000000375
468.996000000000375
469.165000000000375
469.499000000000375
473.644000000000379
478.099000000000383
508.94800000000041
508.99500000000041
509.417000000000411
509.926000000000411
549.970000000000447
550.225000000000447
550.788000000000448
564.87000000000046
564.97000000000046
565.40900000000046
565.709000000000461
566.378000000000461
566.612000000000462
567.088000000000462
567.370000000000462
653.676000000000539
654.61800000000054
655.41100000000054
656.073000000000541
656.381000000000541
656.537000000000541
656.681000000000542
656.847000000000542
656.986000000000542
657.731000000000542
657.876000000000543
658.019000000000543
658.164000000000543
658.446000000000543
658.590000000000543
658.708000000000543
658.899000000000544
659.036000000000544
659.179000000000544
659.315000000000544
659.594000000000544
659.731000000000544
660.313000000000545
660.461000000000545
660.603000000000545
660.730000000000545
660.892000000000545
661.013000000000545
661.313000000000546
661.466000000000546
661.630000000000546
661.779000000000546
662.331000000000547
662.493000000000547
662.644000000000547
662.796000000000547
662.926000000000547
663.325000000000548
663.494000000000548
663.627000000000548
663.776000000000548
664.154000000000548
664.322000000000548
664.491000000000548
664.646000000000549
664.802000000000549
664.934000000000549
665.112000000000549
665.249000000000549
665.385000000000549
666.14500000000055
666.32200000000055
666.48800000000055
666.64100000000055
666.814000000000551
666.963000000000551
667.137000000000551
667.286000000000551
667.422000000000551
667.829000000000552
667.991000000000552
668.156000000000552
668.308000000000552
668.465000000000552
668.620000000000552
668.793000000000552
668.973000000000552
669.080000000000553
669.241000000000553
669.405000000000553
669.691000000000553
669.852000000000553
670.032000000000553
670.187000000000554
670.345000000000554
670.509000000000554
670.661000000000554
670.815000000000554
670.985000000000554
671.167000000000554
671.302000000000555
671.430000000000555
671.612000000000555
672.033000000000555
672.204000000000555
672.354000000000556
672.546000000000556
672.687000000000556
672.866000000000556
673.028000000000556
673.315000000000556
673.486000000000556
673.630000000000557
673.805000000000557
673.982000000000557
674.124000000000557
674.283000000000557
674.439000000000557
674.617000000000558
674.730000000000558
674.913000000000558
675.091000000000558
675.208000000000558
675.384000000000558
675.576000000000558
675.741000000000558
675.893000000000559
676.038000000000559
676.232000000000559
676.392000000000559
676.560000000000559
676.695000000000559
676.842000000000559
677.01600000000056
677.18200000000056
677.33400000000056
677.75000000000056
678.130000000000561
678.293000000000561
678.419000000000561
678.578000000000561
678.744000000000561
678.904000000000561
679.041000000000561
679.214000000000562
679.387000000000562
679.536000000000562
679.660000000000562
679.843000000000562
680.032000000000562
680.216000000000562
680.358000000000563
680.511000000000563
680.676000000000563
680.849000000000563
681.030000000000563
681.197000000000563
681.367000000000564
681.539000000000564
681.715000000000564
681.901000000000564
682.014000000000564
682.201000000000564
682.370000000000564
682.530000000000565
682.690000000000565
682.835000000000565
683.003000000000565
683.171000000000565
683.337000000000565
683.482000000000565
683.622000000000566
683.791000000000566
683.960000000000566
684.148000000000566
684.542000000000566
684.700000000000566
684.861000000000567
685.030000000000567
685.205000000000567
685.382000000000567
685.536000000000567
685.701000000000567
685.993000000000568
686.170000000000568
686.337000000000568
686.504000000000568
686.684000000000568
686.979000000000568
687.113000000000569
687.543000000000569
687.728000000000569
687.879000000000569
688.057000000000569
688.23500000000057
688.41000000000057
688.59000000000057
688.75200000000057
688.92200000000057
689.09400000000057
689.25400000000057
689.427000000000571
689.601000000000571
689.782000000000571
689.955000000000571
690.087000000000571
690.272000000000571
690.451000000000572
690.613000000000572
690.781000000000572
690.960000000000572
691.140000000000572
691.310000000000572
691.478000000000572
691.653000000000573
691.815000000000573
692.007000000000573
692.130000000000573
692.298000000000573
692.470000000000573
692.917000000000574
693.075000000000574
693.240000000000574
693.407000000000574
693.571000000000574
693.743000000000574
693.902000000000575
694.505000000000575
694.658000000000575
694.826000000000575
694.992000000000576
695.156000000000576
695.324000000000576
695.496000000000576
695.664000000000576
695.761000000000576
696.015000000000576
696.187000000000577
696.331000000000577
696.515000000000577
696.697000000000577
696.873000000000577
697.048000000000577
697.214000000000578
697.399000000000578
697.665000000000578
697.810000000000578
707.015000000000586
707.170000000000586
707.358000000000587
707.534000000000587
707.682000000000587
707.832000000000587
707.991000000000587
708.176000000000587
708.318000000000587
708.463000000000588
708.601000000000588
708.771000000000588
708.914000000000588
709.099000000000588
709.237000000000588
709.418000000000588
709.576000000000589
709.774000000000589
709.891000000000589
710.158000000000589
710.311000000000589
710.446000000000589
710.589000000000589
710.98000000000059
711.15200000000059
711.31100000000059
711.46900000000059
711.64200000000059
711.79900000000059
711.953000000000591
712.124000000000591
712.338000000000591
712.466000000000591
712.600000000000591
712.749000000000591
712.889000000000592
713.034000000000592
713.197000000000592
713.420000000000592
713.513000000000592
713.681000000000592
713.862000000000592
714.022000000000592
714.196000000000593
714.362000000000593
714.504000000000593
715.788000000000594
715.947000000000594
716.124000000000594
716.300000000000594
716.440000000000595
716.737000000000595
716.889000000000595
717.009000000000595
717.334000000000595
717.498000000000596
717.624000000000596
717.799000000000596
717.969000000000596
718.103000000000596
718.267000000000596
718.418000000000596
718.558000000000596
719.038000000000597
719.189000000000597
719.366000000000597
719.530000000000597
719.646000000000598
720.200000000000598
720.337000000000598
720.669000000000598
720.846000000000599
721.066000000000599
721.182000000000599
721.314000000000599
722.9110000000006
723.0630000000006
723.229000000000601
723.394000000000601
723.566000000000601
723.669000000000601
723.794000000000601
724.008000000000601
724.165000000000602
724.290000000000602
726.821000000000604
727.975000000000605
728.136000000000605
728.289000000000605
728.449000000000605
728.608000000000605
728.768000000000606
728.934000000000606
730.083000000000607
730.410000000000607
730.815000000000607
731.724000000000608
732.071000000000608
733.017000000000609
733.33400000000061
733.80200000000061
779.06000000000065
779.21700000000065
779.34100000000065
780.669000000000652
781.028000000000652
781.181000000000652
781.328000000000652
781.473000000000652
781.738000000000653
782.218000000000653
782.368000000000653
782.517000000000653
782.888000000000654
782.997000000000654
783.150000000000654
783.303000000000654
783.452000000000654
783.609000000000654
783.750000000000654
783.907000000000655
784.160000000000655
787.957000000000658
858.889000000000721
859.037000000000721
859.193000000000721
859.349000000000722
861.990000000000724
862.373000000000724
862.768000000000725
863.100000000000725
863.820000000000726
864.229000000000726
864.378000000000726
864.537000000000726
864.678000000000726
864.806000000000726
865.094000000000727
865.243000000000727
865.508000000000727
865.615000000000727
865.787000000000727
866.059000000000728
866.195000000000728
866.360000000000728
866.516000000000728
866.805000000000728
866.958000000000728
867.073000000000728
867.235000000000729
867.996000000000729
868.144000000000729
868.30100000000073
868.47900000000073
868.64500000000073
868.75100000000073
868.86100000000073
869.04600000000073
869.32100000000073
869.480000000000731
869.589000000000731
869.766000000000731
869.935000000000731
870.588000000000732
870.760000000000732
870.919000000000732
871.075000000000732
871.226000000000732
871.401000000000732
871.568000000000732
871.713000000000733
871.866000000000733
872.142000000000733
872.572000000000733
872.763000000000734
872.870000000000734
873.043000000000734
873.228000000000734
873.359000000000734
873.635000000000734
873.957000000000735
874.080000000000735
874.274000000000735
874.447000000000735
879.77000000000074
879.91400000000074
880.06100000000074
880.22300000000074
880.32000000000074
880.47000000000074
880.60500000000074
880.766000000000741
881.157000000000741
881.187000000000741
881.315000000000741
881.444000000000741
882.164000000000742
883.723000000000743
884.557000000000744
884.696000000000744
884.861000000000744
885.030000000000744
885.382000000000745
885.540000000000745
885.672000000000745
885.796000000000745
885.956000000000745
886.105000000000745
886.212000000000745
886.378000000000746
886.553000000000746
886.701000000000746
887.871000000000747
888.503000000000748
888.943000000000748
889.088000000000748
889.242000000000748
889.385000000000748
889.529000000000748
889.659000000000748
889.819000000000749
889.967000000000749
890.121000000000749
890.276000000000749
890.435000000000749
890.666000000000749
890.84600000000075
891.30500000000075
891.41500000000075
891.57400000000075
927.640000000000782
928.476000000000783
930.982000000000785
931.102000000000785
931.642000000000786
931.718000000000786
932.067000000000786
932.136000000000786
932.467000000000787
1262.39700000000108
1262.55100000000108
1262.70100000000108
1262.98200000000108
1263.12600000000108
1263.26000000000108
1263.51700000000108
1263.67700000000108
1263.81900000000108
1264.07600000000108
1264.22600000000108
1264.37900000000108
1264.53000000000108
1264.91400000000108
1265.06700000000108
1265.18200000000108
1265.34800000000108
1265.49700000000108
1265.61500000000108
1265.77600000000108
1265.92300000000108
1266.06900000000108
1266.22300000000108
1266.37600000000108
1266.51700000000108
1266.79100000000108
1266.97200000000108
1267.09900000000108
1267.37000000000108
1267.49400000000108
1267.66100000000108
1267.81700000000108
1267.95600000000108
1268.10200000000108
1268.27000000000108
1268.37200000000108
1268.54400000000108
1268.69100000000109
1268.96500000000109
1269.10300000000109
1269.27000000000109
1269.40600000000109
1269.54600000000109
1269.71600000000109
1269.86000000000109
1269.98100000000109
1270.14900000000109
1270.29500000000109
1270.42900000000109
1270.58800000000109
1270.75000000000109
1270.93900000000109
1271.04400000000109
1271.22000000000109
1271.38800000000109
1271.51600000000109
1271.68500000000109
1271.79500000000109
1271.96200000000109
1272.12900000000109
1272.27700000000109
1272.40000000000109
1272.55000000000109
1272.69500000000109
1272.83000000000109
1272.99600000000109
1273.16900000000109
1273.37400000000109
1273.44600000000109
1273.61900000000109
1273.79300000000109
1273.96500000000109
1274.09200000000109
1274.26900000000109
1274.38700000000109
1274.51500000000109
1274.70100000000109
1274.89500000000109
1274.99700000000109
1275.16300000000109
1275.32100000000109
1275.47900000000109
1275.64900000000109
1275.75800000000109
1275.93200000000109
1276.08800000000109
1276.25300000000109
1276.54600000000109
1276.90800000000109
1277.05200000000109
1277.18700000000109
1277.33600000000109
1277.49700000000109
1277.65900000000109
1277.82200000000109
1278.01400000000109
1278.13200000000109
1278.28100000000109
1278.43600000000109
1278.60800000000109
1278.78100000000109
1278.94300000000109
1279.11200000000109
1279.40600000000109
1279.58300000000109
1279.74600000000109
1279.8640000000011
1280.0250000000011
1280.1810000000011
1280.3460000000011
1280.5390000000011
1280.6850000000011
1280.8440000000011
1281.1220000000011
1281.2820000000011
1281.4520000000011
1281.5930000000011
1281.7740000000011
1281.9560000000011
1282.0940000000011
1282.2660000000011
1282.4050000000011
1282.5570000000011
1282.7280000000011
1282.8680000000011
1283.0230000000011
1283.3350000000011
1283.5150000000011
1283.6100000000011
1283.7790000000011
1283.9540000000011
1284.0950000000011
1284.2680000000011
1284.4290000000011
1284.5990000000011
1284.7660000000011
1284.9540000000011
1285.1010000000011
1285.2390000000011
1285.3940000000011
1285.5450000000011
1285.7100000000011
1285.8970000000011
1286.0820000000011
1286.1830000000011
1286.3260000000011
1286.5150000000011
1286.7000000000011
1286.8670000000011
1287.0160000000011
1287.1740000000011
1287.3600000000011
1287.4760000000011
1287.6500000000011
1287.8270000000011
1287.9370000000011
1288.0750000000011
1288.2800000000011
1288.4330000000011
1288.5810000000011
1288.7190000000011
1288.8530000000011
1289.0210000000011
1289.1890000000011
1289.2910000000011
1289.4790000000011
1289.6860000000011
1289.7590000000011
1289.9500000000011
1290.1380000000011
1290.4240000000011
1290.5900000000011
1290.7320000000011
1290.9080000000011
1291.0670000000011
1291.17800000000111
1291.36200000000111
1291.55800000000111
1291.66000000000111
1291.85800000000111
1292.04400000000111
1293.41400000000111
1293.57200000000111
1293.76100000000111
1294.02600000000111
1294.16900000000111
1294.31700000000111
1294.41900000000111
1294.58200000000111
1294.76000000000111
1294.91900000000111
1295.08400000000111
1295.24900000000111
1295.41800000000111
1295.57400000000111
1295.69900000000111
1295.89300000000111
1296.00800000000111
1296.19700000000111
1296.39000000000111
1296.55300000000111
1296.66200000000111
1296.84900000000111
1297.04000000000111
1297.20000000000111
1297.32200000000111
1297.84700000000111
1298.04800000000111
1298.20700000000111
1298.37100000000111
1298.54100000000111
1298.71100000000111
1298.86000000000111
1299.02500000000111
1299.16800000000111
1299.34600000000111
1299.49500000000111
1299.67700000000111
1299.83600000000111
1300.00400000000111
1300.16100000000111
1300.28800000000111
1300.46600000000111
1300.67400000000111
1300.82800000000111
1300.99400000000111
1302.92800000000112
1303.08900000000112
1303.28200000000112
1303.43300000000112
1303.70000000000112
1303.85100000000112
1304.00600000000112
1304.17400000000112
1304.34700000000112
1304.50300000000112
1304.66300000000112
1304.84900000000112
1304.99500000000112
1305.11900000000112
1305.29400000000112
1305.63400000000112
1305.77000000000112
1305.88400000000112
1306.04100000000112
1306.21100000000112
1306.33700000000112
1306.49100000000112
1306.66600000000112
1306.82000000000112
1306.97900000000112
1307.09100000000112
1307.25900000000112
1307.42500000000112
1307.58700000000112
1310.30000000000112
1310.48500000000112
1310.63800000000112
1310.79100000000112
1310.93700000000112
1311.10100000000112
1311.26400000000112
1311.43200000000112
1311.59300000000112
1311.76000000000112
1311.92400000000112
1312.10600000000112
1312.27000000000112
1312.44000000000112
1312.63000000000112
1312.76900000000112
1312.90400000000112
1321.40100000000113
1321.55500000000113
1321.70500000000113
1321.85200000000113
1323.82900000000113
1323.98800000000113
1455.48600000000125
1455.62000000000125
1457.14700000000125
1457.29200000000125
1457.43300000000125
1538.07800000000132
1538.22600000000132
1538.36800000000132
1541.69600000000133
1541.84500000000133
1541.97200000000133
1542.10100000000133
1542.23400000000133
1542.37200000000133
1542.50400000000133
1542.63800000000133
1542.76800000000133
1542.92900000000133
1543.19200000000133
1543.30400000000133
1543.46700000000133
1543.62400000000133
1543.76500000000133
1543.92400000000133
1544.06100000000133
1544.21000000000133
1544.51100000000133
1544.68000000000133
1544.93400000000133
1545.08000000000133
1545.37300000000133
1545.52200000000133
1545.69400000000133
1545.84700000000133
1546.00500000000133
1546.15600000000133
1546.31500000000133
1546.47200000000133
1546.59800000000133
1546.76000000000133
1547.05600000000133
1547.20500000000133
1547.35400000000133
1547.50400000000133
1547.66800000000133
1547.83300000000133
1548.01500000000133
1548.68900000000133
1548.83000000000133
1548.97000000000133
1549.13600000000133
1549.30300000000133
1549.47500000000133
1549.63500000000133
1549.76800000000133
1549.92800000000133
1550.09300000000134
1550.32300000000134
1550.51200000000134
1550.67900000000134
1550.86400000000134
1551.02200000000134
1551.16200000000134
1551.29400000000134
1551.47800000000134
1551.65600000000134
1551.78500000000134
1551.95200000000134
1552.08700000000134
1552.38700000000134
1552.57400000000134
1552.69300000000134
1552.87400000000134
1553.04000000000134
1553.19400000000134
1553.36000000000134
1553.49100000000134
1553.65900000000134
1553.80100000000134
1553.96600000000134
1554.28000000000134
1554.43800000000134
1554.58700000000134
1554.76100000000134
1554.90300000000134
1555.05400000000134
1555.22000000000134
1555.39300000000134
1555.56800000000134
1555.71900000000134
1555.87500000000134
1556.05800000000134
1556.15300000000134
1556.33500000000134
1557.14500000000134
1557.30300000000134
1557.48100000000134
1557.63200000000134
1557.80200000000134
1557.95900000000134
1558.25900000000134
1558.55200000000134
1558.71900000000134
1558.90500000000134
1559.16100000000134
1561.63800000000135
1562.04400000000135
1562.18800000000135
1562.33500000000135
1562.49200000000135
1562.60800000000135
1565.18900000000135
1565.34400000000135
1565.49400000000135
1565.64100000000135
1565.78400000000135
1565.92500000000135
1582.43200000000136
1582.56000000000136
1596.89600000000138
1598.26500000000138
1599.03900000000138
1599.18300000000138
1599.33400000000138
1599.46700000000138
1599.61400000000138
1599.76800000000138
1599.90600000000138
1600.06300000000138
1600.21900000000138
1600.36600000000138
1600.64300000000138
1600.77600000000138
1601.04200000000138
1601.18200000000138
1601.35100000000138
1601.51100000000138
1601.65300000000138
1601.81200000000138
1601.95100000000138
1602.11200000000138
1602.38400000000138
1604.06200000000138
1605.09300000000138
1605.37400000000138
1605.52800000000138
1605.68000000000138
1605.83900000000138
1607.12100000000139
1607.27900000000139
1610.67300000000139
1610.83100000000139
1610.98000000000139
1611.75900000000139
1612.18500000000139
1612.52700000000139
1612.74900000000139
1613.69700000000139
1613.86100000000139
1614.00300000000139
1615.32800000000139
1710.88700000000148
1711.17300000000148
1711.31300000000148
1711.45700000000148
1711.59200000000148
1711.73200000000148
1711.87000000000148
1712.00800000000148
1712.15600000000148
1712.29100000000148
1712.55900000000148
1712.70100000000148
1712.85000000000148
1712.99900000000148
1713.13800000000148
1713.28700000000148
1713.40400000000148
1713.57400000000148
1713.72800000000148
1713.89900000000148
1714.01900000000148
1714.18100000000148
1714.32800000000148
1714.44400000000148
1714.60600000000148
1714.74800000000148
1714.89800000000148
1715.05800000000148
1715.22300000000148
1715.38000000000148
1715.50800000000148
1715.67400000000148
1715.84100000000148
1716.10000000000148
1716.26500000000148
1716.41200000000148
1716.55700000000148
1716.70100000000148
1716.86200000000148
1717.00700000000148
1717.15500000000148
1717.33200000000148
1717.48200000000148
1717.61400000000148
1717.90100000000148
1718.05000000000148
1718.21000000000148
1718.35800000000148
1718.50500000000148
1718.66500000000148
1718.84100000000148
1719.24900000000149
1719.42300000000149
1719.53600000000149
1719.71300000000149
1719.86800000000149
1720.02100000000149
1720.19800000000149
1720.32200000000149
1720.47800000000149
1720.64600000000149
1720.81100000000149
1720.96400000000149
1721.12200000000149
1721.26500000000149
1721.43100000000149
1721.58100000000149
1721.72900000000149
1721.87800000000149
1722.04800000000149
1722.24700000000149
1722.39700000000149
1722.65100000000149
1722.81800000000149
1722.94100000000149
1723.11100000000149
1723.27800000000149
1723.46100000000149
1723.57400000000149
1723.75200000000149
1723.92100000000149
1724.04900000000149
1724.21500000000149
1724.37400000000149
1724.52300000000149
1724.68200000000149
1724.86100000000149
1725.00900000000149
1725.13900000000149
1725.30300000000149
1725.42800000000149
1725.59900000000149
1725.77800000000149
1725.93200000000149
1726.11000000000149
1726.29700000000149
1726.42200000000149
1726.58000000000149
1726.74800000000149
1726.91500000000149
1727.05900000000149
1727.86200000000149
1728.13700000000149
1728.29000000000149
1728.43900000000149
1728.60200000000149
1728.76400000000149
1728.92700000000149
1729.05500000000149
1729.23100000000149
1729.41100000000149
1729.53000000000149
1729.70600000000149
1730.9800000000015
1822.30100000000158
1822.45900000000158
1822.60300000000158
1978.34700000000172
1978.50100000000172
2193.84099999998572
2193.9719999999857
2194.11599999998568
2194.26399999998567
2194.38699999998566
2194.52899999998564
2194.66199999998562
2194.79699999998561
2195.06599999998558
2195.20899999998556
2195.34599999998555
2195.48799999998553
2195.62999999998552
2195.7779999999855
2195.93599999998548
2196.08299999998547
2196.23499999998545
2196.41099999998543
2196.52599999998542
2196.6909999999854
2196.84499999998538
2196.99299999998537
2197.15099999998535
2197.30399999998533
2197.46299999998532
2197.6199999999853
2197.77399999998528
2197.92199999998527
2198.08299999998525
2198.24099999998523
2198.40499999998521
2198.67999999998518
2198.81699999998517
2198.97599999998515
2199.14799999998513
2199.4399999999851
2199.59699999998508
2199.73599999998507
2199.91399999998505
2200.06099999998503
2200.20499999998501
2200.362999999985
2200.51099999998498
2200.80399999998495
2200.96499999998493
2201.11799999998491
2201.2819999999849
2201.46899999998488
2201.87899999998483
2202.03499999998481
2202.19999999998479
2202.35699999998478
2202.51499999998476
2202.66199999998474
2202.81099999998473
2202.98599999998471
2203.13099999998469
2203.30499999998467
2203.47499999998465
2203.63999999998464
2203.80599999998462
2203.9599999999846
2204.11099999998458
2204.26499999998457
2204.41399999998455
2204.57099999998453
2204.74499999998451
2204.8679999999845
2205.01599999998448
2205.18599999998447
2205.60999999998442
2205.7869999999844
2205.92999999998438
2206.10299999998436
2206.27499999998435
2206.39299999998433
2206.56499999998431
2206.7359999999843
2206.88999999998428
2207.07199999998426
2207.21299999998424
2207.36499999998423
2207.52699999998421
2207.70799999998419
2208.00099999998416
2208.16799999998414
2208.72099999998408
2208.87499999998406
2209.01899999998404
2209.20099999998402
2209.36099999998401
2209.47899999998399
2209.66199999998397
2209.84499999998395
2209.98199999998394
2210.15599999998392
2210.3279999999839
2210.49299999998388
2210.66099999998386
2210.84099999998384
2211.13099999998381
2211.29599999998379
2211.45499999998378
2211.61599999998376
2211.78799999998374
2211.96999999998372
2212.1269999999837
2212.29299999998368
2212.57599999998365
2212.73599999998363
2213.0379999999836
2213.22399999998358
2213.35599999998357
2213.52399999998355
2213.69799999998353
2213.90099999998351
2214.02199999998349
2214.19999999998347
2214.33699999998346
2214.49599999998344
2214.67399999998342
2214.81299999998341
2214.97199999998339
2215.14199999998337
2215.32499999998335
2215.61699999998332
2215.8019999999833
2215.97599999998328
2216.15299999998326
2216.29699999998324
2216.47599999998322
2216.6679999999832
2216.82899999998318
2216.98899999998317
2217.12999999998315
2217.29999999998313
2217.43499999998312
2217.6089999999831
2217.78799999998308
2217.92599999998306
2218.09899999998304
2218.27899999998302
2218.41599999998301
2218.57899999998299
2218.77699999998297
2219.06499999998294
2222.27599999998258
2222.44499999998256
2222.55599999998255
2222.71999999998253
2223.0129999999825
2223.17399999998248
2223.32799999998247
2223.48999999998245
2223.64899999998243
2223.81099999998241
2223.9789999999824
2224.13899999998238
2224.29899999998236
2224.46599999998234
2224.63099999998232
2224.78599999998231
2224.94899999998229
2225.10999999998227
2225.27299999998225
2225.43399999998224
2225.59399999998222
2225.7719999999822
2225.93599999998218
2226.10499999998216
2226.53399999998211
2226.7049999999821
2226.86599999998208
2227.01999999998206
2227.18199999998204
2227.35499999998202
2227.51799999998201
2227.67199999998199
2227.84599999998197
2227.99699999998195
2228.16399999998194
2228.33099999998192
2228.4759999999819
2228.66599999998188
2228.84299999998186
2229.00499999998184
2229.15499999998183
2229.30999999998181
2229.59499999998178
2229.76799999998176
2229.94399999998174
2230.11399999998172
2230.2719999999817
2230.40199999998169
2230.56399999998167
2230.73799999998165
2230.86499999998164
2231.03399999998162
2231.2069999999816
2231.34899999998158
2231.51899999998157
2231.68599999998155
2231.97899999998151
2232.1519999999815
2232.33199999998148
2232.50599999998146
2232.65899999998144
2232.83599999998142
2233.0199999999814
2233.17899999998138
2233.34399999998136
2233.52299999998134
2233.68499999998133
2233.80899999998131
2233.99499999998129
2234.16899999998127
2234.33299999998126
2234.49599999998124
2234.67199999998122
2235.35499999998114
2235.52199999998112
2235.68199999998111
2235.84799999998109
2236.02399999998107
2236.18699999998105
2236.34999999998103
2236.49599999998102
2236.652999999981
2236.81499999998098
2236.98699999998096
2237.13799999998095
2237.32099999998093
2237.47099999998091
2237.63399999998089
2238.63099999998078
2238.79599999998076
2238.95699999998075
2239.13199999998073
2239.30599999998071
2239.48699999998069
2239.62999999998067
2239.80599999998065
2239.97599999998063
2240.2739999999806
2240.44599999998058
2240.59999999998057
2240.77499999998055
2240.95699999998053
2241.14299999998051
2241.31499999998049
2241.50099999998047
2241.67199999998045
2241.82599999998043
2241.99699999998041
2242.16799999998039
2242.33699999998037
2242.51099999998035
2242.69099999998034
2243.18699999998028
2243.34899999998026
2243.50999999998024
2244.06599999998018
2250.54199999997947
2250.69199999997945
2250.84099999997944
2250.98699999997942
2251.1459999999794
2251.30399999997939
2251.46499999997937
2251.63599999997935
2251.79899999997933
2251.95999999997931
2252.1249999999793
2252.28999999997928
2252.44899999997926
2252.61499999997924
2252.77299999997922
2257.12799999997875
2298.97799999997414
2299.13299999997412
2299.2819999999741
2299.52899999997408
2300.13199999997401
2300.28299999997399
2300.43099999997398
2300.57799999997396
2300.73399999997394
2300.88099999997393
2301.02999999997391
2301.18699999997389
2301.33899999997388
2301.50099999997386
2301.66299999997384
2302.0209999999738
2302.14499999997379
2302.30899999997377
2302.48199999997375
2302.59999999997374
2302.77499999997372
2302.9289999999737
2303.08699999997368
2303.23799999997367
2303.39199999997365
2303.54499999997363
2303.69899999997362
2303.8209999999736
2304.00099999997358
2304.80599999997349
2304.96299999997348
2305.23899999997345
2305.39899999997343
2305.54199999997341
2305.7069999999734
2305.86399999997338
2306.01399999997336
2669.34499999993335
2669.46599999993333
2669.61199999993332
2669.7349999999333
2669.88999999993329
2670.01299999993327
2670.16299999993326
2670.29699999993324
2670.45299999993322
2670.58999999993321
2670.75099999993319
2670.89199999993318
2671.03299999993316
2671.18399999993314
2671.32699999993313
2671.47699999993311
2671.63599999993309
2671.78399999993308
2671.91299999993306
2672.06999999993305
2672.22599999993303
2672.37999999993301
2672.54799999993299
2672.70099999993298
2672.83699999993296
2672.99299999993294
2673.12899999993293
2673.28499999993291
2673.4269999999329
2673.58699999993288
2673.74199999993286
2673.88199999993285
2674.03799999993283
2674.21299999993281
2674.35099999993279
2674.49899999993278
2674.64299999993276
2674.79199999993275
2674.93699999993273
2675.10399999993271
2675.26199999993269
2675.41499999993268
2675.58699999993266
2675.73399999993264
2675.91099999993262
2676.05699999993261
2676.24199999993259
2676.39799999993257
2676.54199999993255
2676.68799999993254
2676.83899999993252
2676.97399999993251
2677.13399999993249
2677.27999999993247
2677.42899999993246
2677.60999999993244
2677.73699999993242
2677.9109999999324
2678.07599999993238
2678.21199999993237
2678.38499999993235
2678.54999999993233
2678.69599999993232
2678.8639999999323
2679.02299999993228
2679.18199999993226
2679.32799999993225
2679.48099999993223
2679.61599999993221
2679.7769999999322
2679.93499999993218
2680.08599999993216
2680.23799999993215
2680.38099999993213
2680.55099999993211
2680.83899999993208
2681.00899999993206
2681.17499999993204
2681.34999999993202
2681.51799999993201
2681.69299999993199
2681.95599999993196
2682.12299999993194
2682.28899999993192
2682.4369999999319
2682.73399999993187
2682.89799999993185
2683.07699999993183
2683.21399999993182
2683.3629999999318
2683.53899999993178
2683.71999999993176
2683.89699999993174
2684.04999999993173
2684.22299999993171
2684.38499999993169
2684.53999999993167
2684.69699999993166
2684.86199999993164
2685.01299999993162
2685.1579999999316
2685.32999999993159
2685.60999999993155
2685.77299999993154
2685.92399999993152
2686.0989999999315
2686.25699999993148
2686.43999999993146
2686.53499999993145
2686.73299999993143
2686.88199999993141
2687.0439999999314
2687.18999999993138
2687.35599999993136
2687.49599999993135
2687.80799999993131
2687.98399999993129
2688.12799999993128
2688.30399999993126
2688.47699999993124
2688.63799999993122
2688.7939999999312
2688.94899999993119
2689.13099999993117
2689.26799999993115
2689.43599999993113
2689.59899999993112
2689.7619999999311
2689.92299999993108
2690.07499999993106
2690.24499999993104
2690.40599999993103
2690.58899999993101
2690.75899999993099
2690.92099999993097
2691.08299999993095
2691.25599999993093
2691.40499999993092
2691.5769999999309
2691.75199999993088
2691.93899999993086
2692.06399999993084
2692.25399999993082
2692.41599999993081
2692.55499999993079
2692.73299999993077
2692.89299999993075
2693.01399999993074
2693.19299999993072
2693.3739999999307
2693.52699999993068
2693.70199999993066
2693.85999999993065
2694.02399999993063
2694.15799999993061
2694.34699999993059
2694.52899999993057
2694.68899999993055
2694.85799999993054
2695.03499999993052
2695.1849999999305
2695.33599999993048
2695.52499999993046
2695.68899999993044
2695.86099999993043
2696.01799999993041
2696.17999999993039
2696.33799999993037
2696.50999999993035
2696.69399999993033
2696.83499999993032
2697.0089999999303
2697.31099999993027
2697.49799999993025
2697.64599999993023
2697.81599999993021
2697.98499999993019
2698.15599999993017
2698.32499999993015
2698.49599999993014
2698.64899999993012
2698.8099999999301
2698.97399999993008
2699.12299999993007
2699.29699999993005
2699.48399999993003
2699.63799999993001
2699.78599999992999
2699.94699999992998
2700.09199999992996
2700.26299999992994
2700.42999999992992
2700.55299999992991
2700.73099999992989
2700.90899999992987
2701.08899999992985
2701.25499999992983
2701.41199999992981
2701.5719999999298
2701.71899999992978
2701.89799999992976
2702.05299999992974
2702.19799999992973
2702.35799999992971
2702.52199999992969
2702.65299999992968
2702.81099999992966
2702.99299999992964
2703.14599999992962
2703.3209999999296
2703.88699999992954
2704.06199999992952
2704.2479999999295
2704.68699999992945
2705.01899999992942
2705.1819999999294
2705.33899999992938
2705.51099999992936
2705.67299999992934
2705.83499999992933
2705.99699999992931
2706.13599999992929
2706.31699999992927
2706.49199999992925
2706.79099999992922
2706.9819999999292
2711.44499999992871
2711.60699999992869
2711.76799999992867
2711.92499999992866
2712.08399999992864
2712.24499999992862
2712.3979999999286
2712.56799999992859
2748.7629999999246
2748.92499999992458
2749.07399999992457
2749.22799999992455
2749.37899999992453
2749.53299999992451
2749.6899999999245
2749.85099999992448
2750.00099999992446
2750.15999999992445
2750.29899999992443
2750.45999999992441
2750.6139999999244
2750.76499999992438
2750.90199999992436
3196.4029999998753
3196.87699999987525
3197.03299999987523
3197.16999999987521
3197.3209999998752
3197.46599999987518
3197.61899999987516
3197.77299999987515
3197.91799999987513
3198.06599999987512
3198.2149999998751
3198.37599999987508
3198.52299999987507
3198.67299999987505
3198.82499999987503
3198.99099999987501
3199.133999999875
3199.41499999987497
3199.56199999987495
3199.72099999987493
3199.87399999987492
3200.0229999998749
3200.18699999987488
3200.35199999987486
3200.52299999987485
3200.66599999987483
3200.82499999987481
3200.99099999987479
3201.13899999987478
3201.30599999987476
3201.47399999987474
3201.61799999987472
3201.77399999987471
3201.92899999987469
3202.08199999987467
3202.22199999987466
3202.36099999987464
3202.51999999987463
3202.65899999987461
3202.81199999987459
3202.99199999987457
3203.27499999987454
3203.43799999987452
3203.59699999987451
3203.75699999987449
3203.89599999987447
3204.05199999987446
3204.21399999987444
3204.36199999987442
3204.50599999987441
3204.67699999987439
3204.84299999987437
3204.94999999987436
3205.12599999987434
3205.28699999987432
3205.42399999987431
3205.59399999987429
3205.76199999987427
3205.91999999987425
3206.07799999987423
3206.25199999987421
3206.43199999987419
3206.66999999987417
3206.84399999987415
3207.01599999987413
3207.3169999998741
3207.48299999987408
3207.62199999987406
3207.79299999987404
3207.97599999987402
3208.25899999987399
3208.42599999987397
3208.58599999987396
3208.74399999987394
3208.91599999987392
3209.04699999987391
3209.23299999987389
3209.40299999987387
3209.53699999987385
3209.73199999987383
3209.94499999987381
3210.22099999987378
3210.38899999987376
3210.53699999987374
3210.69399999987372
3210.85399999987371
3211.01299999987369
3211.14399999987368
3211.33799999987365
3211.50799999987364
3211.66199999987362
3211.8309999998736
3212.00299999987358
3212.14899999987356
3212.31299999987355
3212.50199999987353
3212.7799999998735
3212.92199999987348
3213.10099999987346
3213.40199999987343
3213.55499999987341
3213.71499999987339
3213.89899999987337
3214.05699999987335
3214.21599999987334
3214.35099999987332
3214.5309999998733
3214.69999999987328
3214.86899999987326
3215.04299999987325
3215.23899999987322
3215.38799999987321
3215.54299999987319
3215.69799999987317
3215.85999999987316
3216.03499999987314
3216.18999999987312
3216.3619999998731
3216.56199999987308
3216.66399999987307
3216.84799999987305
3217.01099999987303
3217.16599999987301
3217.33999999987299
3217.48799999987298
3217.65999999987296
3217.79899999987294
3217.98899999987292
3218.12199999987291
3218.31199999987289
3218.50199999987286
3219.01299999987281
3219.17199999987279
3219.32299999987277
3219.49299999987276
3219.66099999987274
3219.81399999987272
3220.0019999998727
3220.11799999987269
3220.29499999987267
3220.46399999987265
3220.62899999987263
3220.78499999987261
3220.9499999998726
3221.10499999987258
3221.24399999987256
3221.41399999987254
3221.58799999987253
3221.73299999987251
3221.8569999998725
3222.19199999987246
3222.37599999987244
3222.57499999987242
3222.7109999998724
3222.88499999987238
3223.05699999987236
3223.23599999987234
3223.37299999987233
3223.55099999987231
3224.27499999987223
3224.43999999987221
3224.60299999987219
3224.76999999987217
3224.93599999987216
3225.10099999987214
3225.27299999987212
3225.4409999998721
3225.61099999987208
3225.78199999987206
3225.95099999987204
3226.12299999987203
3226.310999999872
3226.44299999987199
3226.62399999987197
3226.79899999987195
3227.84299999987184
3227.99699999987182
3228.1599999998718
3228.32799999987178
3228.49699999987176
3228.67099999987174
3228.84599999987173
3230.97799999987149
3233.54099999987121
3233.69299999987119
3233.84699999987118
3233.99599999987116
3234.15499999987114
3234.30899999987112
3234.47199999987111
3234.63499999987109
3234.80199999987107
3234.95599999987105
3235.11999999987103
3235.28199999987102
3235.453999999871
3235.74599999987097
3235.90699999987095
3236.05899999987093
3236.23899999987091
3236.3699999998709
3236.55299999987088
3236.72299999987086
3236.86799999987084
3237.01099999987083
3237.17399999987081
3237.33599999987079
3237.65199999987076
3237.83199999987074
3238.01199999987072
3238.1909999998707
3238.34199999987068
3238.49599999987066
3238.61299999987065
3238.78499999987063
3238.94799999987061
3239.1039999998706
3239.25599999987058
3239.39899999987056
3239.53799999987055
3239.70399999987053
3239.87599999987051
3240.04099999987049
3240.20099999987048
3240.35799999987046
3240.48799999987044
3240.67199999987042
3240.83299999987041
3240.99499999987039
3241.18199999987037
3241.34599999987035
3241.51099999987033
3242.20499999987025
3242.36599999987024
3242.52899999987022
3242.6869999998702
3242.85199999987018
3243.02999999987016
3243.19899999987014
3243.36299999987013
3243.52999999987011
3243.70099999987009
3243.87299999987007
3244.04799999987005
3244.20399999987003
3244.37799999987002
3244.56799999986999
3244.72199999986998
3244.89299999986996
3245.06099999986994
3245.23499999986992
3245.4099999998699
3245.59199999986988
3245.74799999986986
3245.92399999986984
3246.09099999986983
3246.26899999986981
3246.46499999986979
3246.65399999986976
3246.77099999986975
3246.95299999986973
3247.14099999986971
3247.31299999986969
3247.48399999986967
3247.63499999986966
3247.79099999986964
3247.93899999986962
3248.51999999986956
3248.67299999986954
3248.82799999986952
3248.98899999986951
3249.14099999986949
3249.30999999986947
3249.48199999986945
3249.64899999986943
3249.78499999986942
3249.9669999998694
3250.13799999986938
3250.30799999986936
3250.46799999986934
3250.65899999986932
3250.8309999998693
3251.02899999986928
3251.15699999986927
3251.32299999986925
3251.49299999986923
3251.63599999986922
3251.8029999998692
3252.10699999986916
3252.26299999986915
3252.39199999986913
3252.58199999986911
3252.75299999986909
3252.92599999986907
3253.05499999986906
3253.21899999986904
3253.34399999986903
3253.51899999986901
3253.66499999986899
3253.83999999986897
3253.97699999986896
3254.12899999986894
3254.31599999986892
3254.60199999986889
3254.76499999986887
3254.89599999986886
3255.07199999986884
3255.22199999986882
3255.3719999998688
3255.53399999986879
3255.68799999986877
3255.86999999986875
3256.01599999986873
3256.20999999986871
3256.3229999998687
3256.50399999986868
3256.67199999986866
3256.83799999986864
3257.01699999986862
3324.75999999986116
3324.92699999986114
3325.08599999986113
3325.27399999986111
3325.43299999986109
3325.59199999986107
3325.75999999986105
3325.90199999986104
3326.04699999986102
3326.192999999861
3326.34399999986099
3326.49599999986097
3326.64899999986095
3326.80699999986094
3326.96399999986092
3327.1209999998609
3327.27699999986088
3327.43499999986087
3327.58699999986085
3327.74199999986083
3327.87799999986082
3328.0409999998608
3328.18799999986078
3328.34399999986077
3328.51999999986075
3328.66099999986073
3328.81799999986072
3328.9919999998607
3329.14499999986068
3329.32099999986066
3329.46299999986064
3329.62999999986063
3329.78699999986061
3329.94599999986059
3330.09199999986058
3330.25399999986056
3330.43199999986054
3330.59899999986052
3330.7579999998605
3330.91999999986048
3331.09399999986046
3331.26799999986045
3331.45199999986043
3331.60699999986041
3331.74699999986039
3331.91499999986037
3332.07999999986036
3332.23799999986034
3332.39899999986032
3332.5719999998603
3332.70899999986029
3332.87299999986027
3333.04399999986025
3333.21899999986023
3333.35499999986022
3333.5199999998602
3333.68799999986018
3333.83999999986016
3333.99099999986015
3334.14199999986013
3334.29899999986011
3334.59499999986008
3334.76199999986006
3334.92499999986004
3335.11599999986002
3335.25999999986001
3335.42499999985999
3335.59699999985997
3335.75599999985995
3335.91099999985993
3336.07399999985992
3336.2399999998599
3336.39799999985988
3336.57699999985986
3336.69499999985985
3336.86699999985983
3337.02999999985981
3337.1659999998598
3337.29599999985978
3337.45799999985976
3337.63699999985974
3337.75099999985973
3337.92599999985971
3338.11699999985969
3338.23599999985968
3338.40699999985966
3338.58399999985964
3338.75199999985962
3338.9109999998596
3339.07099999985959
3339.20399999985957
3339.37699999985955
3339.55799999985953
3339.72299999985951
3339.90199999985949
3340.06899999985948
3340.22799999985946
3340.40199999985944
3340.57299999985942
3341.42199999985933
3341.58299999985931
3341.74999999985929
3341.91199999985927
3346.27499999985879
3346.43199999985878
3346.59099999985876
3346.74399999985874
3346.90299999985872
3347.03699999985871
3347.20499999985869
3465.71799999984564
3465.88199999984562
3466.0209999998456
3466.25599999984558
3466.38599999984556
3466.52099999984555
3466.64899999984554
3466.78699999984552
3466.9429999998455
3467.07599999984549
3467.21999999984547
3467.36399999984546
3467.50899999984544
3467.64199999984543
3467.78499999984541
3467.9049999998454
3468.07499999984538
3468.21199999984536
3468.34299999984535
3468.49499999984533
3468.64099999984532
3468.8059999998453
3468.97399999984528
3469.11399999984526
3469.26799999984525
3469.42999999984523
3469.58699999984521
3469.7289999998452
3469.88799999984518
3470.05399999984516
3470.20999999984514
3470.35199999984513
3470.51099999984511
3470.6389999998451
3470.80799999984508
3470.93599999984506
3471.10299999984504
3471.22299999984503
3471.38499999984501
3471.554999999845
3471.72799999984498
3471.86499999984496
3472.00999999984494
3472.17099999984493
3472.32699999984491
3472.48599999984489
3472.64799999984488
3472.77199999984486
3472.94799999984484
3473.11699999984482
3473.2929999998448
3473.43999999984479
3473.59999999984477
3473.74499999984475
3473.90499999984474
3474.03599999984472
3474.34299999984469
3474.51499999984467
3474.68399999984465
3474.84899999984463
3475.02899999984461
3475.1779999998446
3475.33299999984458
3475.45899999984457
3475.63999999984455
3475.76799999984453
3475.95099999984451
3476.0969999998445
3476.25199999984448
3476.41799999984446
3476.9649999998444
3477.12199999984438
3477.29099999984436
3477.45199999984435
3477.61399999984433
3477.77799999984431
3477.92599999984429
3478.06599999984428
3478.24899999984426
3478.37599999984424
3479.26599999984415
3479.57399999984411
3479.7239999998441
3479.90699999984408
3480.09699999984405
3483.11099999984372
3483.26599999984371
3485.37999999984347
3500.6049999998418
3500.76799999984178
3500.92099999984176
3501.06199999984175
3502.57199999984158
3502.73899999984156
3504.88999999984132
3505.04499999984131
3505.20599999984129
3505.35599999984127
3505.49799999984126
3505.65199999984124
3505.80999999984122
3505.93599999984121
3506.11199999984119
3506.26799999984117
3506.43299999984115
3514.82099999984023
3514.97499999984021
3520.75899999983958
3520.90599999983956
3521.05099999983954
3521.19399999983953
3521.34099999983951
3521.4909999998395
3521.62099999983948
3521.78599999983946
3521.93499999983945
3522.08499999983943
3522.22899999983941
3522.3899999998394
3522.54299999983938
3522.68799999983936
3523.76199999983925
3528.7019999998387
3528.85999999983868
3529.41299999983862
3530.02599999983856
3530.21399999983854
3530.39199999983852
3534.2029999998381
3535.12699999983799
3543.2649999998371
3556.8479999998356
3557.02899999983558
3558.28599999983544
3558.85599999983538
3559.03299999983536
3559.32699999983533
3559.49499999983531
3559.65099999983529
3562.50899999983498
0
0
0
0
0
0
0
0
0
0
0
0
0
3600.00099999983085
0
0
0
0
0
0
