8
12
19
8
12
19
IPPneo1.10
sacch2
0
2
9
57
03
10
58
04
22
4
.3
1
330
330
1
1500
1500
1
1
1
1
1
1
1
1
1
1
1
1
1
1
1
1
1
1
1
1
329
-1
84.082000000000033
84.2410000000000332
84.9800000000000338
85.118000000000034
85.6780000000000344
85.8210000000000346
86.247000000000035
86.3940000000000351
86.5400000000000352
86.6650000000000353
87.445000000000036
87.5800000000000361
87.7490000000000363
87.9140000000000364
88.6470000000000371
88.8030000000000372
88.9700000000000374
89.2650000000000376
89.4150000000000378
89.5510000000000379
89.711000000000038
90.4430000000000387
90.6160000000000388
90.770000000000039
90.9360000000000391
91.6900000000000398
91.8630000000000399
92.0390000000000401
92.2180000000000403
92.3760000000000404
92.5570000000000406
92.7410000000000407
93.3480000000000413
93.4980000000000414
93.6790000000000416
93.8420000000000417
94.0140000000000419
94.180000000000042
95.4660000000000431
95.6190000000000433
95.7980000000000434
95.9700000000000436
96.1460000000000437
96.3250000000000439
96.4950000000000441
96.6790000000000442
96.8460000000000444
96.9970000000000445
97.1820000000000447
97.3630000000000448
97.524000000000045
99.1140000000000464
99.2620000000000465
99.4600000000000467
99.5840000000000468
99.770000000000047
99.9320000000000471
100.0930000000000473
100.2660000000000474
100.4470000000000476
100.6260000000000477
100.8050000000000479
100.992000000000048
101.1720000000000482
101.3480000000000484
101.5390000000000485
102.8300000000000497
103.0290000000000499
103.19600000000005
103.6610000000000504
103.8090000000000506
103.9830000000000507
104.1510000000000509
104.351000000000051
104.4800000000000511
104.5790000000000512
104.6990000000000514
105.460000000000052
105.6010000000000521
105.7790000000000523
105.9440000000000525
106.4360000000000529
106.587000000000053
106.7680000000000532
108.7510000000000549
108.871000000000055
109.0060000000000552
109.1800000000000553
109.3460000000000555
109.4410000000000556
109.5190000000000556
109.5730000000000557
110.3050000000000563
116.4490000000000618
116.738000000000062
117.0400000000000623
117.3560000000000626
118.3320000000000634
118.4620000000000636
118.7160000000000638
118.8100000000000639
119.5070000000000645
119.6320000000000646
119.7820000000000647
120.3510000000000652
120.6040000000000655
121.0490000000000659
121.244000000000066
121.3920000000000662
121.5390000000000663
121.7010000000000664
121.8730000000000666
122.0330000000000667
122.333000000000067
123.6510000000000682
124.9580000000000693
125.0050000000000694
125.1380000000000695
125.3250000000000697
125.5070000000000698
125.71200000000007
127.1170000000000712
127.4340000000000715
129.875000000000074
130.173000000000074
135.828000000000079
139.301000000000082
139.363000000000082
140.696000000000083
141.337000000000084
141.495000000000084
141.810000000000084
141.976000000000084
142.146000000000085
142.996000000000085
143.948000000000086
144.170000000000086
145.638000000000088
146.959000000000089
147.117000000000089
147.82800000000009
148.08800000000009
148.51200000000009
153.647000000000095
153.697000000000095
153.794000000000095
153.961000000000095
154.139000000000095
154.416000000000096
154.500000000000096
156.062000000000097
156.243000000000097
157.004000000000098
185.711000000000123
185.833000000000123
186.381000000000124
190.860000000000128
191.419000000000128
191.622000000000129
191.752000000000129
191.886000000000129
192.032000000000129
192.173000000000129
355.763000000000274
356.021000000000275
356.163000000000275
356.361000000000275
356.509000000000275
356.681000000000275
356.832000000000275
357.478000000000276
357.632000000000276
357.778000000000276
357.988000000000276
358.952000000000277
359.206000000000277
359.338000000000278
359.478000000000278
359.627000000000278
359.772000000000278
360.171000000000278
360.319000000000278
360.427000000000278
360.505000000000279
360.627000000000279
360.717000000000279
360.783000000000279
364.063000000000282
364.194000000000282
364.400000000000282
364.676000000000282
364.832000000000282
364.976000000000282
365.139000000000283
365.287000000000283
365.437000000000283
365.598000000000283
365.752000000000283
366.140000000000284
366.292000000000284
366.571000000000284
641.738000000000528
641.883000000000528
642.724000000000529
643.39600000000053
643.42500000000053
643.73200000000053
644.21800000000053
644.333000000000531
644.631000000000531
644.794000000000531
644.999000000000531
645.130000000000531
647.138000000000533
647.276000000000533
647.415000000000533
647.833000000000534
647.974000000000534
715.561000000000594
716.476000000000595
717.095000000000595
718.921000000000597
740.231000000000616
740.378000000000616
740.849000000000616
741.009000000000616
741.188000000000617
745.667000000000621
745.796000000000621
746.028000000000621
746.320000000000621
747.126000000000622
747.333000000000622
747.546000000000622
748.126000000000623
748.581000000000623
748.900000000000624
749.035000000000624
749.333000000000624
749.855000000000624
749.928000000000624
806.728000000000675
807.159000000000675
821.395000000000688
821.526000000000688
821.682000000000688
821.957000000000688
822.028000000000688
822.172000000000689
822.312000000000689
822.424000000000689
822.455000000000689
822.561000000000689
822.763000000000689
875.863000000000736
956.992000000000808
1034.35800000000088
1034.49800000000088
1034.68400000000088
1034.87600000000088
1162.33800000000099
1162.46000000000099
1163.13200000000099
1163.93900000000099
1164.48200000000099
1164.86300000000099
1165.96700000000099
1166.25200000000099
1166.81100000000099
1167.09100000000099
1167.22100000000099
1167.380000000001
1167.514000000001
1167.642000000001
1167.937000000001
1168.083000000001
1168.673000000001
1170.078000000001
1170.240000000001
1170.379000000001
1171.314000000001
1171.510000000001
1171.639000000001
1172.823000000001
1173.135000000001
1174.011000000001
1174.161000000001
1174.628000000001
1175.209000000001
1177.519000000001
1177.676000000001
1187.31700000000101
1187.44700000000101
1188.20900000000101
1188.35800000000101
1188.49000000000101
1293.00900000000111
1320.74700000000113
1321.37700000000113
1322.10900000000113
1322.98700000000113
1324.85400000000114
1325.52300000000114
1325.83700000000114
1326.45400000000114
1331.46300000000114
1331.57700000000114
1331.72000000000114
1382.68900000000119
1382.78500000000119
1471.19500000000126
1718.63700000000148
1718.72600000000148
1893.60700000000164
1905.58400000000165
1977.87000000000172
2041.45700000000177
2042.41000000000177
2042.56100000000177
2241.02499999998052
2866.91399999991159
3036.70999999989289
3036.71599999989289
3037.02699999989285
3037.04199999989285
3037.98899999989275
3066.30599999988963
3066.34399999988962
3496.18999999984228
-2
84.1380000000000331
84.3090000000000332
85.0340000000000339
85.180000000000034
85.7190000000000345
85.8760000000000346
86.298000000000035
86.4380000000000351
86.5720000000000352
86.7260000000000354
87.485000000000036
87.6530000000000362
87.8110000000000363
87.9610000000000365
88.7040000000000371
88.8670000000000373
89.0290000000000374
89.3050000000000377
89.4470000000000378
89.6070000000000379
89.7830000000000381
90.5090000000000387
90.6570000000000389
90.831000000000039
90.9940000000000392
91.7640000000000399
91.94800000000004
92.1180000000000402
92.2660000000000403
92.4490000000000405
92.6310000000000406
92.7880000000000408
93.4050000000000413
93.5660000000000415
93.7230000000000416
93.9010000000000418
94.0700000000000419
94.2500000000000421
95.5220000000000432
95.6950000000000433
95.8700000000000435
96.0450000000000437
96.2140000000000438
96.378000000000044
96.5620000000000441
96.7310000000000443
96.8900000000000444
97.0700000000000446
97.2480000000000447
97.4160000000000449
97.586000000000045
99.1730000000000464
99.3350000000000466
99.4820000000000467
99.6620000000000469
99.827000000000047
99.9900000000000472
100.1590000000000473
100.3420000000000475
100.5230000000000476
100.7040000000000478
100.887000000000048
101.0700000000000481
101.2310000000000483
101.4310000000000484
101.5980000000000486
102.8910000000000497
103.0970000000000499
103.2770000000000501
103.7220000000000505
103.8850000000000506
104.0460000000000508
104.2210000000000509
104.4150000000000511
104.5100000000000512
104.6350000000000513
104.7210000000000514
105.5100000000000521
105.6800000000000522
105.8550000000000524
106.0160000000000525
106.4960000000000529
106.6590000000000531
106.8130000000000532
108.768000000000055
108.9290000000000551
109.0640000000000552
109.2380000000000554
109.4020000000000555
109.4560000000000556
109.5620000000000557
109.5980000000000557
110.3620000000000564
116.4850000000000618
116.7740000000000621
117.1090000000000624
117.4220000000000626
118.3580000000000635
118.5430000000000636
118.7330000000000638
118.907000000000064
119.5490000000000645
119.6890000000000647
119.8420000000000648
120.4780000000000654
120.8950000000000657
121.0870000000000659
121.2960000000000661
121.4510000000000662
121.6070000000000664
121.7670000000000665
121.9410000000000667
122.1140000000000668
122.6090000000000672
123.6620000000000682
124.9870000000000694
125.0340000000000694
125.2370000000000696
125.4150000000000697
125.6050000000000699
125.8120000000000701
127.1370000000000713
127.5150000000000716
129.895000000000074
130.194000000000074
135.836000000000079
139.318000000000082
140.298000000000083
140.959000000000084
141.438000000000084
141.501000000000084
141.867000000000084
142.047000000000085
142.227000000000085
143.011000000000085
143.995000000000086
144.209000000000086
145.648000000000088
147.009000000000089
147.167000000000089
147.91400000000009
148.23600000000009
148.54500000000009
153.666000000000095
153.707000000000095
153.858000000000095
154.035000000000095
154.209000000000095
154.452000000000096
154.627000000000096
156.104000000000097
156.328000000000097
157.087000000000098
185.750000000000123
185.882000000000123
186.417000000000124
190.899000000000128
191.488000000000128
191.674000000000129
191.803000000000129
191.945000000000129
192.089000000000129
192.245000000000129
355.780000000000274
356.083000000000275
356.225000000000275
356.417000000000275
356.576000000000275
356.746000000000275
356.905000000000275
357.562000000000276
357.755000000000276
357.923000000000276
358.054000000000276
359.037000000000277
359.257000000000277
359.400000000000278
359.543000000000278
359.684000000000278
359.827000000000278
360.268000000000278
360.381000000000278
360.435000000000278
360.584000000000279
360.641000000000279
360.774000000000279
360.798000000000279
364.109000000000282
364.250000000000282
364.454000000000282
364.707000000000282
364.909000000000282
365.044000000000283
365.196000000000283
365.345000000000283
365.500000000000283
365.667000000000283
365.814000000000283
366.206000000000284
366.338000000000284
366.692000000000284
641.745000000000528
641.924000000000528
642.762000000000529
643.41600000000053
643.43400000000053
643.76500000000053
644.23400000000053
644.383000000000531
644.727000000000531
644.894000000000531
645.045000000000531
645.210000000000531
647.186000000000533
647.334000000000533
647.469000000000533
647.892000000000534
647.999000000000534
715.591000000000594
716.527000000000595
717.109000000000595
718.999000000000597
740.288000000000616
740.430000000000616
740.902000000000616
741.059000000000616
741.260000000000617
745.704000000000621
745.845000000000621
746.309000000000621
746.438000000000621
747.181000000000622
747.451000000000622
747.923000000000623
748.166000000000623
748.657000000000623
748.931000000000624
749.135000000000624
749.429000000000624
749.883000000000624
749.999000000000624
806.786000000000675
807.233000000000675
821.435000000000688
821.587000000000688
821.740000000000688
821.976000000000688
822.091000000000688
822.193000000000689
822.342000000000689
822.445000000000689
822.523000000000689
822.573000000000689
823.012000000000689
875.902000000000736
957.021000000000808
1034.39800000000088
1034.56200000000088
1034.74000000000088
1034.93000000000088
1162.37500000000099
1162.51000000000099
1163.17800000000099
1164.00000000000099
1164.53400000000099
1164.92700000000099
1165.99700000000099
1166.31700000000099
1166.86000000000099
1167.10400000000099
1167.269000000001
1167.404000000001
1167.535000000001
1167.667000000001
1167.956000000001
1168.158000000001
1168.731000000001
1170.130000000001
1170.268000000001
1170.409000000001
1171.378000000001
1171.536000000001
1171.700000000001
1172.883000000001
1173.190000000001
1174.057000000001
1174.225000000001
1174.669000000001
1175.274000000001
1177.574000000001
1177.731000000001
1187.35700000000101
1187.48800000000101
1188.26000000000101
1188.38600000000101
1188.51900000000101
1293.07300000000111
1320.82300000000113
1321.47000000000113
1322.15600000000113
1323.04400000000113
1324.90000000000114
1325.60000000000114
1325.90600000000114
1326.46700000000114
1331.51500000000114
1331.63100000000114
1331.76000000000114
1382.71500000000119
1382.84200000000119
1471.22600000000126
1718.66800000000148
1718.77900000000148
1893.68700000000164
1905.63700000000165
1977.88400000000172
2041.48600000000177
2042.43500000000177
2042.60700000000177
2241.10099999998051
2866.96299999991158
3036.71299999989289
3036.92299999989286
3037.03899999989285
3037.05899999989285
3038.02499999989274
3066.31699999988963
3066.5799999998896
3496.25899999984227
1499
-3
204.58200000000014
208.170000000000143
208.360000000000143
208.510000000000144
208.681000000000144
208.834000000000144
208.999000000000144
209.461000000000144
209.600000000000144
209.761000000000145
209.927000000000145
210.089000000000145
210.271000000000145
210.445000000000145
210.613000000000145
211.473000000000146
211.611000000000146
211.778000000000146
211.948000000000147
212.121000000000147
212.303000000000147
213.152000000000148
213.327000000000148
213.496000000000148
213.685000000000148
213.878000000000148
214.070000000000148
214.248000000000149
214.424000000000149
214.609000000000149
214.791000000000149
214.968000000000149
215.146000000000149
215.33500000000015
215.52000000000015
215.71500000000015
215.90800000000015
216.09700000000015
216.28200000000015
216.459000000000151
216.659000000000151
216.861000000000151
217.127000000000151
217.320000000000151
218.384000000000152
218.544000000000152
218.713000000000153
218.882000000000153
219.069000000000153
219.254000000000153
219.450000000000153
219.643000000000153
219.844000000000154
220.040000000000154
220.223000000000154
220.414000000000154
220.598000000000154
220.788000000000154
220.992000000000155
221.153000000000155
221.328000000000155
222.074000000000156
222.221000000000156
222.394000000000156
222.566000000000156
222.752000000000156
222.952000000000156
223.146000000000157
223.340000000000157
223.524000000000157
223.700000000000157
223.880000000000157
224.058000000000157
224.255000000000158
224.418000000000158
224.621000000000158
224.813000000000158
225.001000000000158
225.186000000000158
225.352000000000158
225.546000000000159
225.850000000000159
226.047000000000159
226.240000000000159
227.30300000000016
227.45800000000016
227.627000000000161
227.803000000000161
227.994000000000161
228.235000000000161
228.428000000000161
228.606000000000161
230.315000000000163
230.463000000000163
230.642000000000163
230.824000000000163
230.988000000000164
231.167000000000164
231.364000000000164
231.543000000000164
231.706000000000164
231.874000000000164
232.536000000000165
232.696000000000165
232.866000000000165
233.036000000000165
233.222000000000166
233.420000000000166
233.606000000000166
233.786000000000166
233.964000000000166
235.438000000000167
235.588000000000168
235.749000000000168
235.930000000000168
236.103000000000168
236.316000000000168
236.587000000000168
236.772000000000169
236.946000000000169
237.129000000000169
237.347000000000169
237.495000000000169
237.690000000000169
238.38100000000017
240.778000000000172
241.991000000000173
242.391000000000174
242.622000000000174
242.751000000000174
243.100000000000174
243.245000000000174
243.400000000000175
243.555000000000175
243.708000000000175
243.867000000000175
261.876000000000191
262.044000000000191
262.204000000000191
262.371000000000191
262.530000000000192
262.689000000000192
262.853000000000192
263.279000000000192
263.428000000000192
263.594000000000192
263.756000000000193
263.927000000000193
264.474000000000193
264.631000000000193
264.812000000000194
264.983000000000194
265.144000000000194
265.320000000000194
265.483000000000194
265.660000000000194
265.933000000000195
266.108000000000195
266.285000000000195
266.449000000000195
266.615000000000195
266.795000000000195
266.975000000000195
267.388000000000196
267.539000000000196
267.705000000000196
267.887000000000196
268.061000000000196
268.243000000000197
268.425000000000197
268.607000000000197
268.801000000000197
268.989000000000197
269.176000000000197
269.343000000000198
269.514000000000198
269.691000000000198
285.064000000000212
285.209000000000212
285.359000000000212
285.517000000000212
285.674000000000212
285.827000000000212
285.986000000000212
286.141000000000212
286.402000000000213
286.564000000000213
286.710000000000213
286.872000000000213
287.038000000000213
287.198000000000213
287.370000000000214
287.552000000000214
287.721000000000214
287.882000000000214
289.007000000000215
289.141000000000215
289.298000000000215
289.463000000000215
289.629000000000216
289.799000000000216
289.962000000000216
290.128000000000216
290.304000000000216
290.475000000000216
290.644000000000216
290.833000000000217
291.831000000000218
291.999000000000218
292.161000000000218
292.335000000000218
292.498000000000218
292.665000000000218
292.853000000000218
293.033000000000219
293.214000000000219
293.386000000000219
293.553000000000219
293.973000000000219
294.16300000000022
294.34400000000022
294.51600000000022
294.68400000000022
294.85800000000022
295.05300000000022
295.208000000000221
295.382000000000221
295.560000000000221
295.728000000000221
295.901000000000221
296.077000000000221
296.264000000000221
296.456000000000222
296.646000000000222
296.821000000000222
296.993000000000222
297.165000000000222
297.343000000000222
297.524000000000223
297.706000000000223
297.879000000000223
298.055000000000223
298.243000000000223
298.417000000000223
299.142000000000224
299.315000000000224
299.486000000000224
299.665000000000224
299.845000000000225
300.016000000000225
300.200000000000225
300.391000000000225
300.577000000000225
300.761000000000225
300.934000000000226
301.121000000000226
301.288000000000226
301.466000000000226
301.609000000000226
302.063000000000227
302.233000000000227
302.406000000000227
302.568000000000227
302.738000000000227
302.915000000000227
303.099000000000228
303.900000000000228
304.057000000000228
304.218000000000229
304.386000000000229
304.563000000000229
304.739000000000229
304.915000000000229
305.087000000000229
305.272000000000229
305.45400000000023
305.63400000000023
305.80700000000023
305.99800000000023
306.18900000000023
306.37900000000023
306.564000000000231
306.753000000000231
306.929000000000231
307.105000000000231
307.284000000000231
307.472000000000231
307.656000000000232
307.856000000000232
308.010000000000232
308.190000000000232
308.606000000000232
308.926000000000233
309.081000000000233
309.248000000000233
309.426000000000233
309.605000000000233
309.781000000000233
309.960000000000234
310.257000000000234
310.452000000000234
310.623000000000234
310.812000000000234
310.976000000000235
311.142000000000235
311.339000000000235
311.526000000000235
311.698000000000235
311.877000000000235
312.060000000000236
312.246000000000236
312.441000000000236
312.625000000000236
312.794000000000236
312.980000000000236
315.656000000000239
315.809000000000239
315.979000000000239
316.156000000000239
316.327000000000239
316.487000000000239
316.67500000000024
317.42900000000024
317.59200000000024
317.753000000000241
317.950000000000241
318.120000000000241
318.306000000000241
318.479000000000241
318.643000000000241
318.822000000000242
318.991000000000242
319.176000000000242
319.363000000000242
319.548000000000242
319.732000000000242
319.916000000000242
320.109000000000243
320.332000000000243
320.887000000000243
321.055000000000244
321.224000000000244
321.403000000000244
321.583000000000244
321.757000000000244
321.941000000000244
322.126000000000244
322.336000000000245
322.485000000000245
322.632000000000245
322.827000000000245
323.020000000000245
323.194000000000245
323.368000000000246
323.544000000000246
323.733000000000246
323.915000000000246
324.102000000000246
324.285000000000246
324.483000000000247
324.675000000000247
324.854000000000247
325.054000000000247
325.262000000000247
325.442000000000247
325.627000000000248
325.825000000000248
326.006000000000248
326.214000000000248
326.394000000000248
326.570000000000248
326.755000000000249
326.949000000000249
327.133000000000249
327.321000000000249
327.501000000000249
327.700000000000249
329.344000000000251
329.490000000000251
329.656000000000251
329.831000000000251
329.994000000000251
330.181000000000252
330.356000000000252
334.672000000000256
335.811000000000257
335.957000000000257
336.118000000000257
336.296000000000257
336.471000000000257
336.657000000000257
336.828000000000258
336.988000000000258
337.152000000000258
337.320000000000258
381.255000000000297
381.390000000000297
381.528000000000297
381.673000000000297
381.826000000000297
381.982000000000298
382.135000000000298
382.294000000000298
382.428000000000298
382.582000000000298
382.739000000000298
382.891000000000298
383.053000000000299
383.207000000000299
383.366000000000299
383.525000000000299
383.678000000000299
383.837000000000299
384.007000000000299
384.1690000000003
384.3340000000003
384.5170000000003
384.6790000000003
384.8480000000003
385.0340000000003
385.1990000000003
385.372000000000301
385.527000000000301
385.689000000000301
385.857000000000301
386.041000000000301
386.331000000000301
386.513000000000302
386.679000000000302
386.849000000000302
387.019000000000302
387.198000000000302
387.373000000000302
387.557000000000303
388.429000000000303
388.602000000000304
388.757000000000304
388.929000000000304
389.101000000000304
389.265000000000304
389.426000000000304
389.602000000000304
389.788000000000305
389.960000000000305
390.095000000000305
390.238000000000305
390.420000000000305
390.594000000000305
390.774000000000305
390.940000000000306
391.117000000000306
391.302000000000306
392.353000000000307
392.493000000000307
392.659000000000307
392.825000000000307
393.002000000000307
393.169000000000308
393.344000000000308
393.517000000000308
393.695000000000308
393.876000000000308
394.057000000000308
394.239000000000308
394.374000000000309
394.521000000000309
394.730000000000309
394.923000000000309
395.115000000000309
395.336000000000309
395.51700000000031
395.96300000000031
396.13200000000031
396.31300000000031
396.48200000000031
396.662000000000311
396.844000000000311
397.028000000000311
397.201000000000311
397.378000000000311
397.551000000000311
397.728000000000312
398.058000000000312
398.244000000000312
398.424000000000312
398.602000000000312
398.777000000000313
398.983000000000313
399.161000000000313
399.337000000000313
399.482000000000313
399.663000000000313
399.852000000000314
400.031000000000314
400.213000000000314
400.993000000000314
401.138000000000315
401.323000000000315
401.481000000000315
401.680000000000315
401.839000000000315
402.033000000000315
402.191000000000316
402.390000000000316
402.581000000000316
402.766000000000316
402.952000000000316
403.130000000000316
403.556000000000317
403.734000000000317
403.926000000000317
404.101000000000317
404.279000000000317
404.456000000000318
404.636000000000318
404.814000000000318
404.973000000000318
405.141000000000318
405.323000000000318
405.510000000000318
405.686000000000319
407.12900000000032
407.27400000000032
407.43400000000032
407.60800000000032
407.811000000000321
408.002000000000321
408.182000000000321
408.372000000000321
408.557000000000321
408.729000000000321
408.907000000000322
409.086000000000322
409.268000000000322
409.454000000000322
409.627000000000322
409.816000000000322
410.557000000000323
410.747000000000323
411.040000000000323
411.204000000000324
412.010000000000324
412.176000000000324
412.348000000000325
412.543000000000325
412.720000000000325
412.901000000000325
413.080000000000325
413.270000000000325
413.462000000000326
414.974000000000327
457.301000000000364
457.437000000000365
457.586000000000365
457.733000000000365
457.875000000000365
458.031000000000365
458.183000000000365
458.341000000000365
458.490000000000366
458.646000000000366
458.804000000000366
458.953000000000366
459.111000000000366
459.256000000000366
459.414000000000366
459.573000000000366
459.732000000000367
459.898000000000367
460.437000000000367
460.596000000000367
460.754000000000368
460.921000000000368
461.090000000000368
461.247000000000368
461.414000000000368
461.575000000000368
461.741000000000368
461.912000000000369
462.089000000000369
462.253000000000369
462.423000000000369
462.592000000000369
462.795000000000369
463.19300000000037
463.38800000000037
463.53000000000037
463.70100000000037
463.86500000000037
464.03100000000037
464.212000000000371
464.381000000000371
464.551000000000371
464.985000000000371
465.146000000000372
465.308000000000372
465.473000000000372
465.640000000000372
465.810000000000372
465.984000000000372
466.159000000000372
466.347000000000373
467.173000000000373
467.346000000000373
467.522000000000374
467.688000000000374
467.869000000000374
468.060000000000374
468.247000000000374
468.427000000000374
468.606000000000375
468.785000000000375
468.967000000000375
469.761000000000376
469.918000000000376
470.083000000000376
470.258000000000376
470.419000000000376
470.602000000000376
470.774000000000376
470.952000000000377
471.439000000000377
471.620000000000377
471.816000000000377
471.975000000000378
472.149000000000378
472.340000000000378
472.508000000000378
472.674000000000378
472.848000000000378
473.035000000000378
476.234000000000381
476.382000000000381
476.528000000000382
476.690000000000382
476.852000000000382
477.014000000000382
477.173000000000382
477.337000000000382
477.502000000000382
477.672000000000383
479.135000000000384
479.265000000000384
479.430000000000384
479.596000000000384
479.763000000000384
479.929000000000385
480.094000000000385
480.256000000000385
480.436000000000385
480.619000000000385
480.793000000000385
481.000000000000386
481.841000000000386
482.023000000000386
482.208000000000387
482.399000000000387
482.570000000000387
482.749000000000387
482.948000000000387
483.109000000000387
483.266000000000388
483.418000000000388
483.629000000000388
483.796000000000388
483.987000000000388
484.184000000000388
484.365000000000389
484.544000000000389
484.721000000000389
484.898000000000389
485.076000000000389
485.240000000000389
485.41900000000039
485.61900000000039
485.81400000000039
486.00300000000039
486.18300000000039
486.36300000000039
486.993000000000391
487.152000000000391
487.328000000000391
487.506000000000391
487.685000000000392
487.873000000000392
488.051000000000392
488.234000000000392
488.423000000000392
488.626000000000392
488.787000000000392
488.981000000000393
489.165000000000393
489.353000000000393
489.544000000000393
489.731000000000393
489.919000000000394
490.109000000000394
490.286000000000394
490.477000000000394
490.664000000000394
490.858000000000394
491.031000000000394
491.216000000000395
491.367000000000395
491.964000000000395
492.124000000000395
492.294000000000396
492.472000000000396
492.663000000000396
492.771000000000396
492.873000000000396
493.057000000000396
493.234000000000396
493.411000000000397
493.586000000000397
493.999000000000397
494.190000000000397
494.377000000000397
494.577000000000398
494.769000000000398
494.970000000000398
495.157000000000398
495.341000000000398
495.525000000000398
495.713000000000399
495.899000000000399
496.090000000000399
496.292000000000399
496.503000000000399
496.684000000000399
496.8550000000004
497.0130000000004
497.2200000000004
497.4440000000004
497.6350000000004
497.8280000000004
498.042000000000401
498.231000000000401
498.428000000000401
498.617000000000401
498.806000000000401
498.991000000000402
499.170000000000402
499.347000000000402
499.528000000000402
500.153000000000403
500.327000000000403
500.492000000000403
500.685000000000403
500.870000000000403
501.051000000000403
501.231000000000404
501.422000000000404
501.605000000000404
501.787000000000404
502.029000000000404
502.211000000000404
502.424000000000405
502.642000000000405
502.848000000000405
503.057000000000405
504.566000000000406
504.718000000000407
504.881000000000407
505.054000000000407
505.221000000000407
505.401000000000407
505.623000000000407
505.789000000000408
505.965000000000408
506.152000000000408
506.334000000000408
507.019000000000409
507.183000000000409
507.375000000000409
508.00100000000041
509.395000000000411
509.763000000000411
510.243000000000412
510.640000000000412
511.847000000000413
512.423000000000413
512.808000000000414
514.807000000000416
514.950000000000416
515.107000000000416
515.263000000000416
515.417000000000416
515.573000000000416
515.728000000000416
515.896000000000417
516.062000000000417
516.226000000000417
516.398000000000417
516.572000000000417
518.203000000000419
518.356000000000419
518.498000000000419
518.658000000000419
518.821000000000419
518.989000000000419
519.161000000000419
519.32800000000042
519.49900000000042
519.66900000000042
519.84500000000042
520.450000000000421
520.627000000000421
520.799000000000421
520.975000000000421
521.137000000000421
521.626000000000422
521.950000000000422
522.119000000000422
522.298000000000422
522.461000000000422
522.637000000000422
522.816000000000423
522.982000000000423
523.166000000000423
523.337000000000423
523.518000000000423
523.713000000000423
523.916000000000424
524.071000000000424
524.257000000000424
524.436000000000424
524.610000000000424
524.801000000000424
524.987000000000425
525.165000000000425
525.334000000000425
525.541000000000425
525.736000000000425
525.919000000000425
526.099000000000426
526.288000000000426
526.500000000000426
526.675000000000426
526.865000000000426
527.056000000000426
527.245000000000427
527.432000000000427
527.610000000000427
527.795000000000427
527.980000000000427
529.056000000000428
529.216000000000428
529.388000000000428
529.562000000000429
529.747000000000429
529.941000000000429
530.119000000000429
530.300000000000429
530.49800000000043
530.67700000000043
530.85800000000043
531.02300000000043
531.23300000000043
531.37100000000043
531.44200000000043
531.62200000000043
531.812000000000431
531.997000000000431
532.187000000000431
532.381000000000431
532.577000000000431
532.722000000000431
532.799000000000432
532.933000000000432
533.019000000000432
533.221000000000432
533.401000000000432
533.585000000000432
533.769000000000432
534.359000000000433
534.528000000000433
534.709000000000433
534.894000000000433
535.076000000000434
535.261000000000434
535.451000000000434
535.636000000000434
535.818000000000434
536.000000000000434
536.168000000000435
536.345000000000435
536.534000000000435
536.721000000000435
536.905000000000435
537.099000000000435
537.271000000000436
537.458000000000436
537.652000000000436
537.834000000000436
538.037000000000436
538.226000000000436
539.876000000000438
540.018000000000438
540.202000000000438
540.381000000000438
540.536000000000438
540.708000000000439
540.887000000000439
541.063000000000439
541.366000000000439
541.547000000000439
541.725000000000439
541.89800000000044
542.07900000000044
542.26000000000044
542.42200000000044
542.60600000000044
542.78600000000044
542.992000000000441
543.176000000000441
543.365000000000441
543.977000000000441
544.140000000000442
544.324000000000442
544.500000000000442
544.674000000000442
544.854000000000442
545.043000000000442
545.239000000000443
545.433000000000443
545.608000000000443
545.789000000000443
545.976000000000443
546.160000000000443
546.352000000000444
546.540000000000444
546.882000000000444
547.073000000000444
547.256000000000444
547.423000000000445
547.606000000000445
547.789000000000445
547.975000000000445
548.168000000000445
548.341000000000445
548.522000000000446
548.696000000000446
548.871000000000446
548.992000000000446
549.086000000000446
549.269000000000446
549.451000000000446
549.629000000000446
549.800000000000447
549.991000000000447
550.167000000000447
550.563000000000447
550.734000000000447
550.910000000000448
551.087000000000448
551.239000000000448
551.428000000000448
551.608000000000448
551.795000000000448
552.230000000000449
552.865000000000449
553.013000000000449
553.18300000000045
553.34600000000045
553.52300000000045
553.69300000000045
553.87200000000045
554.05100000000045
554.226000000000451
554.408000000000451
554.587000000000451
554.761000000000451
554.965000000000451
555.141000000000451
555.356000000000452
555.539000000000452
556.236000000000452
556.400000000000452
556.580000000000453
556.759000000000453
556.941000000000453
557.140000000000453
557.346000000000453
557.531000000000453
557.720000000000454
557.905000000000454
558.083000000000454
558.262000000000454
559.216000000000455
559.369000000000455
559.529000000000455
559.703000000000455
559.873000000000456
560.046000000000456
560.228000000000456
560.399000000000456
560.578000000000456
560.758000000000456
560.944000000000457
561.125000000000457
561.316000000000457
561.497000000000457
561.683000000000457
561.854000000000457
562.034000000000457
562.222000000000458
562.401000000000458
562.599000000000458
562.779000000000458
562.957000000000458
563.142000000000458
563.329000000000459
563.516000000000459
563.699000000000459
563.891000000000459
564.086000000000459
564.27700000000046
564.45900000000046
564.64600000000046
564.82200000000046
565.02400000000046
565.22400000000046
565.429000000000461
565.628000000000461
565.818000000000461
566.008000000000461
566.185000000000461
566.372000000000461
566.578000000000462
566.758000000000462
566.939000000000462
567.116000000000462
567.272000000000462
567.430000000000462
567.648000000000462
567.784000000000463
567.864000000000463
567.980000000000463
568.066000000000463
568.266000000000463
568.598000000000463
568.788000000000464
568.964000000000464
569.294000000000464
569.474000000000464
569.678000000000464
569.870000000000464
570.079000000000465
570.250000000000465
570.427000000000465
570.605000000000465
570.796000000000465
570.989000000000465
571.168000000000466
571.351000000000466
571.546000000000466
572.386000000000467
572.536000000000467
572.709000000000467
572.887000000000467
573.068000000000467
573.247000000000467
573.426000000000468
573.608000000000468
573.795000000000468
573.980000000000468
574.171000000000468
574.363000000000468
576.10600000000047
577.087000000000471
577.229000000000471
577.397000000000471
577.571000000000471
577.742000000000471
577.913000000000472
578.083000000000472
578.266000000000472
578.425000000000472
578.588000000000472
578.753000000000472
578.904000000000472
579.073000000000473
579.246000000000473
579.413000000000473
579.602000000000473
581.033000000000474
581.202000000000475
581.342000000000475
581.510000000000475
581.684000000000475
581.851000000000475
582.020000000000475
582.217000000000475
582.379000000000476
582.561000000000476
582.732000000000476
582.899000000000476
583.081000000000476
676.274000000000559
676.394000000000559
676.539000000000559
676.687000000000559
676.824000000000559
676.96100000000056
677.09600000000056
677.24700000000056
677.39200000000056
677.54600000000056
677.66800000000056
677.83200000000056
677.98900000000056
678.140000000000561
678.265000000000561
678.408000000000561
678.579000000000561
678.704000000000561
678.893000000000561
679.023000000000561
679.193000000000562
679.344000000000562
679.520000000000562
679.669000000000562
679.837000000000562
679.973000000000562
680.153000000000562
680.313000000000563
680.497000000000563
680.917000000000563
681.095000000000563
681.274000000000563
681.431000000000564
681.558000000000564
681.741000000000564
681.921000000000564
682.092000000000564
682.268000000000564
682.691000000000565
682.859000000000565
683.030000000000565
683.192000000000565
683.368000000000565
683.543000000000565
683.696000000000566
683.863000000000566
684.054000000000566
684.232000000000566
684.443000000000566
684.631000000000566
684.791000000000566
685.503000000000567
685.675000000000567
685.844000000000567
686.017000000000568
686.186000000000568
686.361000000000568
686.541000000000568
686.735000000000568
686.880000000000568
687.044000000000568
687.219000000000569
687.403000000000569
687.844000000000569
688.004000000000569
688.17200000000057
688.34400000000057
688.50500000000057
688.67500000000057
688.85300000000057
689.02900000000057
689.19000000000057
689.362000000000571
689.544000000000571
689.720000000000571
689.900000000000571
690.332000000000571
690.494000000000572
690.670000000000572
690.845000000000572
691.019000000000572
691.208000000000572
691.953000000000573
692.113000000000573
692.281000000000573
692.462000000000573
692.630000000000574
692.802000000000574
702.206000000000582
702.342000000000582
702.482000000000582
702.629000000000582
702.787000000000582
702.946000000000583
703.118000000000583
705.834000000000585
708.514000000000588
709.206000000000588
709.868000000000589
710.386000000000589
759.043000000000632
759.166000000000633
759.307000000000633
759.447000000000633
759.591000000000633
759.740000000000633
759.874000000000633
760.023000000000633
760.158000000000633
760.314000000000634
760.464000000000634
760.596000000000634
760.766000000000634
760.908000000000634
761.038000000000634
761.211000000000634
761.356000000000634
761.517000000000635
761.683000000000635
761.833000000000635
761.990000000000635
762.153000000000635
762.332000000000635
762.863000000000636
763.023000000000636
763.193000000000636
763.369000000000636
763.516000000000636
763.688000000000637
763.844000000000637
763.996000000000637
764.157000000000637
764.324000000000637
764.483000000000637
764.655000000000638
764.810000000000638
764.982000000000638
765.158000000000638
765.337000000000638
766.058000000000639
766.222000000000639
766.393000000000639
766.555000000000639
766.724000000000639
766.898000000000639
767.06000000000064
767.23400000000064
767.41500000000064
767.59300000000064
767.77900000000064
767.93800000000064
768.11500000000064
768.288000000000641
768.482000000000641
768.661000000000641
769.383000000000642
769.537000000000642
769.702000000000642
769.882000000000642
770.052000000000642
770.230000000000642
770.392000000000643
770.563000000000643
770.753000000000643
770.927000000000643
771.112000000000643
771.297000000000643
771.466000000000644
771.668000000000644
771.835000000000644
772.531000000000644
772.708000000000645
772.913000000000645
773.059000000000645
773.251000000000645
773.434000000000645
773.630000000000645
773.820000000000646
773.997000000000646
774.177000000000646
774.351000000000646
774.531000000000646
774.681000000000646
774.879000000000647
775.066000000000647
775.262000000000647
775.440000000000647
775.623000000000647
775.800000000000647
775.971000000000648
776.127000000000648
776.311000000000648
776.486000000000648
776.667000000000648
776.854000000000648
777.766000000000649
777.921000000000649
778.102000000000649
778.28800000000065
778.46600000000065
778.65100000000065
778.83200000000065
779.01700000000065
779.20100000000065
779.389000000000651
779.581000000000651
780.732000000000652
780.873000000000652
781.034000000000652
781.202000000000652
781.375000000000652
781.545000000000652
781.722000000000653
781.890000000000653
782.065000000000653
794.860000000000664
794.992000000000664
795.148000000000665
795.311000000000665
795.463000000000665
795.629000000000665
795.794000000000665
795.953000000000665
796.111000000000665
796.275000000000666
796.840000000000666
797.008000000000666
797.189000000000666
797.353000000000666
797.528000000000667
797.693000000000667
797.882000000000667
798.027000000000667
798.219000000000667
798.388000000000667
798.548000000000668
798.712000000000668
798.875000000000668
799.055000000000668
799.237000000000668
799.392000000000668
799.549000000000668
799.751000000000669
799.963000000000669
800.152000000000669
800.336000000000669
800.510000000000669
800.679000000000669
801.23700000000067
801.40500000000067
801.58000000000067
801.73700000000067
801.914000000000671
802.081000000000671
802.278000000000671
802.466000000000671
802.650000000000671
802.837000000000671
803.023000000000672
886.035000000000745
886.289000000000746
886.423000000000746
886.573000000000746
886.724000000000746
886.873000000000746
887.020000000000746
887.416000000000746
887.566000000000747
887.718000000000747
887.869000000000747
888.034000000000747
888.167000000000747
888.310000000000747
888.484000000000748
888.642000000000748
888.820000000000748
888.999000000000748
889.408000000000748
889.568000000000748
889.730000000000749
889.993000000000749
890.181000000000749
890.360000000000749
890.537000000000749
890.717000000000749
890.88100000000075
891.67300000000075
891.83400000000075
891.982000000000751
892.153000000000751
892.413000000000751
892.573000000000751
892.757000000000751
892.924000000000751
893.931000000000752
894.098000000000752
894.261000000000753
894.440000000000753
899.237000000000757
917.582000000000773
917.724000000000773
917.882000000000774
918.052000000000774
918.211000000000774
918.369000000000774
918.648000000000774
918.824000000000774
918.976000000000775
919.137000000000775
919.295000000000775
919.455000000000775
919.601000000000775
919.759000000000775
919.934000000000775
920.104000000000776
920.235000000000776
920.411000000000776
920.832000000000776
921.012000000000776
921.191000000000776
921.370000000000777
922.115000000000777
922.273000000000777
922.446000000000778
922.617000000000778
922.794000000000778
924.181000000000779
924.320000000000779
924.488000000000779
924.65800000000078
924.83200000000078
925.13900000000078
1055.9800000000009
1056.1000000000009
1056.2430000000009
1056.3880000000009
1056.7750000000009
1056.9210000000009
1057.3700000000009
1057.5090000000009
1061.9020000000009
1062.1830000000009
1062.3460000000009
1062.6060000000009
1063.5330000000009
1063.7330000000009
1064.0720000000009
1065.8460000000009
1066.47000000000091
1066.86900000000091
1067.14600000000091
1068.00000000000091
1068.13900000000091
1068.57900000000091
1132.20000000000096
1133.54700000000097
1133.83300000000097
1134.08100000000097
1134.48800000000097
1134.56800000000097
1134.69400000000097
1134.86700000000097
1135.01400000000097
1135.18600000000097
1135.37600000000097
1135.51700000000097
1135.92300000000097
1136.09000000000097
1136.66000000000097
1136.82300000000097
1136.94600000000097
1137.10800000000097
1137.28000000000097
1137.40200000000097
1137.56100000000097
1137.69300000000097
1137.84400000000097
1138.00100000000097
1139.10800000000097
1139.26200000000097
1139.42300000000097
1140.41000000000097
1140.56700000000097
1140.74400000000097
1140.91800000000097
1141.08300000000097
1141.37200000000097
1141.56200000000097
1141.70200000000097
1142.95900000000097
1143.47300000000097
1143.74000000000097
1143.98300000000097
1145.52800000000098
1145.71500000000098
2280.2749999999762
2281.02399999997611
2281.1399999999761
2283.33799999997586
2284.13899999997577
-4
204.69100000000014
208.222000000000143
208.420000000000143
208.569000000000144
208.736000000000144
208.894000000000144
209.057000000000144
209.514000000000144
209.662000000000145
209.824000000000145
209.991000000000145
210.175000000000145
210.345000000000145
210.514000000000145
210.670000000000145
211.510000000000146
211.678000000000146
211.848000000000147
212.018000000000147
212.195000000000147
212.362000000000147
213.220000000000148
213.396000000000148
213.577000000000148
213.775000000000148
213.971000000000148
214.147000000000149
214.333000000000149
214.523000000000149
214.703000000000149
214.873000000000149
215.056000000000149
215.25000000000015
215.44500000000015
215.63400000000015
215.85100000000015
216.02000000000015
216.20700000000015
216.381000000000151
216.565000000000151
216.758000000000151
216.969000000000151
217.239000000000151
217.408000000000151
218.461000000000152
218.619000000000153
218.791000000000153
218.977000000000153
219.157000000000153
219.352000000000153
219.540000000000153
219.759000000000154
219.951000000000154
220.169000000000154
220.357000000000154
220.550000000000154
220.711000000000154
220.893000000000155
221.062000000000155
221.223000000000155
221.357000000000155
222.136000000000156
222.302000000000156
222.480000000000156
222.665000000000156
222.856000000000156
223.054000000000156
223.244000000000157
223.427000000000157
223.599000000000157
223.781000000000157
223.956000000000157
224.156000000000157
224.333000000000158
224.510000000000158
224.751000000000158
224.929000000000158
225.160000000000158
225.315000000000158
225.471000000000159
225.641000000000159
225.955000000000159
226.159000000000159
226.340000000000159
227.38300000000016
227.54500000000016
227.721000000000161
227.906000000000161
228.099000000000161
228.361000000000161
228.526000000000161
228.709000000000162
230.368000000000163
230.544000000000163
230.731000000000163
230.903000000000163
231.079000000000164
231.258000000000164
231.420000000000164
231.587000000000164
231.758000000000164
231.928000000000164
232.614000000000165
232.780000000000165
232.961000000000165
233.126000000000165
233.367000000000166
233.553000000000166
233.713000000000166
233.883000000000166
234.091000000000166
235.499000000000168
235.683000000000168
235.838000000000168
236.016000000000168
236.203000000000168
236.357000000000168
236.679000000000169
236.852000000000169
237.046000000000169
237.238000000000169
237.401000000000169
237.593000000000169
237.79500000000017
238.39100000000017
240.802000000000172
242.049000000000173
242.529000000000174
242.671000000000174
242.811000000000174
243.157000000000174
243.313000000000174
243.467000000000175
243.610000000000175
243.764000000000175
243.909000000000175
261.939000000000191
262.102000000000191
262.270000000000191
262.442000000000191
262.600000000000192
262.762000000000192
262.922000000000192
263.335000000000192
263.495000000000192
263.661000000000193
263.827000000000193
263.984000000000193
264.532000000000193
264.699000000000193
264.883000000000194
265.048000000000194
265.224000000000194
265.391000000000194
265.553000000000194
265.698000000000194
266.013000000000195
266.203000000000195
266.370000000000195
266.539000000000195
266.726000000000195
266.912000000000195
267.054000000000196
267.458000000000196
267.615000000000196
267.788000000000196
267.972000000000196
268.161000000000197
268.344000000000197
268.538000000000197
268.745000000000197
268.921000000000197
269.113000000000197
269.275000000000198
269.430000000000198
269.619000000000198
269.786000000000198
285.125000000000212
285.285000000000212
285.434000000000212
285.587000000000212
285.744000000000212
285.892000000000212
286.043000000000212
286.191000000000213
286.468000000000213
286.607000000000213
286.769000000000213
286.938000000000213
287.098000000000213
287.270000000000213
287.451000000000214
287.620000000000214
287.776000000000214
287.940000000000214
289.047000000000215
289.206000000000215
289.367000000000215
289.531000000000216
289.693000000000216
289.859000000000216
290.022000000000216
290.201000000000216
290.369000000000216
290.534000000000216
290.711000000000217
290.883000000000217
291.904000000000218
292.057000000000218
292.225000000000218
292.387000000000218
292.546000000000218
292.742000000000218
292.927000000000219
293.111000000000219
293.275000000000219
293.463000000000219
293.627000000000219
294.05100000000022
294.27400000000022
294.43100000000022
294.58500000000022
294.75400000000022
294.91100000000022
295.09000000000022
295.269000000000221
295.460000000000221
295.622000000000221
295.787000000000221
295.966000000000221
296.151000000000221
296.348000000000222
296.526000000000222
296.703000000000222
296.866000000000222
297.051000000000222
297.224000000000222
297.392000000000222
297.588000000000223
297.761000000000223
297.936000000000223
298.135000000000223
298.295000000000223
298.461000000000223
299.218000000000224
299.383000000000224
299.555000000000224
299.730000000000225
299.908000000000225
300.091000000000225
300.279000000000225
300.486000000000225
300.655000000000225
300.826000000000226
301.005000000000226
301.175000000000226
301.346000000000226
301.494000000000226
301.676000000000226
302.124000000000227
302.295000000000227
302.461000000000227
302.632000000000227
302.805000000000227
302.990000000000227
303.133000000000228
303.955000000000228
304.119000000000228
304.287000000000229
304.456000000000229
304.628000000000229
304.800000000000229
304.985000000000229
305.172000000000229
305.34400000000023
305.53800000000023
305.70600000000023
305.89700000000023
306.08500000000023
306.28200000000023
306.458000000000231
306.636000000000231
306.803000000000231
306.983000000000231
307.174000000000231
307.358000000000231
307.543000000000232
307.734000000000232
307.896000000000232
308.065000000000232
308.221000000000232
308.631000000000232
308.988000000000233
309.152000000000233
309.325000000000233
309.499000000000233
309.674000000000233
309.850000000000234
310.035000000000234
310.336000000000234
310.525000000000234
310.697000000000234
310.861000000000234
311.035000000000235
311.213000000000235
311.406000000000235
311.581000000000235
311.759000000000235
311.940000000000235
312.137000000000236
312.321000000000236
312.519000000000236
312.683000000000236
312.865000000000236
313.040000000000236
315.722000000000239
315.885000000000239
316.060000000000239
316.230000000000239
316.386000000000239
316.56500000000024
316.73400000000024
317.49900000000024
317.65500000000024
317.813000000000241
318.022000000000241
318.200000000000241
318.369000000000241
318.534000000000241
318.717000000000241
318.892000000000242
319.072000000000242
319.265000000000242
319.430000000000242
319.627000000000242
319.809000000000242
319.995000000000243
320.210000000000243
320.379000000000243
320.953000000000243
321.117000000000244
321.302000000000244
321.477000000000244
321.648000000000244
321.832000000000244
322.005000000000244
322.184000000000244
322.362000000000245
322.516000000000245
322.714000000000245
322.919000000000245
323.075000000000245
323.260000000000245
323.431000000000246
323.633000000000246
323.795000000000246
323.992000000000246
324.174000000000246
324.373000000000246
324.562000000000247
324.748000000000247
324.938000000000247
325.140000000000247
325.337000000000247
325.527000000000247
325.712000000000248
325.885000000000248
326.090000000000248
326.281000000000248
326.467000000000248
326.650000000000248
326.833000000000249
327.015000000000249
327.207000000000249
327.390000000000249
327.584000000000249
327.764000000000249
329.404000000000251
329.562000000000251
329.740000000000251
329.902000000000251
330.075000000000252
330.247000000000252
330.424000000000252
334.722000000000256
335.875000000000257
336.033000000000257
336.205000000000257
336.382000000000257
336.555000000000257
336.723000000000257
336.890000000000258
337.057000000000258
337.224000000000258
337.397000000000258
381.322000000000297
381.451000000000297
381.595000000000297
381.750000000000297
381.898000000000298
382.049000000000298
382.197000000000298
382.342000000000298
382.495000000000298
382.648000000000298
382.800000000000298
382.957000000000298
383.111000000000299
383.268000000000299
383.428000000000299
383.572000000000299
383.736000000000299
383.907000000000299
384.066000000000299
384.2290000000003
384.3970000000003
384.5780000000003
384.7340000000003
384.9280000000003
385.0910000000003
385.260000000000301
385.424000000000301
385.576000000000301
385.759000000000301
385.930000000000301
386.094000000000301
386.409000000000302
386.573000000000302
386.741000000000302
386.913000000000302
387.089000000000302
387.265000000000302
387.446000000000302
387.594000000000303
388.500000000000303
388.657000000000304
388.826000000000304
388.997000000000304
389.162000000000304
389.313000000000304
389.492000000000304
389.679000000000304
389.848000000000305
389.987000000000305
390.121000000000305
390.309000000000305
390.485000000000305
390.664000000000305
390.826000000000305
391.003000000000306
391.188000000000306
391.331000000000306
392.402000000000307
392.562000000000307
392.726000000000307
392.894000000000307
393.060000000000307
393.232000000000308
393.405000000000308
393.587000000000308
393.765000000000308
393.942000000000308
394.121000000000308
394.261000000000309
394.408000000000309
394.612000000000309
394.828000000000309
395.008000000000309
395.206000000000309
395.40600000000031
395.56700000000031
396.04700000000031
396.19800000000031
396.37900000000031
396.567000000000311
396.741000000000311
396.916000000000311
397.090000000000311
397.264000000000311
397.426000000000311
397.632000000000312
397.812000000000312
398.143000000000312
398.318000000000312
398.494000000000312
398.668000000000312
398.861000000000313
399.046000000000313
399.221000000000313
399.367000000000313
399.553000000000313
399.745000000000313
399.920000000000314
400.102000000000314
400.280000000000314
401.038000000000315
401.209000000000315
401.378000000000315
401.549000000000315
401.720000000000315
401.898000000000315
402.075000000000315
402.281000000000316
402.470000000000316
402.664000000000316
402.844000000000316
403.018000000000316
403.147000000000316
403.640000000000317
403.809000000000317
403.989000000000317
404.179000000000317
404.354000000000317
404.535000000000318
404.707000000000318
404.860000000000318
405.027000000000318
405.216000000000318
405.402000000000318
405.579000000000319
405.711000000000319
407.19100000000032
407.34100000000032
407.50900000000032
407.69100000000032
407.896000000000321
408.075000000000321
408.275000000000321
408.458000000000321
408.629000000000321
408.802000000000321
408.987000000000322
409.163000000000322
409.353000000000322
409.536000000000322
409.711000000000322
409.853000000000322
410.618000000000323
410.788000000000323
411.097000000000323
411.276000000000324
412.082000000000324
412.257000000000324
412.437000000000325
412.616000000000325
412.801000000000325
412.990000000000325
413.161000000000325
413.350000000000325
413.534000000000326
415.042000000000327
457.360000000000365
457.501000000000365
457.651000000000365
457.793000000000365
457.946000000000365
458.098000000000365
458.251000000000365
458.407000000000365
458.561000000000366
458.717000000000366
458.862000000000366
459.011000000000366
459.152000000000366
459.317000000000366
459.475000000000366
459.633000000000367
459.793000000000367
459.938000000000367
460.507000000000367
460.652000000000367
460.814000000000368
461.002000000000368
461.156000000000368
461.303000000000368
461.462000000000368
461.628000000000368
461.811000000000368
461.984000000000369
462.142000000000369
462.317000000000369
462.483000000000369
462.660000000000369
462.829000000000369
463.26500000000037
463.42300000000037
463.60000000000037
463.75400000000037
463.92100000000037
464.111000000000371
464.274000000000371
464.444000000000371
464.576000000000371
465.051000000000371
465.211000000000372
465.379000000000372
465.541000000000372
465.712000000000372
465.882000000000372
466.051000000000372
466.219000000000372
466.379000000000373
467.246000000000373
467.418000000000374
467.586000000000374
467.760000000000374
467.950000000000374
468.138000000000374
468.323000000000374
468.501000000000374
468.680000000000375
468.867000000000375
469.045000000000375
469.824000000000376
469.984000000000376
470.160000000000376
470.320000000000376
470.492000000000376
470.664000000000376
470.846000000000377
471.041000000000377
471.512000000000377
471.688000000000377
471.871000000000377
472.037000000000378
472.220000000000378
472.407000000000378
472.560000000000378
472.736000000000378
472.920000000000378
473.094000000000379
476.290000000000381
476.445000000000382
476.603000000000382
476.763000000000382
476.920000000000382
477.073000000000382
477.233000000000382
477.399000000000382
477.563000000000382
477.733000000000383
479.176000000000384
479.338000000000384
479.502000000000384
479.669000000000384
479.834000000000385
479.992000000000385
480.153000000000385
480.330000000000385
480.511000000000385
480.678000000000385
480.860000000000385
481.052000000000386
481.913000000000386
482.108000000000387
482.279000000000387
482.464000000000387
482.639000000000387
482.819000000000387
483.006000000000387
483.155000000000387
483.303000000000388
483.467000000000388
483.680000000000388
483.883000000000388
484.073000000000388
484.258000000000388
484.436000000000389
484.616000000000389
484.790000000000389
484.970000000000389
485.125000000000389
485.309000000000389
485.50600000000039
485.70400000000039
485.88300000000039
486.08100000000039
486.26100000000039
486.41100000000039
487.066000000000391
487.228000000000391
487.399000000000391
487.572000000000391
487.767000000000392
487.950000000000392
488.130000000000392
488.309000000000392
488.480000000000392
488.690000000000392
488.869000000000393
489.067000000000393
489.256000000000393
489.436000000000393
489.619000000000393
489.813000000000393
490.003000000000394
490.179000000000394
490.363000000000394
490.559000000000394
490.740000000000394
490.920000000000394
491.110000000000395
491.253000000000395
491.415000000000395
492.032000000000395
492.192000000000396
492.375000000000396
492.558000000000396
492.733000000000396
492.817000000000396
492.961000000000396
493.136000000000396
493.308000000000396
493.479000000000397
493.615000000000397
494.089000000000397
494.274000000000397
494.473000000000398
494.644000000000398
494.867000000000398
495.051000000000398
495.241000000000398
495.421000000000398
495.611000000000399
495.791000000000399
495.983000000000399
496.170000000000399
496.387000000000399
496.578000000000399
496.7400000000004
496.8920000000004
497.1070000000004
497.3120000000004
497.5270000000004
497.6970000000004
497.918000000000401
498.126000000000401
498.314000000000401
498.509000000000401
498.697000000000401
498.888000000000401
499.063000000000402
499.242000000000402
499.427000000000402
499.565000000000402
500.217000000000403
500.381000000000403
500.586000000000403
500.765000000000403
500.949000000000403
501.136000000000403
501.316000000000404
501.495000000000404
501.693000000000404
501.883000000000404
502.114000000000404
502.310000000000404
502.532000000000405
502.741000000000405
502.951000000000405
503.142000000000405
504.630000000000407
504.789000000000407
504.952000000000407
505.115000000000407
505.297000000000407
505.474000000000407
505.733000000000408
505.884000000000408
506.056000000000408
506.229000000000408
506.402000000000408
507.100000000000409
507.271000000000409
507.454000000000409
508.07000000000041
509.495000000000411
509.815000000000411
510.311000000000412
510.719000000000412
511.908000000000413
512.547000000000414
513.554000000000414
514.872000000000416
515.026000000000416
515.179000000000416
515.330000000000416
515.481000000000416
515.635000000000416
515.799000000000416
515.965000000000417
516.126000000000417
516.298000000000417
516.466000000000417
516.633000000000417
518.259000000000419
518.408000000000419
518.568000000000419
518.730000000000419
518.898000000000419
519.065000000000419
519.234000000000419
519.39900000000042
519.57200000000042
519.74000000000042
519.91800000000042
520.525000000000421
520.697000000000421
520.865000000000421
521.032000000000421
521.215000000000421
521.697000000000422
522.027000000000422
522.204000000000422
522.359000000000422
522.521000000000422
522.704000000000423
522.878000000000423
523.062000000000423
523.231000000000423
523.413000000000423
523.602000000000423
523.785000000000424
523.957000000000424
524.146000000000424
524.330000000000424
524.498000000000424
524.688000000000424
524.885000000000424
525.060000000000425
525.219000000000425
525.417000000000425
525.625000000000425
525.806000000000425
525.996000000000426
526.176000000000426
526.384000000000426
526.567000000000426
526.752000000000426
526.949000000000426
527.137000000000426
527.326000000000427
527.505000000000427
527.688000000000427
527.875000000000427
528.023000000000427
529.123000000000428
529.286000000000428
529.465000000000429
529.648000000000429
529.828000000000429
530.017000000000429
530.200000000000429
530.381000000000429
530.57500000000043
530.75200000000043
530.91200000000043
531.11100000000043
531.32600000000043
531.39300000000043
531.51800000000043
531.708000000000431
531.901000000000431
532.089000000000431
532.278000000000431
532.479000000000431
532.671000000000431
532.745000000000432
532.894000000000432
532.957000000000432
533.115000000000432
533.304000000000432
533.484000000000432
533.657000000000432
533.805000000000432
534.427000000000433
534.606000000000433
534.797000000000433
534.978000000000434
535.157000000000434
535.344000000000434
535.537000000000434
535.710000000000434
535.886000000000434
536.059000000000434
536.248000000000435
536.429000000000435
536.619000000000435
536.799000000000435
536.984000000000435
537.164000000000435
537.350000000000436
537.553000000000436
537.731000000000436
537.911000000000436
538.124000000000436
538.317000000000436
539.934000000000438
540.091000000000438
540.268000000000438
540.430000000000438
540.610000000000438
540.784000000000439
540.965000000000439
541.135000000000439
541.443000000000439
541.633000000000439
541.80500000000044
541.97100000000044
542.15000000000044
542.31100000000044
542.49300000000044
542.67900000000044
542.88600000000044
543.072000000000441
543.264000000000441
543.402000000000441
544.062000000000442
544.217000000000442
544.397000000000442
544.574000000000442
544.750000000000442
544.940000000000442
545.128000000000442
545.323000000000443
545.534000000000443
545.682000000000443
545.870000000000443
546.057000000000443
546.244000000000443
546.442000000000444
546.631000000000444
546.961000000000444
547.149000000000444
547.329000000000444
547.501000000000445
547.745000000000445
547.926000000000445
548.082000000000445
548.238000000000445
548.413000000000445
548.583000000000446
548.756000000000446
548.946000000000446
549.013000000000446
549.225000000000446
549.357000000000446
549.526000000000446
549.694000000000447
549.882000000000447
550.064000000000447
550.535000000000447
550.678000000000447
550.817000000000448
550.988000000000448
551.128000000000448
551.345000000000448
551.520000000000448
551.706000000000448
551.886000000000448
552.314000000000449
552.925000000000449
553.08900000000045
553.25300000000045
553.42000000000045
553.59100000000045
553.76900000000045
553.94500000000045
554.11800000000045
554.295000000000451
554.478000000000451
554.675000000000451
554.938000000000451
555.056000000000451
555.267000000000452
555.447000000000452
555.617000000000452
556.316000000000452
556.481000000000453
556.670000000000453
556.847000000000453
557.032000000000453
557.220000000000453
557.426000000000453
557.617000000000454
557.801000000000454
557.978000000000454
558.155000000000454
558.329000000000454
559.287000000000455
559.438000000000455
559.605000000000455
559.771000000000456
559.948000000000456
560.123000000000456
560.295000000000456
560.478000000000456
560.649000000000456
560.837000000000456
561.018000000000457
561.202000000000457
561.413000000000457
561.594000000000457
561.757000000000457
561.928000000000457
562.110000000000458
562.298000000000458
562.491000000000458
562.673000000000458
562.851000000000458
563.033000000000458
563.221000000000459
563.411000000000459
563.596000000000459
563.791000000000459
563.986000000000459
564.219000000000459
564.40500000000046
564.54300000000046
564.71900000000046
564.90400000000046
565.11900000000046
565.40400000000046
565.520000000000461
565.714000000000461
565.911000000000461
566.090000000000461
566.268000000000461
566.448000000000461
566.661000000000462
566.838000000000462
567.021000000000462
567.153000000000462
567.320000000000462
567.526000000000462
567.747000000000463
567.795000000000463
567.951000000000463
568.011000000000463
568.160000000000463
568.363000000000463
568.680000000000463
568.871000000000464
569.064000000000464
569.377000000000464
569.550000000000464
569.770000000000464
569.956000000000464
570.154000000000465
570.328000000000465
570.509000000000465
570.691000000000465
570.894000000000465
571.065000000000466
571.260000000000466
571.438000000000466
571.633000000000466
572.437000000000467
572.610000000000467
572.797000000000467
572.969000000000467
573.142000000000467
573.326000000000468
573.502000000000468
573.692000000000468
573.880000000000468
574.066000000000468
574.255000000000468
574.450000000000469
576.14600000000047
577.151000000000471
577.302000000000471
577.477000000000471
577.655000000000471
577.814000000000472
577.986000000000472
578.162000000000472
578.325000000000472
578.488000000000472
578.651000000000472
578.794000000000472
578.969000000000473
579.135000000000473
579.312000000000473
579.494000000000473
579.675000000000473
581.091000000000474
581.247000000000475
581.413000000000475
581.586000000000475
581.757000000000475
581.924000000000475
582.099000000000475
582.275000000000476
582.457000000000476
582.624000000000476
582.791000000000476
582.970000000000476
583.126000000000476
676.311000000000559
676.460000000000559
676.599000000000559
676.737000000000559
676.87300000000056
677.00500000000056
677.15300000000056
677.29800000000056
677.44800000000056
677.57400000000056
677.73600000000056
677.89300000000056
678.050000000000561
678.171000000000561
678.309000000000561
678.488000000000561
678.601000000000561
678.776000000000561
678.929000000000561
679.100000000000562
679.246000000000562
679.421000000000562
679.570000000000562
679.748000000000562
679.869000000000562
680.050000000000562
680.217000000000562
680.382000000000563
680.553000000000563
680.991000000000563
681.164000000000563
681.326000000000563
681.452000000000564
681.634000000000564
681.827000000000564
681.991000000000564
682.160000000000564
682.296000000000564
682.758000000000565
682.934000000000565
683.092000000000565
683.263000000000565
683.432000000000565
683.587000000000565
683.734000000000566
683.950000000000566
684.139000000000566
684.304000000000566
684.525000000000566
684.684000000000566
684.861000000000567
685.572000000000567
685.747000000000567
685.917000000000568
686.088000000000568
686.263000000000568
686.432000000000568
686.619000000000568
686.778000000000568
686.937000000000568
687.115000000000569
687.291000000000569
687.427000000000569
687.895000000000569
688.067000000000569
688.23600000000057
688.40100000000057
688.57200000000057
688.75000000000057
688.92500000000057
689.08300000000057
689.26500000000057
689.443000000000571
689.617000000000571
689.800000000000571
689.926000000000571
690.383000000000572
690.567000000000572
690.745000000000572
690.920000000000572
691.105000000000572
691.284000000000572
692.018000000000573
692.168000000000573
692.356000000000573
692.530000000000573
692.702000000000574
692.881000000000574
702.250000000000582
702.401000000000582
702.544000000000582
702.699000000000582
702.852000000000583
703.009000000000583
703.168000000000583
705.863000000000585
708.594000000000588
709.262000000000588
709.947000000000589
710.480000000000589
759.084000000000632
759.230000000000633
759.370000000000633
759.512000000000633
759.655000000000633
759.798000000000633
759.934000000000633
760.067000000000633
760.220000000000634
760.364000000000634
760.497000000000634
760.660000000000634
760.822000000000634
760.947000000000634
761.111000000000634
761.258000000000634
761.426000000000635
761.591000000000635
761.728000000000635
761.882000000000635
762.037000000000635
762.229000000000635
762.364000000000635
762.924000000000636
763.072000000000636
763.247000000000636
763.410000000000636
763.581000000000636
763.739000000000637
763.888000000000637
764.059000000000637
764.223000000000637
764.385000000000637
764.554000000000637
764.709000000000638
764.881000000000638
765.058000000000638
765.235000000000638
765.387000000000638
766.116000000000639
766.288000000000639
766.453000000000639
766.621000000000639
766.790000000000639
766.96500000000064
767.13100000000064
767.31100000000064
767.49300000000064
767.67300000000064
767.83100000000064
768.00800000000064
768.178000000000641
768.372000000000641
768.561000000000641
768.697000000000641
769.436000000000642
769.603000000000642
769.774000000000642
769.953000000000642
770.122000000000642
770.292000000000642
770.463000000000643
770.647000000000643
770.825000000000643
771.007000000000643
771.191000000000643
771.359000000000643
771.546000000000644
771.728000000000644
771.867000000000644
772.602000000000645
772.788000000000645
772.957000000000645
773.138000000000645
773.333000000000645
773.522000000000645
773.713000000000646
773.893000000000646
774.068000000000646
774.242000000000646
774.423000000000646
774.578000000000646
774.767000000000646
774.962000000000647
775.147000000000647
775.332000000000647
775.513000000000647
775.681000000000647
775.860000000000647
776.011000000000648
776.201000000000648
776.382000000000648
776.561000000000648
776.748000000000648
776.931000000000648
777.824000000000649
778.002000000000649
778.182000000000649
778.36500000000065
778.54400000000065
778.72200000000065
778.90800000000065
779.09700000000065
779.28300000000065
779.465000000000651
779.616000000000651
780.787000000000652
780.943000000000652
781.108000000000652
781.284000000000652
781.452000000000652
781.621000000000653
781.791000000000653
781.959000000000653
782.095000000000653
794.913000000000664
795.061000000000664
795.223000000000665
795.382000000000665
795.536000000000665
795.699000000000665
795.859000000000665
796.013000000000665
796.172000000000665
796.341000000000666
796.902000000000666
797.091000000000666
797.262000000000666
797.429000000000667
797.589000000000667
797.752000000000667
797.917000000000667
798.115000000000667
798.299000000000667
798.441000000000667
798.599000000000668
798.764000000000668
798.953000000000668
799.121000000000668
799.284000000000668
799.444000000000668
799.631000000000668
799.831000000000669
800.057000000000669
800.234000000000669
800.401000000000669
800.582000000000669
800.71000000000067
801.30600000000067
801.47500000000067
801.62800000000067
801.80900000000067
801.984000000000671
802.155000000000671
802.356000000000671
802.557000000000671
802.742000000000671
802.927000000000671
803.092000000000672
886.050000000000745
886.332000000000746
886.491000000000746
886.641000000000746
886.790000000000746
886.939000000000746
887.076000000000746
887.473000000000746
887.622000000000747
887.775000000000747
887.935000000000747
888.065000000000747
888.207000000000747
888.369000000000747
888.559000000000748
888.714000000000748
888.895000000000748
889.036000000000748
889.470000000000748
889.626000000000748
889.762000000000749
890.068000000000749
890.252000000000749
890.429000000000749
890.618000000000749
890.775000000000749
890.90100000000075
891.73500000000075
891.88000000000075
892.045000000000751
892.180000000000751
892.472000000000751
892.653000000000751
892.821000000000751
892.977000000000751
893.993000000000752
894.153000000000752
894.314000000000753
894.457000000000753
899.250000000000757
917.636000000000773
917.795000000000774
917.949000000000774
918.108000000000774
918.274000000000774
918.432000000000774
918.708000000000774
918.879000000000774
919.039000000000775
919.192000000000775
919.350000000000775
919.493000000000775
919.624000000000775
919.825000000000775
919.993000000000775
920.119000000000776
920.300000000000776
920.465000000000776
920.908000000000776
921.078000000000776
921.258000000000777
921.434000000000777
922.163000000000777
922.337000000000778
922.513000000000778
922.682000000000778
922.859000000000778
924.223000000000779
924.388000000000779
924.54900000000078
924.72900000000078
924.89500000000078
925.21100000000078
1056.0100000000009
1056.1580000000009
1056.2970000000009
1056.4420000000009
1056.8190000000009
1056.9580000000009
1057.4120000000009
1057.5270000000009
1061.9660000000009
1062.2450000000009
1062.3890000000009
1062.6640000000009
1063.5870000000009
1063.7850000000009
1064.1180000000009
1065.8820000000009
1066.51400000000091
1066.96900000000091
1067.20500000000091
1068.04300000000091
1068.19500000000091
1068.62800000000091
1132.23100000000096
1133.60700000000097
1133.91700000000097
1134.11100000000097
1134.56400000000097
1134.57300000000097
1134.74800000000097
1134.92100000000097
1135.07700000000097
1135.25500000000097
1135.42700000000097
1135.60000000000097
1135.99700000000097
1136.14800000000097
1136.71500000000097
1136.84000000000097
1137.01000000000097
1137.18000000000097
1137.29800000000097
1137.45900000000097
1137.58800000000097
1137.73900000000097
1137.89700000000097
1138.06700000000097
1139.16100000000097
1139.31700000000097
1139.46600000000097
1140.45600000000097
1140.62700000000097
1140.80400000000097
1140.97200000000097
1141.12800000000097
1141.44400000000097
1141.58500000000097
1141.73000000000097
1143.00500000000097
1143.57900000000097
1143.79700000000097
1144.01800000000097
1145.57100000000098
1145.74300000000098
2280.31599999997619
2281.06699999997611
2281.1909999999761
2283.38799999997585
2284.18299999997577
0
0
0
0
0
0
0
0
0
0
0
0
0
3600.00099999983085
0
0
0
0
0
0
