2
25
19
2
25
19
IPP3.10
test 1
0
2
10
53
46
11
55
39
22
4
.3
1
223
223
1
75
75
1
1
1
1
1
1
1
1
1
1
1
1
1
1
1
1
1
1
1
1
222
-1
12.13100000000000024
12.52400000000000025
64.6530000000000158
64.8060000000000159
64.953000000000016
65.1130000000000162
65.2660000000000163
65.4360000000000165
65.8420000000000168
66.012000000000017
66.1660000000000171
66.3570000000000173
66.5330000000000174
66.7280000000000176
66.9130000000000178
67.102000000000018
67.2860000000000181
67.4430000000000183
67.8550000000000186
68.0530000000000188
68.227000000000019
68.3760000000000191
68.5660000000000192
68.7520000000000194
68.9190000000000196
69.1110000000000197
69.2670000000000199
69.45500000000002
69.6590000000000202
69.7970000000000203
70.6720000000000211
70.8200000000000213
70.9950000000000214
71.1830000000000216
71.3740000000000217
71.5670000000000219
71.7610000000000221
71.9510000000000223
73.0910000000000233
73.2680000000000234
73.4590000000000236
73.6680000000000238
73.856000000000024
74.0090000000000241
74.2020000000000243
76.9250000000000267
77.0670000000000268
77.244000000000027
77.4260000000000271
77.6230000000000273
77.8260000000000275
78.0210000000000276
78.2210000000000278
109.3960000000000555
109.5190000000000556
109.6830000000000558
109.8540000000000559
160.075000000000101
160.232000000000101
160.377000000000101
160.545000000000101
163.886000000000104
164.042000000000104
164.206000000000104
164.377000000000104
164.551000000000105
164.742000000000105
164.901000000000105
165.086000000000105
165.243000000000105
165.574000000000105
165.794000000000106
165.916000000000106
166.102000000000106
168.357000000000108
168.511000000000108
168.685000000000108
168.868000000000108
169.051000000000108
169.227000000000109
169.416000000000109
169.545000000000109
169.741000000000109
169.919000000000109
170.092000000000109
170.28300000000011
170.49000000000011
170.68200000000011
170.82900000000011
171.00900000000011
171.20800000000011
171.352000000000111
171.564000000000111
171.767000000000111
171.962000000000111
172.146000000000111
172.340000000000111
172.550000000000112
172.723000000000112
172.911000000000112
173.130000000000112
173.284000000000112
173.450000000000112
173.594000000000113
173.790000000000113
174.005000000000113
174.341000000000113
174.505000000000113
174.697000000000114
174.893000000000114
175.065000000000114
175.259000000000114
175.465000000000114
175.668000000000114
175.863000000000115
176.049000000000115
176.241000000000115
176.697000000000115
176.861000000000115
177.056000000000116
177.260000000000116
177.465000000000116
177.671000000000116
177.886000000000116
178.087000000000117
178.295000000000117
178.498000000000117
178.702000000000117
178.925000000000117
179.133000000000117
179.341000000000118
179.558000000000118
179.771000000000118
180.008000000000118
180.217000000000118
180.364000000000119
180.582000000000119
180.765000000000119
180.966000000000119
181.176000000000119
181.400000000000119
181.90900000000012
182.08600000000012
182.28800000000012
182.48700000000012
182.685000000000121
182.908000000000121
183.604000000000121
183.775000000000122
183.963000000000122
184.164000000000122
184.377000000000122
184.581000000000122
184.801000000000122
185.016000000000123
185.301000000000123
185.506000000000123
189.677000000000127
189.826000000000127
190.012000000000127
190.199000000000127
190.394000000000127
190.594000000000128
190.802000000000128
191.003000000000128
191.219000000000128
191.468000000000128
191.674000000000129
191.898000000000129
229.170000000000162
229.296000000000162
230.398000000000163
230.541000000000163
230.700000000000163
230.870000000000163
231.053000000000164
231.245000000000164
231.432000000000164
231.624000000000164
231.822000000000164
232.034000000000164
232.242000000000165
232.444000000000165
232.660000000000165
232.854000000000165
233.056000000000165
233.259000000000166
257.904000000000187
258.036000000000188
258.235000000000188
258.383000000000188
259.561000000000189
259.596000000000189
261.18400000000019
261.32400000000019
261.488000000000191
261.681000000000191
261.858000000000191
262.044000000000191
262.247000000000191
262.456000000000191
262.656000000000192
262.864000000000192
263.086000000000192
263.301000000000192
263.501000000000192
263.700000000000193
263.885000000000193
264.108000000000193
493.050000000000396
493.202000000000396
493.384000000000397
493.547000000000397
493.726000000000397
493.895000000000397
546.708000000000444
546.860000000000444
547.023000000000444
547.205000000000444
547.413000000000444
548.180000000000445
548.333000000000445
-2
12.17700000000000024
12.58100000000000025
64.7170000000000158
64.868000000000016
65.0330000000000161
65.1890000000000162
65.3510000000000164
65.5040000000000165
65.9150000000000169
66.071000000000017
66.2590000000000172
66.4430000000000174
66.6340000000000175
66.8230000000000177
67.0120000000000179
67.192000000000018
67.3460000000000182
67.4910000000000183
67.9450000000000187
68.1270000000000189
68.284000000000019
68.4770000000000192
68.6610000000000193
68.8240000000000195
69.0190000000000196
69.1700000000000198
69.35300000000002
69.5530000000000201
69.7040000000000203
69.9000000000000204
70.7390000000000212
70.9050000000000213
71.0930000000000215
71.2820000000000217
71.4740000000000218
71.665000000000022
71.8550000000000222
72.0020000000000223
73.1750000000000233
73.3640000000000235
73.5550000000000237
73.7570000000000239
73.913000000000024
74.1040000000000242
74.2730000000000243
76.9940000000000267
77.1600000000000269
77.340000000000027
77.5280000000000272
77.7270000000000274
77.9290000000000276
78.1240000000000277
78.3080000000000279
109.4390000000000556
109.5920000000000557
109.7520000000000558
109.925000000000056
160.144000000000101
160.287000000000101
160.454000000000101
160.626000000000101
163.952000000000104
164.113000000000104
164.287000000000104
164.450000000000104
164.633000000000105
164.795000000000105
164.980000000000105
165.140000000000105
165.335000000000105
165.679000000000106
165.811000000000106
166.015000000000106
166.177000000000106
168.431000000000108
168.596000000000108
168.781000000000108
168.955000000000108
169.129000000000109
169.311000000000109
169.444000000000109
169.641000000000109
169.828000000000109
169.996000000000109
170.18600000000011
170.38200000000011
170.57900000000011
170.73200000000011
170.90500000000011
171.10200000000011
171.25600000000011
171.455000000000111
171.662000000000111
171.867000000000111
172.048000000000111
172.241000000000111
172.450000000000112
172.622000000000112
172.814000000000112
173.018000000000112
173.184000000000112
173.330000000000112
173.468000000000112
173.690000000000113
173.896000000000113
174.055000000000113
174.424000000000113
174.602000000000113
174.800000000000114
174.967000000000114
175.172000000000114
175.369000000000114
175.579000000000114
175.767000000000114
175.958000000000115
176.147000000000115
176.289000000000115
176.778000000000115
176.963000000000116
177.162000000000116
177.362000000000116
177.570000000000116
177.780000000000116
177.987000000000116
178.192000000000117
178.397000000000117
178.606000000000117
178.813000000000117
179.027000000000117
179.244000000000118
179.471000000000118
179.687000000000118
179.883000000000118
180.119000000000118
180.272000000000118
180.490000000000119
180.675000000000119
180.871000000000119
181.075000000000119
181.275000000000119
181.50000000000012
182.00500000000012
182.19800000000012
182.39300000000012
182.594000000000121
182.806000000000121
183.024000000000121
183.693000000000122
183.872000000000122
184.065000000000122
184.262000000000122
184.483000000000122
184.689000000000122
184.908000000000123
185.125000000000123
185.403000000000123
185.616000000000123
189.735000000000127
189.916000000000127
190.107000000000127
190.301000000000127
190.495000000000128
190.698000000000128
190.905000000000128
191.115000000000128
191.325000000000128
191.566000000000128
191.784000000000129
191.938000000000129
229.224000000000162
229.368000000000162
230.467000000000163
230.616000000000163
230.784000000000163
230.962000000000163
231.151000000000164
231.340000000000164
231.529000000000164
231.725000000000164
231.928000000000164
232.145000000000165
232.339000000000165
232.547000000000165
232.762000000000165
232.949000000000165
233.158000000000165
233.361000000000166
257.956000000000187
258.107000000000188
258.280000000000188
258.450000000000188
259.591000000000189
259.608000000000189
261.24800000000019
261.40400000000019
261.570000000000191
261.764000000000191
261.947000000000191
262.145000000000191
262.350000000000191
262.554000000000192
262.767000000000192
262.978000000000192
263.183000000000192
263.401000000000192
263.611000000000192
263.802000000000193
263.999000000000193
264.197000000000193
493.098000000000396
493.267000000000396
493.434000000000397
493.618000000000397
493.793000000000397
493.975000000000397
546.752000000000444
546.920000000000444
547.092000000000444
547.278000000000444
547.455000000000445
548.239000000000445
548.402000000000445
74
-3
93.6750000000000416
93.8090000000000417
93.9640000000000418
94.130000000000042
94.2990000000000421
94.4620000000000422
94.6580000000000424
94.7700000000000425
98.5980000000000459
98.7510000000000461
98.8990000000000462
99.0710000000000463
99.2170000000000465
99.4030000000000466
100.908000000000048
101.0590000000000481
101.2190000000000483
101.3870000000000484
101.5540000000000486
101.7320000000000487
101.8600000000000488
102.036000000000049
102.1990000000000491
102.3940000000000493
395.72800000000031
396.568000000000311
396.867000000000311
397.039000000000311
397.191000000000311
397.373000000000311
397.537000000000311
397.717000000000312
397.881000000000312
398.078000000000312
398.248000000000312
398.423000000000312
398.587000000000312
398.799000000000313
398.970000000000313
399.111000000000313
401.171000000000315
401.323000000000315
401.505000000000315
401.664000000000315
401.837000000000315
402.028000000000315
412.998000000000325
413.133000000000325
413.291000000000325
413.444000000000326
413.625000000000326
413.791000000000326
413.967000000000326
414.144000000000326
414.278000000000326
433.003000000000343
433.122000000000343
433.285000000000343
433.472000000000343
433.624000000000343
433.862000000000344
434.034000000000344
434.220000000000344
434.423000000000344
434.589000000000344
436.223000000000346
436.383000000000346
436.577000000000346
436.765000000000346
436.950000000000346
437.112000000000347
437.312000000000347
437.445000000000347
514.733000000000415
-4
93.7150000000000416
93.8800000000000417
94.0400000000000419
94.211000000000042
94.3680000000000422
94.5410000000000423
94.6880000000000425
94.8470000000000426
98.663000000000046
98.8090000000000461
98.9800000000000463
99.1240000000000464
99.2900000000000465
99.4280000000000467
100.981000000000048
101.1320000000000482
101.2990000000000483
101.4600000000000485
101.6260000000000486
101.7640000000000487
101.9440000000000489
102.106000000000049
102.2880000000000492
102.4450000000000493
395.77200000000031
396.620000000000311
396.920000000000311
397.076000000000311
397.271000000000311
397.442000000000311
397.610000000000312
397.782000000000312
397.974000000000312
398.142000000000312
398.323000000000312
398.482000000000312
398.681000000000312
398.859000000000313
399.004000000000313
399.136000000000313
401.240000000000315
401.411000000000315
401.572000000000315
401.746000000000315
401.922000000000315
402.120000000000316
413.035000000000325
413.206000000000325
413.356000000000325
413.533000000000326
413.691000000000326
413.871000000000326
414.036000000000326
414.174000000000326
414.362000000000326
433.045000000000343
433.202000000000343
433.374000000000343
433.534000000000343
433.717000000000344
433.944000000000344
434.126000000000344
434.313000000000344
434.479000000000344
434.617000000000344
436.294000000000346
436.479000000000346
436.662000000000346
436.852000000000346
437.018000000000346
437.189000000000347
437.346000000000347
437.477000000000347
514.759000000000416
0
0
0
0
0
0
0
0
0
0
0
0
0
3600.00099999983085
0
0
0
0
0
0
