8
15
19
8
15
19
IPPneo1.13
test2
0
1
12
36
10
13
39
51
22
4
.3
1
638
638
1
756
756
1
1
1
1
1
1
1
1
1
1
1
1
1
1
1
1
1
1
1
1
637
-1
3.28000000000000006
3.40400000000000006
3.53100000000000006
3.66600000000000006
3.80700000000000007
3.94200000000000007
4.07700000000000007
4.21700000000000007
4.35500000000000008
4.49100000000000008
4.63400000000000008
4.77100000000000009
4.91400000000000009
5.06300000000000009
5.2090000000000001
5.3630000000000001
5.5150000000000001
5.6740000000000001
5.79700000000000011
6.20100000000000012
6.34200000000000012
6.48000000000000012
6.64000000000000012
6.78100000000000013
6.81000000000000013
6.95600000000000013
7.10200000000000014
7.26400000000000014
7.42300000000000014
7.59200000000000014
74.3960000000000244
74.5030000000000245
74.6250000000000246
74.7730000000000248
74.9300000000000249
75.5690000000000255
75.7500000000000256
75.9250000000000258
76.103000000000026
76.2860000000000261
76.4610000000000263
76.6420000000000264
76.8280000000000266
77.0050000000000268
77.1890000000000269
77.3700000000000271
77.5580000000000272
77.7460000000000274
77.9280000000000276
78.0480000000000277
78.1410000000000278
78.3380000000000279
78.5250000000000281
78.7010000000000282
78.9100000000000284
79.1010000000000286
79.3080000000000288
79.510000000000029
79.6960000000000291
80.1510000000000295
80.2860000000000297
80.4420000000000298
80.65000000000003
80.8080000000000301
80.9900000000000303
81.1700000000000304
81.3540000000000306
81.5400000000000308
81.758000000000031
82.6040000000000317
83.0950000000000322
83.2760000000000323
83.4420000000000325
83.6130000000000326
83.7910000000000328
83.991000000000033
84.1570000000000331
84.3370000000000333
85.7470000000000345
85.8660000000000346
86.0410000000000348
86.2280000000000349
86.4360000000000351
86.6070000000000353
86.9640000000000356
87.1240000000000357
87.2980000000000359
87.474000000000036
87.6630000000000362
87.8650000000000364
88.0620000000000366
88.2590000000000367
88.4450000000000369
88.6410000000000371
88.8370000000000373
89.0340000000000374
89.2030000000000376
89.4270000000000378
89.623000000000038
89.8130000000000381
90.0090000000000383
90.2060000000000385
90.4110000000000386
90.6170000000000388
90.8680000000000391
91.0730000000000392
91.2940000000000394
91.4840000000000396
91.7300000000000398
91.92900000000004
92.1480000000000402
92.3430000000000404
92.5340000000000405
92.7550000000000407
92.9520000000000409
93.1700000000000411
93.3950000000000413
93.6010000000000415
93.8250000000000417
94.0160000000000419
94.212000000000042
94.4310000000000422
94.6630000000000424
94.8620000000000426
95.0570000000000428
95.264000000000043
95.4910000000000432
95.7190000000000434
95.9310000000000436
96.1900000000000438
96.403000000000044
96.6460000000000442
96.8550000000000444
96.9970000000000445
97.0850000000000446
97.3040000000000448
97.518000000000045
97.7190000000000452
97.9160000000000453
98.1830000000000456
98.3850000000000457
98.696000000000046
98.8850000000000462
99.0860000000000464
99.2780000000000465
99.4810000000000467
99.6250000000000468
99.7330000000000469
99.9340000000000471
100.0640000000000472
100.1550000000000473
100.3550000000000475
100.5580000000000477
100.7700000000000478
100.986000000000048
101.1720000000000482
101.3470000000000484
101.5530000000000486
101.7520000000000487
101.9320000000000489
102.121000000000049
102.2960000000000492
102.4940000000000494
102.7250000000000496
102.9250000000000498
103.1220000000000499
107.5860000000000539
107.714000000000054
185.646000000000123
185.771000000000123
185.925000000000123
186.067000000000124
186.232000000000124
186.398000000000124
186.569000000000124
186.746000000000124
186.924000000000124
187.110000000000125
187.291000000000125
187.462000000000125
187.640000000000125
187.817000000000125
188.006000000000125
188.206000000000126
188.397000000000126
188.589000000000126
188.792000000000126
208.969000000000144
209.149000000000144
209.305000000000144
209.448000000000144
209.796000000000145
209.975000000000145
210.147000000000145
210.318000000000145
210.499000000000145
210.682000000000145
210.888000000000146
211.079000000000146
211.263000000000146
211.464000000000146
211.644000000000146
211.827000000000146
212.025000000000147
212.210000000000147
212.418000000000147
212.656000000000147
212.848000000000147
213.040000000000148
213.233000000000148
213.426000000000148
213.609000000000148
213.843000000000148
214.032000000000148
214.356000000000149
214.574000000000149
214.762000000000149
214.951000000000149
215.154000000000149
215.36400000000015
264.263000000000193
264.364000000000193
264.483000000000193
264.631000000000193
264.768000000000194
264.918000000000194
265.077000000000194
265.243000000000194
265.402000000000194
265.573000000000194
265.735000000000194
265.914000000000195
266.087000000000195
266.270000000000195
266.441000000000195
266.627000000000195
266.796000000000195
266.978000000000195
267.149000000000196
267.328000000000196
267.512000000000196
267.695000000000196
268.001000000000196
268.186000000000197
268.380000000000197
268.523000000000197
268.808000000000197
268.962000000000197
269.439000000000198
269.600000000000198
269.744000000000198
270.872000000000199
271.061000000000199
271.186000000000199
271.327000000000199
271.474000000000199
271.6380000000002
271.8050000000002
271.9730000000002
272.1550000000002
272.3530000000002
272.5240000000002
272.702000000000201
272.884000000000201
273.082000000000201
273.270000000000201
273.450000000000201
274.031000000000202
274.174000000000202
274.265000000000202
274.366000000000202
274.496000000000202
274.676000000000202
274.846000000000202
275.049000000000203
279.429000000000207
279.585000000000207
279.743000000000207
279.912000000000207
280.087000000000207
280.297000000000207
280.482000000000207
280.666000000000208
280.888000000000208
281.151000000000208
281.220000000000208
281.266000000000208
281.568000000000208
282.168000000000209
282.298000000000209
389.101000000000304
437.764000000000347
437.880000000000347
438.036000000000347
438.173000000000348
438.326000000000348
438.481000000000348
438.642000000000348
438.801000000000348
438.968000000000348
439.142000000000348
439.320000000000349
439.499000000000349
439.661000000000349
440.70600000000035
440.83900000000035
440.98800000000035
441.06800000000035
441.08600000000035
441.16400000000035
441.25700000000035
441.37800000000035
441.594000000000351
441.742000000000351
441.882000000000351
442.026000000000351
442.181000000000351
442.346000000000351
442.524000000000351
442.699000000000352
442.874000000000352
443.056000000000352
443.255000000000352
443.432000000000352
443.611000000000352
443.789000000000352
443.973000000000353
444.152000000000353
444.329000000000353
444.501000000000353
444.714000000000353
444.895000000000354
445.079000000000354
445.525000000000354
445.706000000000354
445.903000000000354
446.086000000000355
467.629000000000374
467.763000000000374
467.860000000000374
468.107000000000374
468.303000000000374
484.472000000000389
484.634000000000389
484.782000000000389
484.944000000000389
485.113000000000389
485.270000000000389
485.48700000000039
485.66400000000039
485.84300000000039
486.00100000000039
486.16100000000039
486.35900000000039
486.53800000000039
486.714000000000391
486.894000000000391
486.984000000000391
487.088000000000391
487.264000000000391
487.446000000000391
487.658000000000391
487.830000000000392
488.029000000000392
593.095000000000485
593.191000000000485
593.454000000000485
593.563000000000486
593.712000000000486
593.867000000000486
594.023000000000486
594.178000000000486
594.329000000000486
594.489000000000486
594.666000000000486
594.824000000000487
594.986000000000487
595.161000000000487
952.200000000000804
952.415000000000804
952.527000000000804
952.722000000000804
952.871000000000805
953.003000000000805
953.133000000000805
953.279000000000805
953.434000000000805
953.617000000000805
953.781000000000805
953.938000000000806
954.105000000000806
954.264000000000806
954.367000000000806
954.492000000000806
956.427000000000808
956.850000000000808
956.979000000000808
957.217000000000809
957.350000000000809
957.584000000000809
957.675000000000809
957.819000000000809
957.945000000000809
958.049000000000809
958.108000000000809
958.62900000000081
958.74200000000081
958.79100000000081
958.86000000000081
959.00000000000081
959.06600000000081
959.12700000000081
959.19500000000081
959.24800000000081
959.30300000000081
978.696000000000828
979.145000000000828
979.275000000000828
1178.322000000001
1178.600000000001
1178.70300000000101
1179.01300000000101
1179.48500000000101
1179.60200000000101
1179.99000000000101
1180.16400000000101
1180.31700000000101
1180.46400000000101
1180.62800000000101
1180.79300000000101
1180.98300000000101
1181.14900000000101
1181.31200000000101
1181.48000000000101
1181.65600000000101
1181.84400000000101
1182.03300000000101
1182.20900000000101
1182.58100000000101
1182.84100000000101
1183.23700000000101
1183.47100000000101
1183.89800000000101
1184.06200000000101
1184.23000000000101
1184.40900000000101
1184.60900000000101
1184.86700000000101
1185.38800000000101
1185.52400000000101
1185.64700000000101
1185.73600000000101
1185.97400000000101
1186.11800000000101
1186.51800000000101
1186.67500000000101
1186.85000000000101
1187.01100000000101
1187.19100000000101
1187.40000000000101
1187.52000000000101
1187.65600000000101
1188.08400000000101
1188.25500000000101
1188.31800000000101
1188.42600000000101
1188.57000000000101
1188.60600000000101
1188.74700000000101
1189.03400000000101
1189.14800000000101
1189.32800000000101
1189.51900000000101
1189.78300000000102
1190.21200000000102
1190.33300000000102
1190.45500000000102
1190.83200000000102
1190.91200000000102
1191.33200000000102
1191.34700000000102
1191.69400000000102
1192.03000000000102
1192.12800000000102
1192.14200000000102
1192.22800000000102
1192.38900000000102
1192.39600000000102
1192.49200000000102
1192.56700000000102
1192.70000000000102
1192.75000000000102
1192.78500000000102
1193.13500000000102
1193.31400000000102
1193.43600000000102
1193.56000000000102
1193.68900000000102
1193.94000000000102
1194.26600000000102
1194.90700000000102
1195.04900000000102
1195.27800000000102
1195.38100000000102
1195.49600000000102
1195.85000000000102
1195.96500000000102
1196.30100000000102
1196.69700000000102
1196.97200000000102
1197.45800000000102
1197.67300000000102
1197.91100000000102
1198.08600000000102
1198.21100000000102
1198.34700000000102
1198.44500000000102
1198.47400000000102
1198.49800000000102
1198.54400000000102
1198.58700000000102
1198.73600000000102
1198.81500000000102
1199.12200000000102
1199.17100000000102
1199.51100000000102
1200.29700000000102
1200.39100000000102
1201.60300000000103
1201.74100000000103
1203.52300000000103
1203.62200000000103
1203.70100000000103
1205.67100000000103
1205.77500000000103
1206.26400000000103
1206.56900000000103
1207.26600000000103
1207.42200000000103
1207.49300000000103
1208.31000000000103
1208.42800000000103
1208.54700000000103
1208.68500000000103
1208.79700000000103
1208.90400000000103
1208.95000000000103
1208.99000000000103
1479.41700000000127
1789.69600000000155
1789.84200000000155
1790.24000000000155
1790.55500000000155
1790.68500000000155
1790.82100000000155
1790.96400000000155
1791.07500000000155
1791.21000000000155
1791.29300000000155
1791.34300000000155
1791.40000000000155
1791.51400000000155
1791.89800000000155
1792.04300000000155
1792.17800000000155
1792.29200000000155
1792.53600000000155
1792.78900000000155
1793.25000000000155
1793.40200000000155
1793.51900000000155
1793.79100000000155
1793.99100000000155
1794.22200000000155
1794.34700000000155
1794.86800000000155
1794.97400000000155
1795.04400000000155
1795.19400000000155
1795.35600000000155
1795.51700000000155
1795.69800000000155
1795.88000000000155
1796.05100000000155
1796.21700000000155
1796.39500000000155
1796.58200000000155
1796.77900000000155
1796.96200000000155
1804.88100000000156
1805.15400000000156
1805.94200000000156
1808.12800000000156
1808.15200000000156
1808.80700000000156
1808.95900000000156
1919.12900000000166
1919.48800000000166
1919.61000000000166
1919.85300000000166
1920.05500000000166
1920.98400000000166
1921.12700000000166
1921.29300000000166
1921.48400000000166
1921.84600000000167
1921.99300000000167
1922.15000000000167
1922.32400000000167
1922.48100000000167
1922.65000000000167
1922.82800000000167
1923.00100000000167
1923.17400000000167
1923.34800000000167
1923.52500000000167
1923.72700000000167
1923.91700000000167
1924.12100000000167
1924.40900000000167
1924.64700000000167
1925.02400000000167
1925.46400000000167
1925.54400000000167
1925.70300000000167
1926.05600000000167
1926.29000000000167
1926.58300000000167
1926.89400000000167
1927.00500000000167
1927.26200000000167
1927.30500000000167
1927.62800000000167
1927.78300000000167
1927.96000000000167
1928.10300000000167
1928.45900000000167
-2
3.35100000000000006
3.47200000000000006
3.60600000000000006
3.74700000000000007
3.88200000000000007
4.01500000000000007
4.15300000000000007
4.29200000000000008
4.43300000000000008
4.57500000000000008
4.73600000000000009
4.87500000000000009
5.01800000000000009
5.1900000000000001
5.3300000000000001
5.4610000000000001
5.5940000000000001
5.72500000000000011
5.85100000000000011
6.29900000000000012
6.41300000000000012
6.56900000000000012
6.72700000000000013
6.79700000000000013
6.88800000000000013
7.05200000000000013
7.24300000000000014
7.35700000000000014
7.55500000000000014
7.68900000000000015
74.4490000000000245
74.5690000000000246
74.7030000000000247
74.8580000000000248
75.5320000000000254
75.6960000000000256
75.8530000000000257
76.0210000000000259
76.201000000000026
76.3830000000000262
76.5540000000000263
76.7410000000000265
76.9190000000000267
77.1040000000000268
77.293000000000027
77.4730000000000272
77.6610000000000273
77.8500000000000275
78.0280000000000277
78.0860000000000277
78.2680000000000279
78.448000000000028
78.6260000000000282
78.8340000000000284
79.0560000000000286
79.2380000000000287
79.4220000000000289
79.6150000000000291
79.7450000000000292
80.2300000000000296
80.3550000000000297
80.5630000000000299
80.7380000000000301
80.9150000000000302
81.1050000000000304
81.2730000000000305
81.4620000000000307
81.6540000000000309
81.842000000000031
82.6660000000000318
83.1600000000000322
83.3280000000000324
83.5600000000000326
83.7100000000000327
83.9260000000000329
84.093000000000033
84.2690000000000332
84.3830000000000333
85.8090000000000346
85.9650000000000347
86.1410000000000349
86.311000000000035
86.4720000000000352
86.6340000000000353
87.0640000000000357
87.2210000000000358
87.398000000000036
87.6070000000000362
87.8040000000000363
87.9810000000000365
88.1860000000000367
88.3770000000000368
88.558000000000037
88.7460000000000372
88.9410000000000373
89.1160000000000375
89.3500000000000377
89.5850000000000379
89.7710000000000381
89.9320000000000382
90.1200000000000384
90.3190000000000386
90.5250000000000388
90.759000000000039
90.9910000000000392
91.1970000000000394
91.4110000000000395
91.6670000000000398
91.88100000000004
92.0720000000000401
92.2650000000000403
92.4840000000000405
92.7050000000000407
92.9050000000000409
93.066000000000041
93.3010000000000412
93.5610000000000414
93.7280000000000416
93.9410000000000418
94.132000000000042
94.3720000000000422
94.5890000000000424
94.7920000000000425
94.9750000000000427
95.1670000000000429
95.3940000000000431
95.6470000000000433
95.8680000000000435
96.0960000000000437
96.3270000000000439
96.5280000000000441
96.7770000000000443
96.9780000000000445
97.0050000000000445
97.2060000000000447
97.4190000000000449
97.6340000000000451
97.8300000000000452
98.0800000000000455
98.3030000000000457
98.644000000000046
98.8210000000000461
98.9920000000000463
99.2000000000000465
99.3920000000000466
99.6120000000000468
99.6850000000000469
99.8640000000000471
100.0610000000000472
100.0790000000000472
100.2860000000000474
100.4830000000000476
100.6840000000000478
100.887000000000048
101.0790000000000481
101.2610000000000483
101.4520000000000485
101.6560000000000486
101.8390000000000488
102.062000000000049
102.2100000000000491
102.4320000000000493
102.6180000000000495
102.8500000000000497
103.0190000000000499
103.19200000000005
107.643000000000054
107.7640000000000541
185.704000000000123
185.834000000000123
185.986000000000124
186.164000000000124
186.323000000000124
186.512000000000124
186.694000000000124
186.847000000000124
187.030000000000124
187.206000000000125
187.379000000000125
187.557000000000125
187.741000000000125
187.927000000000125
188.109000000000125
188.313000000000126
188.497000000000126
188.727000000000126
188.895000000000126
208.998000000000144
209.216000000000144
209.366000000000144
209.544000000000144
209.893000000000145
210.072000000000145
210.234000000000145
210.436000000000145
210.599000000000145
210.788000000000146
210.993000000000146
211.176000000000146
211.392000000000146
211.574000000000146
211.753000000000146
211.946000000000147
212.138000000000147
212.331000000000147
212.540000000000147
212.787000000000147
212.955000000000148
213.138000000000148
213.391000000000148
213.548000000000148
213.717000000000148
213.961000000000148
214.155000000000149
214.460000000000149
214.709000000000149
214.861000000000149
215.071000000000149
215.27800000000015
215.49500000000015
264.307000000000193
264.419000000000193
264.552000000000193
264.710000000000193
264.882000000000194
265.064000000000194
265.173000000000194
265.351000000000194
265.501000000000194
265.666000000000194
265.830000000000194
266.017000000000195
266.190000000000195
266.355000000000195
266.541000000000195
266.712000000000195
266.919000000000195
267.070000000000196
267.289000000000196
267.459000000000196
267.624000000000196
267.812000000000196
268.091000000000196
268.334000000000197
268.500000000000197
268.628000000000197
268.891000000000197
269.036000000000197
269.479000000000198
269.648000000000198
269.788000000000198
270.943000000000199
271.129000000000199
271.250000000000199
271.404000000000199
271.5840000000002
271.7710000000002
271.9170000000002
272.0970000000002
272.2760000000002
272.4430000000002
272.6120000000002
272.800000000000201
273.051000000000201
273.206000000000201
273.364000000000201
273.548000000000201
274.105000000000202
274.254000000000202
274.288000000000202
274.408000000000202
274.598000000000202
274.772000000000202
274.954000000000203
275.161000000000203
279.497000000000207
279.674000000000207
279.841000000000207
280.033000000000207
280.194000000000207
280.402000000000207
280.570000000000208
280.745000000000208
280.947000000000208
281.188000000000208
281.225000000000208
281.474000000000208
281.777000000000209
282.224000000000209
282.385000000000209
389.112000000000304
437.821000000000347
437.939000000000347
438.117000000000347
438.280000000000348
438.423000000000348
438.572000000000348
438.744000000000348
438.893000000000348
439.056000000000348
439.238000000000348
439.415000000000349
439.573000000000349
439.751000000000349
440.77600000000035
440.90000000000035
441.05800000000035
441.08400000000035
441.14300000000035
441.25400000000035
441.37100000000035
441.571000000000351
441.637000000000351
441.817000000000351
441.977000000000351
442.130000000000351
442.288000000000351
442.452000000000351
442.638000000000352
442.806000000000352
442.988000000000352
443.181000000000352
443.387000000000352
443.551000000000352
443.708000000000352
443.895000000000353
444.058000000000353
444.235000000000353
444.415000000000353
444.591000000000353
444.824000000000353
445.008000000000354
445.165000000000354
445.640000000000354
445.818000000000354
446.009000000000354
446.155000000000355
467.685000000000374
467.794000000000374
467.905000000000374
468.142000000000374
468.347000000000374
484.574000000000389
484.737000000000389
484.890000000000389
485.049000000000389
485.196000000000389
485.423000000000389
485.57900000000039
485.75800000000039
485.95700000000039
486.09000000000039
486.26700000000039
486.46900000000039
486.636000000000391
486.809000000000391
486.982000000000391
487.043000000000391
487.184000000000391
487.369000000000391
487.653000000000391
487.770000000000392
487.928000000000392
488.107000000000392
593.122000000000485
593.219000000000485
593.509000000000485
593.646000000000486
593.821000000000486
593.975000000000486
594.111000000000486
594.256000000000486
594.416000000000486
594.560000000000486
594.743000000000487
594.910000000000487
595.069000000000487
595.247000000000487
952.220000000000804
952.428000000000804
952.537000000000804
952.759000000000805
952.930000000000805
953.060000000000805
953.205000000000805
953.376000000000805
953.534000000000805
953.716000000000805
953.853000000000806
954.068000000000806
954.188000000000806
954.362000000000806
954.405000000000806
954.584000000000806
956.456000000000808
956.872000000000808
957.041000000000808
957.286000000000809
957.413000000000809
957.630000000000809
957.723000000000809
957.881000000000809
957.989000000000809
958.079000000000809
958.62800000000081
958.70600000000081
958.78200000000081
958.79700000000081
958.91400000000081
959.05700000000081
959.07200000000081
959.17900000000081
959.24200000000081
959.30200000000081
959.38500000000081
978.764000000000828
979.222000000000828
979.337000000000828
1178.396000000001
1178.65100000000101
1178.77800000000101
1179.09400000000101
1179.56000000000101
1179.71100000000101
1180.05300000000101
1180.24100000000101
1180.39100000000101
1180.55100000000101
1180.70900000000101
1180.87900000000101
1181.07000000000101
1181.23600000000101
1181.39900000000101
1181.58500000000101
1181.76500000000101
1181.94200000000101
1182.12200000000101
1182.29000000000101
1182.81500000000101
1183.18400000000101
1183.27300000000101
1183.53300000000101
1183.96300000000101
1184.14600000000101
1184.32100000000101
1184.50600000000101
1184.68800000000101
1185.05800000000101
1185.45600000000101
1185.56700000000101
1185.70200000000101
1185.78900000000101
1186.04200000000101
1186.18200000000101
1186.59800000000101
1186.78400000000101
1186.94400000000101
1187.10100000000101
1187.24400000000101
1187.45300000000101
1187.56900000000101
1187.73000000000101
1188.15400000000101
1188.31000000000101
1188.37200000000101
1188.47100000000101
1188.60300000000101
1188.61500000000101
1188.76500000000101
1189.07800000000101
1189.26200000000101
1189.42500000000101
1189.60900000000101
1189.83400000000102
1190.24900000000102
1190.39700000000102
1190.63800000000102
1190.86700000000102
1190.95600000000102
1191.34500000000102
1191.57200000000102
1191.79300000000102
1192.07900000000102
1192.14100000000102
1192.21200000000102
1192.35600000000102
1192.39500000000102
1192.43700000000102
1192.53000000000102
1192.69800000000102
1192.71900000000102
1192.78100000000102
1193.02600000000102
1193.17400000000102
1193.37300000000102
1193.48900000000102
1193.61500000000102
1193.74100000000102
1193.95900000000102
1194.32500000000102
1195.00000000000102
1195.12600000000102
1195.34300000000102
1195.44400000000102
1195.54000000000102
1195.92200000000102
1196.18600000000102
1196.68900000000102
1196.73500000000102
1197.00500000000102
1197.65600000000102
1197.78600000000102
1197.95800000000102
1198.18600000000102
1198.25300000000102
1198.42100000000102
1198.46300000000102
1198.48900000000102
1198.51300000000102
1198.57600000000102
1198.73500000000102
1198.78700000000102
1198.93900000000102
1199.13800000000102
1199.36400000000102
1199.57100000000102
1200.31600000000102
1200.49300000000102
1201.62400000000103
1201.78000000000103
1203.57000000000103
1203.68700000000103
1203.80200000000103
1205.70600000000103
1205.80900000000103
1206.32400000000103
1206.64400000000103
1207.29900000000103
1207.45900000000103
1208.14400000000103
1208.33400000000103
1208.45900000000103
1208.57400000000103
1208.71800000000103
1208.85800000000103
1208.91400000000103
1208.96400000000103
1209.25000000000103
1479.44500000000127
1789.71100000000155
1789.85800000000155
1790.27800000000155
1790.57100000000155
1790.71700000000155
1790.84600000000155
1791.00600000000155
1791.12400000000155
1791.24100000000155
1791.30100000000155
1791.36600000000155
1791.43200000000155
1791.54400000000155
1791.93400000000155
1792.09100000000155
1792.23300000000155
1792.33700000000155
1792.60800000000155
1792.84400000000155
1793.29500000000155
1793.42600000000155
1793.56300000000155
1793.83700000000155
1794.05800000000155
1794.27400000000155
1794.37600000000155
1794.95000000000155
1795.00000000000155
1795.11700000000155
1795.31200000000155
1795.45900000000155
1795.63900000000155
1795.83500000000155
1796.00500000000155
1796.14700000000155
1796.35800000000155
1796.50900000000155
1796.66600000000155
1796.87100000000155
1797.04900000000155
1804.91400000000156
1805.19400000000156
1805.96600000000156
1808.14500000000156
1808.16700000000156
1808.83300000000156
1809.18200000000157
1919.19900000000166
1919.57700000000166
1919.67100000000166
1919.89900000000166
1920.12100000000166
1921.03500000000166
1921.20800000000166
1921.40300000000166
1921.59200000000166
1921.90900000000167
1922.04900000000167
1922.24700000000167
1922.41700000000167
1922.58800000000167
1922.76200000000167
1922.94100000000167
1923.10900000000167
1923.27100000000167
1923.44200000000167
1923.61300000000167
1923.81000000000167
1924.01000000000167
1924.19100000000167
1924.48800000000167
1925.00600000000167
1925.22900000000167
1925.48400000000167
1925.63600000000167
1925.85700000000167
1926.20200000000167
1926.53200000000167
1926.68900000000167
1926.97300000000167
1927.07700000000167
1927.28900000000167
1927.42700000000167
1927.71700000000167
1927.87500000000167
1928.04600000000167
1928.21900000000167
1928.54300000000167
755
-3
0.027
0.275
27.6209999999999905
27.7439999999999904
27.8809999999999903
28.0249999999999901
28.17299999999999
28.3289999999999899
28.4839999999999898
28.6449999999999896
28.7989999999999895
28.9609999999999893
29.1259999999999892
29.2949999999999891
30.584999999999988
30.7259999999999879
30.8819999999999877
31.0319999999999876
31.1959999999999875
31.3669999999999873
31.5579999999999872
31.760999999999987
31.9439999999999868
32.1219999999999869
41.6989999999999954
41.7679999999999955
41.9049999999999956
42.0549999999999957
42.2159999999999958
42.378999999999996
42.5549999999999962
42.7109999999999963
42.8629999999999964
43.0299999999999966
43.1969999999999967
43.3709999999999969
43.545999999999997
43.7169999999999972
43.9039999999999973
44.0829999999999975
44.2689999999999977
44.4589999999999978
44.631999999999998
44.8139999999999982
44.9919999999999983
45.1769999999999985
45.3439999999999986
45.5169999999999988
45.6989999999999989
45.8739999999999991
46.0629999999999993
46.2449999999999994
46.4319999999999996
46.6309999999999998
46.838
47.0320000000000001
47.1470000000000002
47.2440000000000003
47.4260000000000005
47.6380000000000007
47.8330000000000008
48.018000000000001
48.2050000000000012
48.3890000000000013
48.5770000000000015
48.7610000000000017
48.9540000000000018
49.147000000000002
49.3270000000000022
49.5260000000000023
49.7210000000000025
49.8980000000000027
50.0710000000000028
50.259000000000003
50.4440000000000032
50.6180000000000033
50.8040000000000035
50.9900000000000036
55.2680000000000074
55.4040000000000076
55.6430000000000078
55.7510000000000079
55.901000000000008
56.0600000000000081
56.2340000000000083
56.4080000000000085
56.5750000000000086
56.7770000000000088
140.051000000000083
140.135000000000083
140.277000000000083
140.606000000000083
140.757000000000083
140.928000000000084
141.080000000000084
141.100000000000084
141.245000000000084
141.413000000000084
141.564000000000084
142.020000000000084
142.182000000000085
142.339000000000085
142.452000000000085
142.520000000000085
142.683000000000085
142.834000000000085
143.169000000000086
143.345000000000086
143.480000000000086
143.749000000000086
143.816000000000086
144.138000000000086
144.299000000000087
144.471000000000087
144.651000000000087
144.829000000000087
144.972000000000087
145.006000000000087
145.175000000000087
145.365000000000087
146.154000000000088
146.174000000000088
146.481000000000088
162.030000000000102
162.352000000000103
162.381000000000103
162.514000000000103
162.628000000000103
226.52200000000016
226.95600000000016
227.901000000000161
228.034000000000161
300.898000000000226
300.973000000000226
301.010000000000226
315.760000000000239
336.811000000000258
360.561000000000279
360.615000000000279
361.246000000000279
361.335000000000279
361.488000000000279
361.67100000000028
361.82300000000028
362.00100000000028
362.16700000000028
362.33700000000028
362.50600000000028
362.68600000000028
362.865000000000281
363.034000000000281
363.206000000000281
363.303000000000281
363.413000000000281
363.588000000000281
363.773000000000281
363.996000000000282
364.180000000000282
364.383000000000282
364.555000000000282
364.733000000000282
364.931000000000282
365.114000000000283
365.308000000000283
365.499000000000283
365.685000000000283
365.930000000000283
366.126000000000284
366.302000000000284
366.471000000000284
366.646000000000284
366.825000000000284
366.999000000000284
367.176000000000284
367.396000000000285
367.588000000000285
367.770000000000285
368.239000000000285
368.409000000000286
368.596000000000286
368.779000000000286
368.994000000000286
369.406000000000286
369.567000000000287
369.751000000000287
369.926000000000287
370.120000000000287
370.297000000000287
370.520000000000287
370.715000000000288
372.665000000000289
373.00200000000029
373.07100000000029
373.10900000000029
373.26500000000029
373.40900000000029
373.42800000000029
373.44800000000029
373.46900000000029
373.47800000000029
373.49200000000029
373.51000000000029
373.69900000000029
373.70800000000029
373.87100000000029
374.019000000000291
374.333000000000291
374.912000000000291
374.921000000000291
374.930000000000291
374.941000000000291
374.950000000000291
374.960000000000291
374.970000000000291
374.980000000000291
374.990000000000291
375.000000000000291
375.011000000000291
375.033000000000291
375.052000000000291
375.073000000000291
375.091000000000291
375.100000000000292
375.110000000000292
375.120000000000292
375.130000000000292
375.141000000000292
375.150000000000292
375.169000000000292
375.189000000000292
375.249000000000292
375.409000000000292
375.430000000000292
375.750000000000292
375.760000000000292
375.769000000000292
375.910000000000292
375.920000000000292
375.931000000000292
375.941000000000292
375.951000000000292
375.961000000000292
375.970000000000292
375.980000000000292
375.990000000000292
375.999000000000292
376.010000000000292
376.110000000000292
376.120000000000292
376.131000000000292
376.153000000000292
376.192000000000292
376.212000000000292
376.220000000000292
376.320000000000293
376.330000000000293
377.290000000000293
377.300000000000293
377.311000000000293
377.321000000000293
377.331000000000293
377.352000000000294
377.374000000000294
377.968000000000294
378.061000000000294
378.267000000000294
378.391000000000294
378.889000000000295
378.921000000000295
379.114000000000295
379.133000000000295
379.142000000000295
379.152000000000295
379.282000000000295
379.290000000000295
379.410000000000295
380.826000000000297
381.150000000000297
381.335000000000297
381.523000000000297
381.701000000000297
382.678000000000298
382.815000000000298
654.74700000000054
655.33100000000054
655.50100000000054
655.643000000000541
655.799000000000541
655.962000000000541
656.129000000000541
656.284000000000541
656.447000000000541
656.615000000000542
656.784000000000542
656.955000000000542
657.113000000000542
657.312000000000542
657.461000000000542
657.646000000000542
657.828000000000543
658.002000000000543
658.164000000000543
658.349000000000543
658.529000000000543
658.710000000000543
658.922000000000544
659.109000000000544
659.291000000000544
659.469000000000544
659.652000000000544
659.844000000000544
660.036000000000544
660.234000000000545
660.416000000000545
660.615000000000545
660.800000000000545
660.974000000000545
661.276000000000546
661.431000000000546
662.022000000000546
662.250000000000546
662.369000000000547
662.594000000000547
662.777000000000547
662.924000000000547
664.169000000000548
664.328000000000548
664.482000000000548
665.83100000000055
666.02700000000055
666.06200000000055
666.09000000000055
708.432000000000588
708.664000000000588
708.686000000000588
708.829000000000588
708.880000000000588
708.964000000000588
710.300000000000589
710.493000000000589
711.19400000000059
711.47400000000059
719.866000000000598
721.066000000000599
727.200000000000604
728.470000000000605
728.943000000000606
729.246000000000606
729.519000000000606
729.553000000000606
729.686000000000606
729.851000000000607
729.917000000000607
730.168000000000607
730.510000000000607
730.635000000000607
730.842000000000607
736.665000000000613
736.811000000000613
736.980000000000613
749.805000000000624
749.929000000000624
750.395000000000625
750.648000000000625
750.946000000000625
751.293000000000626
753.755000000000628
755.013000000000629
755.159000000000629
755.303000000000629
755.459000000000629
755.624000000000629
755.72300000000063
755.83100000000063
755.99800000000063
756.16400000000063
756.31200000000063
756.46900000000063
756.57300000000063
756.67200000000063
756.924000000000631
757.105000000000631
757.230000000000631
757.408000000000631
757.608000000000631
757.800000000000631
757.980000000000632
758.178000000000632
759.963000000000633
763.489000000000636
763.621000000000637
764.006000000000637
765.037000000000638
765.156000000000638
765.313000000000638
765.473000000000638
765.642000000000638
765.808000000000638
766.012000000000639
766.176000000000639
766.349000000000639
766.519000000000639
766.699000000000639
766.890000000000639
767.09500000000064
767.27100000000064
767.45100000000064
767.64100000000064
767.81900000000064
768.02900000000064
769.210000000000642
769.888000000000642
769.979000000000642
770.145000000000642
770.358000000000642
770.692000000000643
770.870000000000643
771.007000000000643
771.029000000000643
771.048000000000643
771.223000000000643
771.398000000000643
771.504000000000644
771.616000000000644
771.801000000000644
771.997000000000644
772.197000000000644
774.466000000000646
775.250000000000647
775.928000000000648
776.171000000000648
776.479000000000648
820.933000000000687
828.368000000000694
831.150000000000696
832.139000000000697
832.359000000000698
836.876000000000702
838.116000000000703
838.165000000000703
838.660000000000703
839.148000000000704
840.245000000000705
840.758000000000705
842.138000000000706
842.273000000000706
842.482000000000707
843.095000000000707
843.230000000000707
843.370000000000707
843.405000000000707
843.541000000000708
843.728000000000708
843.908000000000708
844.072000000000708
844.231000000000708
844.393000000000708
844.557000000000708
844.724000000000709
844.897000000000709
845.075000000000709
845.255000000000709
845.429000000000709
845.612000000000709
845.78300000000071
845.94600000000071
846.12100000000071
846.34600000000071
846.52900000000071
846.71500000000071
847.113000000000711
847.201000000000711
847.417000000000711
847.534000000000711
847.949000000000711
848.063000000000712
848.299000000000712
848.415000000000712
848.532000000000712
848.634000000000712
848.754000000000712
848.850000000000712
848.968000000000712
849.101000000000712
849.253000000000713
849.417000000000713
849.584000000000713
849.749000000000713
849.949000000000713
850.113000000000713
850.274000000000714
850.452000000000714
850.640000000000714
850.806000000000714
850.980000000000714
851.196000000000714
851.576000000000715
851.836000000000715
852.237000000000715
853.414000000000716
853.657000000000717
853.884000000000717
854.829000000000718
854.984000000000718
868.50900000000073
868.98800000000073
869.34000000000073
869.588000000000731
871.063000000000732
871.210000000000732
871.569000000000732
871.810000000000733
871.960000000000733
872.280000000000733
874.256000000000735
874.345000000000735
875.081000000000736
878.087000000000738
879.485000000000739
879.58300000000074
879.75500000000074
879.96600000000074
880.13500000000074
880.32100000000074
880.49800000000074
880.66400000000074
880.915000000000741
881.080000000000741
881.251000000000741
881.418000000000741
881.598000000000741
881.793000000000742
881.967000000000742
882.148000000000742
882.346000000000742
882.531000000000742
882.707000000000742
883.616000000000743
883.746000000000743
883.987000000000743
884.083000000000744
885.089000000000744
885.636000000000745
885.905000000000745
886.085000000000745
887.937000000000747
888.077000000000747
893.981000000000752
895.310000000000754
895.368000000000754
895.708000000000754
896.769000000000755
896.847000000000755
896.899000000000755
896.942000000000755
898.029000000000756
898.198000000000756
900.045000000000758
901.098000000000759
901.919000000000759
902.34900000000076
902.75700000000076
903.19900000000076
904.765000000000762
906.406000000000763
910.359000000000767
911.882000000000768
912.156000000000768
912.883000000000769
912.993000000000769
914.30800000000077
914.643000000000771
915.677000000000772
916.886000000000773
916.963000000000773
918.224000000000774
1002.592000000000849
1002.698000000000849
1002.928000000000849
1004.43200000000085
1004.55600000000085
1004.875000000000851
1006.140000000000852
1006.217000000000852
1009.610000000000855
1011.551000000000857
1011.713000000000857
1011.857000000000857
1012.020000000000857
1012.193000000000857
1012.369000000000857
1012.546000000000858
1013.554000000000858
1014.337000000000859
1015.11700000000086
1016.586000000000861
1018.741000000000863
1021.136000000000865
1021.295000000000865
1022.198000000000866
1024.21500000000087
1024.42600000000087
1024.59900000000087
1024.76700000000087
1025.10400000000087
1025.42000000000087
1025.86100000000087
1028.48500000000087
1028.67100000000087
1028.82200000000087
1028.86000000000087
1029.03600000000087
1029.93600000000087
1029.96900000000087
1030.14200000000087
1039.88500000000088
1039.94200000000088
1039.98000000000088
1040.02800000000088
1040.61900000000088
1043.89900000000089
1044.02900000000089
1044.13600000000089
1045.49800000000089
1045.60100000000089
1045.79000000000089
1047.46200000000089
1053.68800000000089
1053.88300000000089
1054.9370000000009
1055.1220000000009
1055.7780000000009
1056.1180000000009
1058.1460000000009
1059.5450000000009
1059.7540000000009
1061.3320000000009
1061.5280000000009
1110.43600000000094
1110.75800000000094
1111.19600000000095
1111.25800000000095
1111.28300000000095
1113.06900000000095
1113.91100000000095
1114.57400000000095
1116.36000000000095
1116.82700000000095
1117.58500000000095
1118.21600000000095
1120.05600000000095
1121.33200000000095
1248.49500000000107
1248.61300000000107
1248.72400000000107
1249.17900000000107
1249.65600000000107
1250.09300000000107
1251.40200000000107
1251.55700000000107
1252.12300000000107
1252.42000000000107
1252.68700000000107
1253.21400000000107
1254.17500000000107
1254.69600000000107
1255.26600000000107
1255.93600000000107
1257.40800000000108
1257.44700000000108
1257.75000000000108
1258.77900000000108
1258.84000000000108
1260.35100000000108
1260.98100000000108
1261.00900000000108
1292.07100000000111
1292.09400000000111
1292.95600000000111
1296.92400000000111
1297.06800000000111
1297.26500000000111
1298.34000000000111
1299.26400000000111
1299.40100000000111
1299.65800000000111
1299.90700000000111
1300.90000000000111
1301.02100000000111
1301.58000000000111
1301.74600000000111
1474.66400000000127
1592.22700000000137
1594.06400000000137
1594.15800000000137
1594.26200000000137
1594.62700000000137
1594.83300000000137
1595.72800000000138
1596.25200000000138
1596.53200000000138
1596.74900000000138
1596.87300000000138
1597.03500000000138
1597.28100000000138
1597.89900000000138
1598.05300000000138
1598.28100000000138
1598.37700000000138
1598.50900000000138
1598.62700000000138
1598.74600000000138
1598.90300000000138
1599.22900000000138
1599.37300000000138
1599.51500000000138
1599.67300000000138
1599.83100000000138
1600.00300000000138
1600.16200000000138
1600.32700000000138
1600.50300000000138
1600.70100000000138
1600.86600000000138
1601.02300000000138
1601.19300000000138
1601.40800000000138
1601.59400000000138
1601.67800000000138
1602.62200000000138
1602.66900000000138
1603.82900000000138
1604.50900000000138
1604.53200000000138
1605.31300000000138
1606.37500000000138
1608.12000000000139
1608.34000000000139
3073.68099999988881
3073.7999999998888
3073.93699999988879
3074.10599999988877
3075.26399999988864
3075.43799999988862
3075.87099999988857
3076.01399999988856
3076.47999999988851
3076.76799999988847
3077.02799999988845
3077.21899999988842
3077.38799999988841
3077.56399999988839
3079.64899999988816
3084.37999999988764
3084.50399999988762
-4
0.102
0.298
27.6849999999999904
27.8179999999999903
27.9609999999999902
28.1059999999999901
28.2659999999999899
28.4039999999999898
28.5709999999999897
28.7299999999999895
28.8929999999999894
29.0509999999999893
29.2039999999999891
29.361999999999989
30.6559999999999879
30.8049999999999878
30.9629999999999877
31.1229999999999875
31.2909999999999874
31.4619999999999872
31.6709999999999871
31.8579999999999869
32.0299999999999868
32.1759999999999869
41.7159999999999954
41.8479999999999955
41.9929999999999957
42.1449999999999958
42.3039999999999959
42.4679999999999961
42.6399999999999962
42.8079999999999964
42.9519999999999965
43.1359999999999967
43.2889999999999968
43.459999999999997
43.6359999999999971
43.8169999999999973
43.9979999999999974
44.1789999999999976
44.3679999999999978
44.5529999999999979
44.7209999999999981
44.9149999999999982
45.0939999999999984
45.2809999999999986
45.4429999999999987
45.6079999999999989
45.787999999999999
45.9829999999999992
46.1669999999999994
46.3479999999999995
46.5419999999999997
46.7399999999999999
46.949
47.1350000000000002
47.1580000000000002
47.3620000000000004
47.5250000000000006
47.7430000000000008
47.9350000000000009
48.1190000000000011
48.3000000000000013
48.5010000000000014
48.6840000000000016
48.8710000000000018
49.0550000000000019
49.2580000000000021
49.4370000000000023
49.6300000000000024
49.8240000000000026
50.0210000000000028
50.1800000000000029
50.3600000000000031
50.5390000000000032
50.7250000000000034
50.9190000000000036
51.1000000000000037
55.3390000000000075
55.4670000000000076
55.6700000000000078
55.8230000000000079
55.9890000000000081
56.1900000000000083
56.3390000000000084
56.5250000000000086
56.6690000000000087
56.8190000000000088
140.075000000000083
140.208000000000083
140.365000000000083
140.686000000000083
140.851000000000083
141.031000000000084
141.099000000000084
141.173000000000084
141.349000000000084
141.527000000000084
141.985000000000084
142.101000000000085
142.279000000000085
142.437000000000085
142.474000000000085
142.627000000000085
142.810000000000085
143.095000000000085
143.288000000000086
143.407000000000086
143.730000000000086
143.759000000000086
144.110000000000086
144.229000000000086
144.412000000000087
144.583000000000087
144.779000000000087
144.971000000000087
144.979000000000087
145.140000000000087
145.288000000000087
145.408000000000088
146.173000000000088
146.183000000000088
146.530000000000088
162.072000000000102
162.377000000000103
162.401000000000103
162.569000000000103
162.685000000000103
226.57000000000016
227.06700000000016
228.004000000000161
228.118000000000161
300.919000000000226
301.000000000000226
301.033000000000226
315.774000000000239
337.046000000000258
360.584000000000279
360.853000000000279
361.266000000000279
361.414000000000279
361.578000000000279
361.75400000000028
361.93200000000028
362.09600000000028
362.28900000000028
362.43700000000028
362.60300000000028
362.777000000000281
362.950000000000281
363.125000000000281
363.297000000000281
363.340000000000281
363.506000000000281
363.684000000000281
363.946000000000282
364.096000000000282
364.283000000000282
364.500000000000282
364.669000000000282
364.836000000000282
365.028000000000283
365.225000000000283
365.433000000000283
365.635000000000283
365.869000000000283
366.030000000000283
366.215000000000284
366.395000000000284
366.575000000000284
366.751000000000284
366.927000000000284
367.091000000000284
367.381000000000285
367.512000000000285
367.697000000000285
367.863000000000285
368.336000000000286
368.508000000000286
368.704000000000286
368.871000000000286
369.055000000000286
369.495000000000286
369.669000000000287
369.835000000000287
370.033000000000287
370.217000000000287
370.395000000000287
370.676000000000288
370.846000000000288
372.92100000000029
373.06700000000029
373.07600000000029
373.25200000000029
373.35000000000029
373.42700000000029
373.44700000000029
373.46700000000029
373.47700000000029
373.48700000000029
373.49700000000029
373.64500000000029
373.70700000000029
373.82700000000029
373.96800000000029
374.066000000000291
374.335000000000291
374.917000000000291
374.928000000000291
374.938000000000291
374.947000000000291
374.958000000000291
374.968000000000291
374.978000000000291
374.988000000000291
374.998000000000291
375.008000000000291
375.018000000000291
375.036000000000291
375.058000000000291
375.076000000000291
375.098000000000292
375.108000000000292
375.118000000000292
375.128000000000292
375.138000000000292
375.148000000000292
375.168000000000292
375.188000000000292
375.248000000000292
375.408000000000292
375.428000000000292
375.748000000000292
375.759000000000292
375.768000000000292
375.909000000000292
375.919000000000292
375.928000000000292
375.938000000000292
375.948000000000292
375.958000000000292
375.968000000000292
375.979000000000292
375.988000000000292
375.998000000000292
376.008000000000292
376.109000000000292
376.119000000000292
376.128000000000292
376.138000000000292
376.157000000000292
376.198000000000292
376.218000000000292
376.319000000000293
376.328000000000293
377.289000000000293
377.299000000000293
377.309000000000293
377.319000000000293
377.328000000000293
377.339000000000294
377.358000000000294
377.377000000000294
378.052000000000294
378.252000000000294
378.339000000000294
378.763000000000295
378.910000000000295
378.999000000000295
379.118000000000295
379.139000000000295
379.149000000000295
379.159000000000295
379.289000000000295
379.409000000000295
380.762000000000297
381.110000000000297
381.243000000000297
381.450000000000297
381.667000000000297
381.795000000000297
382.742000000000298
382.891000000000298
654.99200000000054
655.41500000000054
655.583000000000541
655.765000000000541
655.911000000000541
656.104000000000541
656.246000000000541
656.379000000000541
656.538000000000541
656.712000000000542
656.870000000000542
657.043000000000542
657.205000000000542
657.444000000000542
657.554000000000542
657.741000000000542
657.923000000000543
658.113000000000543
658.274000000000543
658.450000000000543
658.618000000000543
658.811000000000543
659.034000000000544
659.219000000000544
659.403000000000544
659.609000000000544
659.756000000000544
659.950000000000544
660.121000000000545
660.344000000000545
660.524000000000545
660.728000000000545
660.899000000000545
661.060000000000545
661.352000000000546
661.528000000000546
662.108000000000546
662.298000000000547
662.456000000000547
662.716000000000547
662.838000000000547
663.032000000000547
664.248000000000548
664.409000000000548
664.566000000000549
665.94000000000055
666.05100000000055
666.08300000000055
666.10800000000055
708.658000000000588
708.680000000000588
708.701000000000588
708.874000000000588
708.942000000000588
709.065000000000588
710.364000000000589
710.535000000000589
711.41600000000059
711.949000000000591
719.923000000000598
721.113000000000599
727.390000000000604
728.494000000000605
728.957000000000606
729.267000000000606
729.529000000000606
729.592000000000606
729.755000000000606
729.914000000000607
729.928000000000607
730.222000000000607
730.524000000000607
730.711000000000607
730.918000000000608
736.687000000000613
736.871000000000613
737.000000000000613
749.849000000000624
750.003000000000624
750.620000000000625
750.713000000000625
751.085000000000625
751.298000000000626
754.617000000000629
755.083000000000629
755.229000000000629
755.403000000000629
755.569000000000629
755.71100000000063
755.76000000000063
755.92200000000063
756.07600000000063
756.24000000000063
756.41000000000063
756.55800000000063
756.62600000000063
756.79300000000063
757.019000000000631
757.140000000000631
757.332000000000631
757.503000000000631
757.732000000000631
757.904000000000632
758.067000000000632
758.251000000000632
759.986000000000633
763.605000000000637
763.728000000000637
764.610000000000637
765.084000000000638
765.233000000000638
765.437000000000638
765.594000000000638
765.745000000000638
765.961000000000639
766.125000000000639
766.280000000000639
766.445000000000639
766.621000000000639
766.807000000000639
766.97600000000064
767.20400000000064
767.36300000000064
767.55500000000064
767.73100000000064
767.89900000000064
768.06000000000064
769.255000000000642
769.905000000000642
770.070000000000642
770.248000000000642
770.655000000000643
770.821000000000643
771.006000000000643
771.015000000000643
771.035000000000643
771.215000000000643
771.338000000000643
771.498000000000644
771.572000000000644
771.735000000000644
771.925000000000644
772.109000000000644
772.272000000000644
774.570000000000646
775.887000000000647
775.984000000000648
776.267000000000648
776.517000000000648
821.642000000000688
829.357000000000695
831.345000000000697
832.191000000000697
832.407000000000698
836.891000000000702
838.144000000000703
838.396000000000703
838.744000000000703
839.569000000000704
840.259000000000705
840.775000000000705
842.183000000000706
842.314000000000706
842.544000000000707
843.153000000000707
843.292000000000707
843.403000000000707
843.453000000000707
843.625000000000708
843.842000000000708
844.010000000000708
844.166000000000708
844.363000000000708
844.507000000000708
844.686000000000709
844.822000000000709
845.002000000000709
845.159000000000709
845.369000000000709
845.517000000000709
845.688000000000709
845.85100000000071
846.03500000000071
846.25000000000071
846.44000000000071
846.61200000000071
846.79200000000071
847.157000000000711
847.249000000000711
847.493000000000711
847.607000000000711
848.032000000000712
848.140000000000712
848.357000000000712
848.466000000000712
848.588000000000712
848.700000000000712
848.804000000000712
848.896000000000712
849.039000000000712
849.163000000000713
849.337000000000713
849.526000000000713
849.721000000000713
849.899000000000713
850.060000000000713
850.231000000000713
850.380000000000714
850.547000000000714
850.708000000000714
850.895000000000714
851.064000000000714
851.263000000000714
851.626000000000715
851.862000000000715
852.273000000000715
853.493000000000716
853.831000000000717
854.447000000000717
854.964000000000718
856.179000000000719
868.63200000000073
869.04700000000073
869.554000000000731
869.824000000000731
871.070000000000732
871.235000000000732
871.706000000000732
871.928000000000733
872.104000000000733
872.318000000000733
874.334000000000735
874.951000000000735
875.484000000000736
878.096000000000738
879.494000000000739
879.66400000000074
879.84200000000074
880.03800000000074
880.28400000000074
880.41500000000074
880.59200000000074
880.900000000000741
881.021000000000741
881.165000000000741
881.336000000000741
881.519000000000741
881.682000000000741
881.888000000000742
882.054000000000742
882.232000000000742
882.439000000000742
882.616000000000742
882.803000000000742
883.691000000000743
883.789000000000743
883.993000000000743
884.165000000000744
885.151000000000744
885.713000000000745
885.988000000000745
886.145000000000745
888.054000000000747
888.145000000000747
894.016000000000752
895.352000000000754
895.413000000000754
896.332000000000754
896.803000000000755
896.871000000000755
896.937000000000755
897.279000000000755
898.066000000000756
898.424000000000756
901.089000000000759
901.144000000000759
902.34600000000076
902.35900000000076
902.77100000000076
903.23300000000076
905.297000000000762
907.735000000000764
911.864000000000768
911.989000000000768
912.863000000000769
912.978000000000769
913.133000000000769
914.41900000000077
914.920000000000771
916.314000000000772
916.946000000000773
918.198000000000774
918.282000000000774
1002.640000000000849
1002.774000000000849
1003.028000000000849
1004.45500000000085
1004.668000000000851
1005.545000000000851
1006.186000000000852
1006.916000000000853
1009.647000000000855
1011.562000000000857
1011.755000000000857
1011.923000000000857
1012.118000000000857
1012.304000000000857
1012.461000000000858
1012.623000000000858
1014.325000000000859
1014.388000000000859
1015.19800000000086
1016.766000000000861
1018.816000000000863
1021.178000000000865
1021.349000000000865
1022.282000000000866
1024.34200000000087
1024.53700000000087
1024.71400000000087
1024.83000000000087
1025.15200000000087
1025.85000000000087
1025.89900000000087
1028.52200000000087
1028.81200000000087
1028.82800000000087
1028.98900000000087
1029.05700000000087
1029.95400000000087
1030.07700000000087
1030.39800000000087
1039.90000000000088
1039.97800000000088
1040.02400000000088
1040.55600000000088
1040.97600000000088
1043.91200000000089
1044.11000000000089
1044.97200000000089
1045.55100000000089
1045.73300000000089
1045.88000000000089
1047.54800000000089
1053.76200000000089
1054.20400000000089
1054.9490000000009
1055.5360000000009
1055.9260000000009
1056.1740000000009
1058.3850000000009
1059.6690000000009
1060.4810000000009
1061.3590000000009
1061.5890000000009
1110.74400000000094
1111.17700000000095
1111.23300000000095
1111.27600000000095
1111.34800000000095
1113.12200000000095
1114.17600000000095
1114.94100000000095
1116.36700000000095
1116.94600000000095
1117.88100000000095
1118.60000000000095
1120.40200000000095
1121.34500000000095
1248.59900000000107
1248.63300000000107
1248.75500000000107
1249.41600000000107
1250.03400000000107
1250.13000000000107
1251.52000000000107
1252.10200000000107
1252.14000000000107
1252.46700000000107
1253.03300000000107
1253.54500000000107
1254.39600000000107
1255.25600000000107
1255.28200000000107
1256.32600000000107
1257.44300000000108
1257.69000000000108
1257.85500000000108
1258.79600000000108
1259.25200000000108
1260.37600000000108
1260.99800000000108
1262.32300000000108
1292.07700000000111
1292.20300000000111
1293.13200000000111
1296.99500000000111
1297.13600000000111
1297.31200000000111
1298.40200000000111
1299.37200000000111
1299.49600000000111
1299.71100000000111
1300.87700000000111
1300.99000000000111
1301.28000000000111
1301.65200000000111
1301.81600000000111
1474.68900000000127
1592.25100000000137
1594.07600000000137
1594.19800000000137
1594.30500000000137
1594.67100000000137
1594.91100000000137
1595.77900000000138
1596.28100000000138
1596.72900000000138
1596.84200000000138
1596.94000000000138
1597.15700000000138
1597.36500000000138
1597.94400000000138
1598.12900000000138
1598.34300000000138
1598.46500000000138
1598.58100000000138
1598.67600000000138
1598.81800000000138
1599.03000000000138
1599.30200000000138
1599.44000000000138
1599.60300000000138
1599.77500000000138
1599.90300000000138
1600.10100000000138
1600.25400000000138
1600.40000000000138
1600.62600000000138
1600.79500000000138
1600.94200000000138
1601.11600000000138
1601.28000000000138
1601.43500000000138
1601.62800000000138
1601.72900000000138
1602.66200000000138
1602.86100000000138
1603.86500000000138
1604.52800000000138
1604.55600000000138
1605.43700000000138
1606.52600000000139
1608.24700000000139
1608.38900000000139
3073.71699999988881
3073.8519999998888
3073.99199999988878
3074.15999999988876
3075.30499999988864
3075.48099999988862
3075.92699999988857
3076.07899999988855
3076.5529999998885
3076.80699999988847
3077.12299999988844
3077.30599999988842
3077.4719999998884
3077.65199999988838
3079.69199999988815
3084.48699999988762
3084.99199999988757
0
0
0
0
0
0
0
0
0
0
0
0
0
3600.00099999983085
0
0
0
0
0
0
