10
12
18
10
12
18
IPP2.11
Test1
0
3
10
12
08
11
16
03
22
4
.3
1
709
709
1
865
865
1
1
1
1
1
1
1
1
1
1
1
1
1
1
1
1
1
1
1
1
708
-1
59.8360000000000115
59.9550000000000116
60.0910000000000117
60.2430000000000119
60.403000000000012
60.9440000000000125
61.0990000000000126
61.9290000000000134
62.0860000000000135
62.2500000000000136
62.4190000000000138
63.2260000000000145
63.3980000000000147
63.5580000000000148
63.7210000000000149
63.8870000000000151
64.0790000000000153
64.6530000000000158
64.8050000000000159
64.9750000000000161
65.1610000000000162
65.7120000000000167
65.8720000000000169
66.035000000000017
66.2140000000000172
66.3880000000000173
66.5610000000000175
67.5000000000000183
67.6440000000000184
67.8110000000000186
67.9830000000000187
68.1570000000000189
68.7660000000000194
69.5700000000000201
69.7310000000000203
69.9000000000000204
70.0690000000000206
70.2470000000000207
71.0070000000000214
71.1670000000000216
71.3500000000000217
105.5780000000000521
105.6850000000000522
105.8150000000000523
105.9380000000000524
106.0750000000000526
106.2290000000000527
106.3400000000000528
107.4160000000000538
107.693000000000054
107.9900000000000543
108.1510000000000544
108.3130000000000546
108.777000000000055
108.8970000000000551
109.0360000000000552
109.1860000000000553
109.3370000000000555
109.4930000000000556
109.6530000000000557
109.8140000000000559
109.973000000000056
110.6770000000000567
110.9670000000000569
111.2510000000000572
111.4200000000000573
111.5240000000000574
111.5860000000000575
111.7220000000000576
111.7650000000000576
112.155000000000058
112.6210000000000584
113.1730000000000589
172.685000000000112
173.142000000000112
174.029000000000113
174.521000000000113
174.631000000000113
174.772000000000114
174.921000000000114
175.049000000000114
175.217000000000114
175.338000000000114
175.485000000000114
175.639000000000114
175.918000000000115
176.049000000000115
176.429000000000115
176.585000000000115
176.729000000000115
176.859000000000115
177.020000000000116
177.310000000000116
177.564000000000116
177.717000000000116
177.857000000000116
179.082000000000117
179.230000000000118
179.375000000000118
179.783000000000118
180.090000000000118
180.222000000000118
180.379000000000119
180.549000000000119
180.716000000000119
180.999000000000119
181.161000000000119
181.303000000000119
181.47000000000012
181.65400000000012
181.82300000000012
181.98000000000012
182.15600000000012
182.28700000000012
182.44600000000012
182.604000000000121
182.766000000000121
182.933000000000121
183.104000000000121
183.273000000000121
185.208000000000123
185.670000000000123
185.803000000000123
185.959000000000124
186.115000000000124
186.268000000000124
186.422000000000124
187.016000000000124
187.143000000000125
187.265000000000125
245.675000000000177
246.030000000000177
246.155000000000177
246.288000000000177
246.435000000000177
246.589000000000177
246.715000000000177
246.866000000000178
247.026000000000178
247.169000000000178
247.323000000000178
247.468000000000178
247.621000000000178
247.778000000000178
247.932000000000179
248.075000000000179
248.241000000000179
248.400000000000179
248.796000000000179
248.945000000000179
249.10400000000018
249.29100000000018
249.43700000000018
249.60700000000018
249.76900000000018
249.92700000000018
250.09100000000018
250.291000000000181
250.456000000000181
250.590000000000181
250.990000000000181
251.163000000000181
251.332000000000182
251.613000000000182
251.791000000000182
251.938000000000182
252.112000000000182
252.702000000000183
252.859000000000183
253.022000000000183
253.187000000000183
253.353000000000183
253.528000000000184
253.703000000000184
253.995000000000184
254.116000000000184
254.278000000000184
254.446000000000184
254.637000000000184
254.803000000000185
254.973000000000185
255.146000000000185
255.707000000000185
255.847000000000186
256.011000000000186
256.178000000000186
256.345000000000186
256.519000000000186
256.693000000000186
256.857000000000186
257.042000000000187
257.202000000000187
257.350000000000187
257.546000000000187
257.707000000000187
257.865000000000187
258.035000000000188
258.197000000000188
258.362000000000188
258.535000000000188
258.703000000000188
258.881000000000188
259.047000000000188
259.214000000000189
259.383000000000189
259.545000000000189
259.710000000000189
259.890000000000189
260.050000000000189
260.212000000000189
260.30400000000019
260.38000000000019
260.47200000000019
260.54600000000019
260.63400000000019
260.71300000000019
260.87900000000019
261.06800000000019
261.22500000000019
261.399000000000191
261.555000000000191
261.719000000000191
261.901000000000191
262.082000000000191
262.255000000000191
262.438000000000191
262.594000000000192
262.747000000000192
262.907000000000192
263.060000000000192
263.224000000000192
263.402000000000192
263.598000000000192
263.751000000000193
263.885000000000193
264.858000000000194
264.991000000000194
265.148000000000194
265.311000000000194
265.477000000000194
265.637000000000194
265.814000000000194
265.972000000000195
266.125000000000195
266.280000000000195
266.454000000000195
266.631000000000195
266.790000000000195
266.972000000000195
267.136000000000196
267.297000000000196
267.455000000000196
267.622000000000196
267.797000000000196
268.631000000000197
268.771000000000197
268.932000000000197
269.073000000000197
269.207000000000197
269.365000000000198
270.494000000000199
271.5400000000002
272.5890000000002
273.570000000000201
274.751000000000202
276.596000000000204
276.779000000000204
276.922000000000204
277.098000000000204
277.266000000000205
277.440000000000205
277.608000000000205
277.782000000000205
277.950000000000205
278.102000000000205
278.275000000000206
278.446000000000206
278.619000000000206
278.777000000000206
278.949000000000206
279.128000000000206
279.305000000000206
279.491000000000207
279.651000000000207
279.806000000000207
279.963000000000207
280.110000000000207
280.279000000000207
280.462000000000207
280.663000000000208
280.844000000000208
281.027000000000208
281.211000000000208
281.389000000000208
281.569000000000208
281.757000000000209
281.936000000000209
282.108000000000209
282.279000000000209
282.441000000000209
282.600000000000209
282.768000000000209
282.94900000000021
283.12800000000021
283.32900000000021
283.52400000000021
283.70000000000021
283.87300000000021
284.049000000000211
284.253000000000211
284.431000000000211
284.622000000000211
284.808000000000211
284.992000000000211
285.175000000000212
285.351000000000212
285.541000000000212
285.727000000000212
286.350000000000213
286.501000000000213
323.886000000000246
324.012000000000246
324.139000000000246
324.276000000000246
324.410000000000246
324.552000000000247
324.700000000000247
324.849000000000247
324.998000000000247
325.144000000000247
325.291000000000247
325.451000000000247
325.609000000000248
325.771000000000248
325.931000000000248
326.218000000000248
326.373000000000248
326.537000000000248
326.699000000000248
326.786000000000249
326.951000000000249
327.194000000000249
327.274000000000249
327.352000000000249
327.448000000000249
327.521000000000249
327.619000000000249
327.694000000000249
327.82200000000025
327.98900000000025
328.04600000000025
328.06300000000025
328.23500000000025
328.40100000000025
328.55300000000025
328.93500000000025
329.334000000000251
329.487000000000251
329.583000000000251
329.741000000000251
330.874000000000252
331.024000000000252
331.121000000000252
331.189000000000252
331.362000000000253
331.661000000000253
331.770000000000253
331.969000000000253
332.072000000000253
332.222000000000253
336.000000000000257
336.142000000000257
336.297000000000257
336.391000000000257
336.466000000000257
336.631000000000257
336.735000000000257
336.802000000000258
336.907000000000258
336.984000000000258
337.174000000000258
339.46600000000026
339.61700000000026
339.78800000000026
339.96900000000026
340.16600000000026
340.372000000000261
340.544000000000261
340.728000000000261
340.910000000000261
341.107000000000261
341.537000000000262
341.667000000000262
341.813000000000262
341.975000000000262
342.454000000000262
342.632000000000263
342.807000000000263
342.990000000000263
343.168000000000263
343.365000000000263
343.559000000000263
343.744000000000264
343.930000000000264
344.122000000000264
344.340000000000264
344.522000000000264
344.709000000000264
344.897000000000265
345.090000000000265
345.281000000000265
345.486000000000265
351.12300000000027
351.26100000000027
351.40700000000027
351.560000000000271
351.657000000000271
351.685000000000271
351.707000000000271
351.732000000000271
352.055000000000271
352.467000000000271
352.559000000000271
352.677000000000272
352.798000000000272
352.952000000000272
353.613000000000272
353.978000000000273
354.172000000000273
406.78200000000032
406.87700000000032
406.99700000000032
407.13600000000032
407.27600000000032
407.42500000000032
407.58100000000032
407.73700000000032
407.826000000000321
407.905000000000321
408.063000000000321
408.236000000000321
408.399000000000321
408.567000000000321
408.743000000000321
408.902000000000322
409.067000000000322
409.239000000000322
409.438000000000322
409.605000000000322
409.896000000000322
410.039000000000323
410.202000000000323
410.374000000000323
410.787000000000323
411.040000000000323
411.223000000000324
411.544000000000324
412.222000000000324
412.784000000000325
412.903000000000325
413.045000000000325
413.201000000000325
413.525000000000326
413.846000000000326
414.019000000000326
414.211000000000326
414.389000000000326
414.535000000000327
414.700000000000327
414.846000000000327
415.012000000000327
415.185000000000327
415.337000000000327
415.503000000000327
415.654000000000328
415.818000000000328
415.991000000000328
416.166000000000328
416.618000000000328
416.749000000000328
416.907000000000329
417.069000000000329
417.244000000000329
417.418000000000329
417.574000000000329
417.739000000000329
417.91800000000033
418.09700000000033
418.27200000000033
418.46000000000033
418.62700000000033
418.77600000000033
419.347000000000331
419.495000000000331
419.659000000000331
419.826000000000331
419.986000000000331
420.166000000000332
420.326000000000332
421.120000000000332
421.273000000000332
421.438000000000333
421.620000000000333
421.818000000000333
422.012000000000333
422.209000000000333
422.412000000000334
422.605000000000334
422.803000000000334
422.986000000000334
423.174000000000334
423.383000000000334
423.521000000000335
423.718000000000335
423.907000000000335
424.094000000000335
424.279000000000335
424.471000000000335
424.653000000000336
424.846000000000336
425.023000000000336
425.220000000000336
425.381000000000336
425.525000000000336
425.716000000000336
425.867000000000337
426.057000000000337
426.236000000000337
427.635000000000338
427.847000000000338
427.997000000000338
428.143000000000339
428.315000000000339
428.498000000000339
428.774000000000339
428.957000000000339
429.13400000000034
429.31500000000034
429.66400000000034
429.76500000000034
429.93600000000034
430.04900000000034
430.522000000000341
430.679000000000341
430.816000000000341
430.958000000000341
431.097000000000341
431.342000000000341
431.560000000000342
463.92900000000037
464.03900000000037
464.168000000000371
464.305000000000371
647.097000000000533
647.224000000000533
647.357000000000533
647.498000000000533
647.953000000000534
648.072000000000534
648.182000000000534
648.298000000000534
648.545000000000534
648.812000000000535
648.950000000000535
649.097000000000535
649.238000000000535
655.27700000000054
655.40900000000054
655.571000000000541
655.699000000000541
655.836000000000541
655.986000000000541
656.136000000000541
656.291000000000541
656.454000000000541
656.728000000000542
656.879000000000542
657.035000000000542
657.195000000000542
657.361000000000542
657.529000000000542
657.693000000000542
657.852000000000543
658.018000000000543
658.189000000000543
658.359000000000543
658.527000000000543
658.701000000000543
658.872000000000544
659.044000000000544
659.220000000000544
659.387000000000544
659.567000000000544
659.746000000000544
660.023000000000545
660.169000000000545
660.335000000000545
660.511000000000545
660.682000000000545
660.858000000000545
661.034000000000545
661.200000000000546
661.378000000000546
661.548000000000546
661.716000000000546
661.884000000000546
662.061000000000546
662.234000000000546
662.404000000000547
662.574000000000547
663.053000000000547
663.206000000000547
663.372000000000548
663.546000000000548
663.714000000000548
663.893000000000548
664.070000000000548
664.252000000000548
664.421000000000548
664.589000000000549
664.771000000000549
778.79300000000065
779.432000000000651
779.983000000000651
780.105000000000651
780.248000000000651
780.408000000000651
780.571000000000652
780.734000000000652
780.905000000000652
781.074000000000652
781.246000000000652
781.391000000000652
781.555000000000652
1039.76600000000088
1050.76500000000089
1050.89700000000089
1051.03500000000089
1051.19300000000089
1051.33100000000089
1051.48100000000089
1051.63400000000089
1051.78900000000089
1051.95600000000089
1052.12400000000089
1052.29000000000089
1052.45400000000089
1052.61400000000089
1052.78500000000089
1052.95200000000089
1053.11100000000089
1053.28200000000089
1053.45400000000089
1053.62700000000089
1053.78200000000089
1053.98100000000089
1054.56800000000089
1054.7220000000009
1054.8870000000009
1055.1750000000009
1055.3370000000009
1055.5220000000009
1055.6890000000009
1055.8540000000009
1056.0260000000009
1056.2020000000009
1056.3600000000009
1056.5240000000009
1058.0700000000009
1058.1820000000009
1058.3470000000009
1058.5080000000009
1058.6710000000009
1058.8520000000009
1293.73900000000111
1293.87800000000111
1294.00900000000111
1294.15800000000111
1294.30400000000111
1294.45600000000111
1294.62200000000111
1294.77800000000111
1294.93800000000111
1556.81200000000134
1557.79900000000134
1569.89100000000135
1570.00100000000135
1570.14300000000135
1570.28200000000135
1570.44100000000135
1570.60200000000135
1631.33300000000141
1633.49100000000141
1827.89500000000158
1828.02400000000158
1828.16900000000158
1828.49900000000158
1828.63800000000158
1828.79500000000158
1828.95900000000158
1829.11200000000158
1829.27800000000158
1829.44700000000158
1829.62200000000158
1829.96500000000158
1830.11000000000158
1830.27300000000158
1830.44200000000158
-2
59.8860000000000115
60.0210000000000117
60.1680000000000118
60.3180000000000119
60.4670000000000121
60.9980000000000125
61.1580000000000127
61.9900000000000134
62.1570000000000136
62.3110000000000137
62.4770000000000138
63.3080000000000146
63.4740000000000147
63.6360000000000149
63.800000000000015
63.9670000000000152
64.1400000000000153
64.7170000000000158
64.882000000000016
65.0670000000000161
65.2330000000000163
65.7830000000000168
65.9420000000000169
66.1130000000000171
66.2900000000000172
66.4690000000000174
66.6280000000000175
67.5610000000000184
67.7240000000000185
67.8980000000000187
68.0680000000000188
68.243000000000019
68.8380000000000195
69.6480000000000202
69.8090000000000204
69.9800000000000205
70.1520000000000207
70.3200000000000208
71.0870000000000215
71.2510000000000216
71.4150000000000218
105.6190000000000522
105.7420000000000523
105.8720000000000524
106.0150000000000525
106.1760000000000527
106.2700000000000527
106.4040000000000529
107.4890000000000538
107.8020000000000541
108.1050000000000544
108.2580000000000545
108.3990000000000546
108.811000000000055
108.9570000000000551
109.1060000000000553
109.2580000000000554
109.4130000000000555
109.5700000000000557
109.7320000000000558
109.886000000000056
110.0410000000000561
110.7920000000000568
111.096000000000057
111.3700000000000573
111.4560000000000573
111.5730000000000574
111.6470000000000575
111.7500000000000576
111.9450000000000578
112.2590000000000581
112.7010000000000584
113.2560000000000589
172.771000000000112
173.210000000000112
174.138000000000113
174.540000000000113
174.695000000000114
174.830000000000114
174.967000000000114
175.106000000000114
175.252000000000114
175.407000000000114
175.554000000000114
175.709000000000114
175.950000000000115
176.095000000000115
176.497000000000115
176.636000000000115
176.770000000000115
176.930000000000116
177.080000000000116
177.354000000000116
177.625000000000116
177.768000000000116
177.916000000000116
179.141000000000117
179.284000000000118
179.442000000000118
179.835000000000118
180.124000000000118
180.286000000000118
180.458000000000119
180.628000000000119
180.785000000000119
181.066000000000119
181.212000000000119
181.380000000000119
181.55300000000012
181.72700000000012
181.88200000000012
182.05600000000012
182.19000000000012
182.35000000000012
182.49500000000012
182.675000000000121
182.843000000000121
183.017000000000121
183.184000000000121
183.355000000000121
185.262000000000123
185.728000000000123
185.879000000000123
186.035000000000124
186.186000000000124
186.341000000000124
186.494000000000124
187.069000000000124
187.237000000000125
188.230000000000126
245.724000000000177
246.082000000000177
246.221000000000177
246.360000000000177
246.504000000000177
246.653000000000177
246.786000000000178
246.938000000000178
247.087000000000178
247.237000000000178
247.379000000000178
247.536000000000178
247.691000000000178
247.841000000000178
247.984000000000179
248.140000000000179
248.313000000000179
248.455000000000179
248.860000000000179
249.01800000000018
249.17700000000018
249.34600000000018
249.51700000000018
249.67900000000018
249.83300000000018
250.00100000000018
250.182000000000181
250.366000000000181
250.524000000000181
250.645000000000181
251.076000000000181
251.244000000000182
251.400000000000182
251.689000000000182
251.849000000000182
252.020000000000182
252.180000000000182
252.774000000000183
252.938000000000183
253.101000000000183
253.266000000000183
253.443000000000183
253.612000000000184
253.783000000000184
254.028000000000184
254.189000000000184
254.359000000000184
254.528000000000184
254.715000000000185
254.887000000000185
255.053000000000185
255.204000000000185
255.760000000000186
255.927000000000186
256.092000000000186
256.256000000000186
256.430000000000186
256.604000000000186
256.768000000000186
256.938000000000187
257.110000000000187
257.260000000000187
257.435000000000187
257.617000000000187
257.775000000000187
257.943000000000187
258.129000000000188
258.292000000000188
258.452000000000188
258.614000000000188
258.795000000000188
258.962000000000188
259.135000000000188
259.313000000000189
259.475000000000189
259.647000000000189
259.808000000000189
259.965000000000189
260.127000000000189
260.29400000000019
260.31700000000019
260.46400000000019
260.48800000000019
260.62900000000019
260.64900000000019
260.81200000000019
260.97500000000019
261.14200000000019
261.31400000000019
261.493000000000191
261.646000000000191
261.843000000000191
262.006000000000191
262.170000000000191
262.336000000000191
262.504000000000191
262.658000000000192
262.825000000000192
262.976000000000192
263.160000000000192
263.344000000000192
263.506000000000192
263.661000000000193
263.870000000000193
263.988000000000193
264.901000000000194
265.066000000000194
265.227000000000194
265.389000000000194
265.554000000000194
265.720000000000194
265.884000000000194
266.051000000000195
266.195000000000195
266.376000000000195
266.545000000000195
266.706000000000195
266.893000000000195
267.053000000000196
267.232000000000196
267.387000000000196
267.547000000000196
267.722000000000196
267.889000000000196
268.693000000000197
268.866000000000197
269.014000000000197
269.182000000000197
269.342000000000198
270.341000000000198
271.378000000000199
272.4230000000002
273.401000000000201
274.450000000000202
275.198000000000203
276.656000000000204
276.838000000000204
277.007000000000204
277.179000000000205
277.347000000000205
277.519000000000205
277.692000000000205
277.850000000000205
278.009000000000205
278.187000000000205
278.353000000000206
278.523000000000206
278.692000000000206
278.865000000000206
279.038000000000206
279.210000000000206
279.390000000000206
279.563000000000207
279.714000000000207
279.868000000000207
280.015000000000207
280.187000000000207
280.372000000000207
280.559000000000208
280.743000000000208
280.932000000000208
281.115000000000208
281.295000000000208
281.476000000000208
281.664000000000209
281.840000000000209
282.005000000000209
282.188000000000209
282.344000000000209
282.501000000000209
282.669000000000209
282.84900000000021
283.03600000000021
283.22600000000021
283.42600000000021
283.60600000000021
283.77800000000021
283.950000000000211
284.141000000000211
284.337000000000211
284.522000000000211
284.712000000000211
284.890000000000211
285.076000000000212
285.251000000000212
285.442000000000212
285.626000000000212
285.780000000000212
286.451000000000213
293.496000000000219
323.946000000000246
324.071000000000246
324.205000000000246
324.359000000000246
324.490000000000247
324.631000000000247
324.774000000000247
324.924000000000247
325.069000000000247
325.214000000000247
325.370000000000247
325.532000000000247
325.689000000000248
325.850000000000248
326.002000000000248
326.287000000000248
326.452000000000248
326.615000000000248
326.779000000000249
326.942000000000249
327.110000000000249
327.266000000000249
327.298000000000249
327.436000000000249
327.458000000000249
327.607000000000249
327.641000000000249
327.785000000000249
327.97700000000025
328.02200000000025
328.06200000000025
328.14700000000025
328.32800000000025
328.51100000000025
328.62400000000025
328.969000000000251
329.410000000000251
329.567000000000251
329.736000000000251
330.445000000000252
330.950000000000252
331.103000000000252
331.129000000000252
331.267000000000253
331.443000000000253
331.705000000000253
331.795000000000253
332.024000000000253
332.200000000000253
335.515000000000256
336.066000000000257
336.218000000000257
336.385000000000257
336.402000000000257
336.549000000000257
336.718000000000257
336.754000000000257
336.896000000000258
336.931000000000258
337.080000000000258
337.263000000000258
339.53400000000026
339.70100000000026
339.87500000000026
340.05800000000026
340.253000000000261
340.489000000000261
340.637000000000261
340.822000000000261
341.003000000000261
341.184000000000261
341.628000000000262
341.734000000000262
341.892000000000262
342.062000000000262
342.532000000000263
342.719000000000263
342.898000000000263
343.080000000000263
343.260000000000263
343.459000000000263
343.644000000000264
343.836000000000264
344.019000000000264
344.200000000000264
344.418000000000264
344.613000000000264
344.805000000000265
344.988000000000265
345.185000000000265
345.367000000000265
345.575000000000265
351.19700000000027
351.36100000000027
351.487000000000271
351.650000000000271
351.675000000000271
351.694000000000271
351.715000000000271
351.849000000000271
352.114000000000271
352.509000000000271
352.619000000000272
352.768000000000272
352.928000000000272
353.430000000000272
353.949000000000273
354.118000000000273
354.650000000000273
406.82600000000032
406.94400000000032
407.06700000000032
407.23400000000032
407.40600000000032
407.50800000000032
407.66300000000032
407.821000000000321
407.843000000000321
407.984000000000321
408.150000000000321
408.316000000000321
408.477000000000321
408.658000000000321
408.830000000000321
408.983000000000322
409.157000000000322
409.330000000000322
409.494000000000322
409.679000000000322
409.960000000000322
410.124000000000323
410.290000000000323
410.462000000000323
410.863000000000323
411.170000000000324
411.321000000000324
412.022000000000324
412.362000000000325
412.833000000000325
412.973000000000325
413.121000000000325
413.444000000000326
413.837000000000326
413.929000000000326
414.104000000000326
414.325000000000326
414.490000000000326
414.633000000000327
414.754000000000327
414.921000000000327
415.098000000000327
415.246000000000327
415.423000000000327
415.604000000000327
415.742000000000328
415.903000000000328
416.070000000000328
416.224000000000328
416.675000000000328
416.829000000000329
416.996000000000329
417.184000000000329
417.345000000000329
417.494000000000329
417.651000000000329
417.835000000000329
418.01800000000033
418.18400000000033
418.37700000000033
418.57000000000033
418.67600000000033
418.80900000000033
419.431000000000331
419.601000000000331
419.760000000000331
419.949000000000331
420.099000000000331
420.282000000000332
420.643000000000332
421.221000000000332
421.405000000000333
421.583000000000333
421.769000000000333
421.965000000000333
422.159000000000333
422.358000000000333
422.543000000000334
422.731000000000334
422.928000000000334
423.124000000000334
423.316000000000334
423.455000000000334
423.665000000000335
423.849000000000335
424.048000000000335
424.230000000000335
424.411000000000335
424.598000000000335
424.791000000000336
424.962000000000336
425.131000000000336
425.305000000000336
425.496000000000336
425.660000000000336
425.819000000000337
426.014000000000337
426.168000000000337
426.316000000000337
427.691000000000338
427.889000000000338
428.071000000000339
428.234000000000339
428.405000000000339
428.575000000000339
428.864000000000339
429.045000000000339
429.23200000000034
429.39900000000034
429.73100000000034
429.88400000000034
430.01200000000034
430.336000000000341
430.645000000000341
430.767000000000341
430.939000000000341
431.077000000000341
431.241000000000341
431.404000000000342
431.656000000000342
463.97400000000037
464.094000000000371
464.229000000000371
464.373000000000371
647.148000000000533
647.280000000000533
647.418000000000533
647.566000000000533
648.036000000000534
648.135000000000534
648.246000000000534
648.341000000000534
648.587000000000534
648.868000000000535
649.015000000000535
649.155000000000535
649.305000000000535
655.32500000000054
655.46500000000054
655.618000000000541
655.764000000000541
655.937000000000541
656.097000000000541
656.217000000000541
656.404000000000541
656.552000000000541
656.799000000000542
656.956000000000542
657.118000000000542
657.317000000000542
657.486000000000542
657.652000000000542
657.781000000000542
657.943000000000543
658.106000000000543
658.273000000000543
658.458000000000543
658.636000000000543
658.806000000000543
658.991000000000544
659.127000000000544
659.316000000000544
659.474000000000544
659.643000000000544
659.817000000000544
660.130000000000545
660.294000000000545
660.483000000000545
660.677000000000545
660.778000000000545
660.937000000000545
661.107000000000546
661.289000000000546
661.470000000000546
661.666000000000546
661.834000000000546
662.021000000000546
662.148000000000546
662.347000000000547
662.498000000000547
662.665000000000547
663.131000000000547
663.290000000000547
663.457000000000548
663.650000000000548
663.826000000000548
664.031000000000548
664.203000000000548
664.360000000000548
664.505000000000548
664.672000000000549
664.852000000000549
778.85700000000065
779.513000000000651
780.018000000000651
780.186000000000651
780.353000000000651
780.496000000000652
780.670000000000652
780.822000000000652
780.992000000000652
781.148000000000652
781.292000000000652
781.456000000000652
781.641000000000653
1039.81800000000088
1050.81200000000089
1050.95200000000089
1051.08800000000089
1051.24600000000089
1051.39000000000089
1051.53100000000089
1051.71700000000089
1051.87400000000089
1052.04500000000089
1052.20900000000089
1052.37000000000089
1052.52300000000089
1052.69200000000089
1052.85900000000089
1053.01400000000089
1053.19000000000089
1053.35900000000089
1053.52700000000089
1053.68000000000089
1053.85700000000089
1054.00200000000089
1054.6210000000009
1054.8100000000009
1054.9570000000009
1055.2660000000009
1055.4380000000009
1055.6140000000009
1055.7660000000009
1055.9350000000009
1056.1290000000009
1056.2680000000009
1056.4350000000009
1056.6170000000009
1058.0990000000009
1058.2560000000009
1058.4290000000009
1058.5850000000009
1058.7440000000009
1058.8910000000009
1293.79500000000111
1293.92900000000111
1294.07300000000111
1294.23000000000111
1294.38100000000111
1294.53600000000111
1294.69100000000111
1294.84400000000111
1295.00700000000111
1556.85400000000134
1557.82200000000134
1569.93200000000135
1570.06600000000135
1570.21800000000135
1570.35800000000135
1570.51900000000135
1570.69400000000135
1631.39600000000141
1633.51100000000141
1827.93400000000158
1828.07600000000158
1828.23400000000158
1828.57700000000158
1828.71900000000158
1828.91500000000158
1829.06100000000158
1829.20700000000158
1829.36500000000158
1829.54500000000158
1829.71900000000158
1830.02800000000158
1830.18300000000158
1830.35500000000158
1830.54200000000158
864
-3
15.0010000000000003
15.41900000000000031
15.97400000000000032
16.0590000000000003
16.1600000000000002
16.2680000000000001
16.2870000000000001
16.367
16.4949999999999999
16.9639999999999995
17.507999999999999
17.6409999999999989
17.7909999999999988
17.9169999999999987
18.5729999999999981
18.717999999999998
18.8589999999999979
19.2809999999999975
19.4089999999999974
19.8369999999999971
20.2809999999999967
20.4269999999999966
20.5699999999999965
20.7279999999999963
20.8679999999999962
21.4249999999999957
21.7429999999999955
21.8829999999999953
22.1789999999999951
22.329999999999995
22.4749999999999948
22.6319999999999947
23.0919999999999943
23.2199999999999942
23.3839999999999941
23.5319999999999939
23.6899999999999938
23.8359999999999937
23.9979999999999935
24.1569999999999934
24.3339999999999933
24.5099999999999931
24.643999999999993
24.8239999999999928
24.9459999999999927
25.1139999999999926
25.2709999999999925
25.4389999999999923
25.6149999999999922
25.768999999999992
25.9269999999999919
26.6839999999999913
26.8419999999999911
27.004999999999991
27.1649999999999909
27.3299999999999907
27.4899999999999906
27.6519999999999905
27.8149999999999903
27.9939999999999902
28.15899999999999
28.3149999999999899
28.4939999999999897
28.6449999999999896
28.7989999999999895
28.9719999999999893
29.1389999999999892
29.3039999999999891
29.4769999999999889
29.6709999999999887
29.8349999999999886
29.9959999999999885
30.1579999999999883
30.3299999999999882
30.504999999999988
30.6689999999999879
30.8499999999999878
31.0169999999999876
31.1879999999999875
31.3589999999999873
31.5279999999999872
31.702999999999987
31.8989999999999869
32.0699999999999868
32.218999999999987
32.3679999999999871
32.5259999999999872
32.6799999999999874
36.5979999999999909
36.729999999999991
36.8739999999999911
37.0249999999999912
37.1829999999999914
37.3439999999999915
37.5079999999999917
37.6749999999999918
37.848999999999992
38.0169999999999921
38.1809999999999923
38.3649999999999924
38.5299999999999926
38.6949999999999927
38.8679999999999929
39.036999999999993
39.2099999999999932
39.3769999999999933
39.5509999999999935
39.7309999999999936
43.3709999999999969
43.505999999999997
43.6539999999999971
43.8039999999999973
43.9549999999999974
44.1139999999999975
44.2769999999999977
44.4459999999999978
44.614999999999998
44.7889999999999981
44.9609999999999983
45.1329999999999984
45.3029999999999986
45.4779999999999987
45.6649999999999989
45.8349999999999991
45.9979999999999992
46.1589999999999994
46.3089999999999995
46.4759999999999996
46.6369999999999998
46.8049999999999999
46.9640000000000001
47.1350000000000002
47.3340000000000004
47.4950000000000005
47.6590000000000007
51.9020000000000044
52.0180000000000046
52.1530000000000047
52.3020000000000048
52.4580000000000049
52.6140000000000051
52.7820000000000052
52.8840000000000053
52.9540000000000054
53.1240000000000055
53.3120000000000057
53.4180000000000058
53.4890000000000059
53.651000000000006
53.7620000000000061
53.8300000000000062
53.9340000000000063
54.0260000000000063
54.1570000000000065
54.3170000000000066
54.4800000000000067
54.5800000000000068
54.6500000000000069
118.4120000000000635
118.5320000000000636
118.6600000000000637
118.7980000000000639
118.948000000000064
119.0970000000000641
119.2510000000000643
119.4130000000000644
119.5730000000000646
119.7320000000000647
119.9180000000000649
120.062000000000065
120.097000000000065
120.2860000000000652
120.3120000000000652
120.7090000000000656
120.8460000000000657
121.0150000000000658
121.2820000000000661
121.3690000000000662
121.5530000000000663
121.8230000000000666
121.9510000000000667
122.1160000000000668
122.1480000000000668
122.264000000000067
122.359000000000067
122.4320000000000671
122.5230000000000672
122.5640000000000672
123.3290000000000679
123.5840000000000681
123.8250000000000683
124.1240000000000686
124.4550000000000689
124.617000000000069
124.7630000000000692
125.1250000000000695
125.4600000000000698
125.6350000000000699
125.8060000000000701
126.1080000000000704
126.2980000000000705
126.4600000000000707
159.0490000000001
159.3020000000001
218.299000000000152
219.730000000000154
219.791000000000154
219.949000000000154
220.194000000000154
220.301000000000154
220.442000000000154
220.567000000000154
220.895000000000155
220.997000000000155
221.140000000000155
221.228000000000155
221.512000000000155
221.642000000000155
221.910000000000155
222.031000000000156
222.162000000000156
222.321000000000156
222.466000000000156
222.626000000000156
319.481000000000242
319.754000000000242
319.867000000000242
320.000000000000243
320.116000000000243
320.375000000000243
320.507000000000243
320.637000000000243
320.932000000000243
466.587000000000373
467.974000000000374
468.077000000000374
468.220000000000374
468.374000000000374
468.487000000000374
468.669000000000375
468.789000000000375
468.941000000000375
526.815000000000426
527.846000000000427
527.968000000000427
528.453000000000428
528.613000000000428
528.760000000000428
528.917000000000428
529.064000000000428
529.225000000000428
529.377000000000428
529.528000000000429
529.676000000000429
529.847000000000429
530.035000000000429
530.193000000000429
530.457000000000429
530.83100000000043
530.97100000000043
531.11800000000043
531.27800000000043
531.43000000000043
531.57900000000043
531.728000000000431
531.920000000000431
532.091000000000431
532.247000000000431
532.391000000000431
532.559000000000431
532.752000000000432
532.934000000000432
533.127000000000432
533.291000000000432
534.073000000000433
534.209000000000433
534.367000000000433
534.520000000000433
534.669000000000433
534.816000000000433
534.975000000000433
535.164000000000434
535.307000000000434
535.487000000000434
535.659000000000434
535.964000000000434
536.113000000000434
536.271000000000435
536.435000000000435
536.959000000000435
537.119000000000435
537.315000000000436
538.083000000000436
539.003000000000437
539.185000000000437
539.268000000000437
539.452000000000437
539.592000000000438
539.752000000000438
540.099000000000438
540.197000000000438
540.402000000000438
540.495000000000438
540.587000000000438
540.688000000000439
540.790000000000439
540.944000000000439
541.091000000000439
541.264000000000439
541.415000000000439
541.670000000000439
541.74900000000044
541.83800000000044
542.26500000000044
542.53000000000044
542.62000000000044
542.79600000000044
542.940000000000441
543.111000000000441
543.769000000000441
544.533000000000442
544.680000000000442
545.065000000000442
545.205000000000443
545.373000000000443
545.927000000000443
546.043000000000443
546.195000000000443
546.564000000000444
546.878000000000444
547.001000000000444
547.215000000000444
547.296000000000444
547.385000000000444
547.612000000000445
547.786000000000445
547.917000000000445
548.200000000000445
548.249000000000445
548.606000000000446
549.183000000000446
549.280000000000446
549.370000000000446
549.811000000000447
549.932000000000447
550.228000000000447
550.330000000000447
550.531000000000447
550.634000000000447
550.728000000000447
550.825000000000448
550.927000000000448
551.038000000000448
551.145000000000448
551.230000000000448
551.426000000000448
551.543000000000448
551.662000000000448
551.767000000000448
551.904000000000449
552.020000000000449
552.095000000000449
552.208000000000449
552.433000000000449
552.540000000000449
552.641000000000449
552.890000000000449
553.03700000000045
553.12000000000045
553.14800000000045
553.22000000000045
553.48000000000045
553.54300000000045
554.15300000000045
554.372000000000451
555.335000000000452
555.469000000000452
555.669000000000452
555.839000000000452
556.342000000000452
556.414000000000452
556.530000000000453
556.621000000000453
556.700000000000453
556.807000000000453
556.922000000000453
557.035000000000453
557.435000000000453
557.828000000000454
557.983000000000454
558.110000000000454
558.927000000000455
559.151000000000455
559.322000000000455
559.457000000000455
559.983000000000456
560.125000000000456
560.279000000000456
560.457000000000456
560.613000000000456
560.624000000000456
560.773000000000456
560.927000000000457
561.075000000000457
561.155000000000457
561.221000000000457
561.239000000000457
561.402000000000457
561.583000000000457
561.753000000000457
562.473000000000458
562.602000000000458
562.623000000000458
562.790000000000458
562.934000000000458
562.962000000000458
563.102000000000458
563.264000000000459
563.443000000000459
563.603000000000459
563.631000000000459
563.799000000000459
563.998000000000459
564.018000000000459
564.191000000000459
564.34700000000046
564.49800000000046
564.90200000000046
565.07900000000046
565.487000000000461
565.641000000000461
565.805000000000461
565.960000000000461
565.986000000000461
566.169000000000461
566.342000000000461
566.533000000000461
566.722000000000462
566.925000000000462
566.948000000000462
567.120000000000462
567.287000000000462
567.482000000000462
567.569000000000462
567.657000000000462
567.817000000000463
568.009000000000463
568.196000000000463
568.391000000000463
568.562000000000463
568.737000000000463
569.132000000000464
569.336000000000464
569.523000000000464
569.714000000000464
569.876000000000464
569.892000000000464
570.079000000000465
570.315000000000465
570.470000000000465
570.602000000000465
570.708000000000465
570.779000000000465
570.959000000000465
571.131000000000466
571.296000000000466
571.309000000000466
571.710000000000466
571.896000000000466
572.074000000000466
572.302000000000467
572.507000000000467
572.678000000000467
572.847000000000467
573.002000000000467
573.028000000000467
573.660000000000468
573.824000000000468
574.009000000000468
574.183000000000468
574.566000000000469
574.864000000000469
575.211000000000469
575.453000000000469
575.518000000000469
575.65200000000047
575.73000000000047
576.17200000000047
576.803000000000471
576.962000000000471
577.148000000000471
577.306000000000471
577.321000000000471
577.440000000000471
577.485000000000471
577.510000000000471
577.738000000000471
577.866000000000472
578.042000000000472
578.229000000000472
578.824000000000472
578.979000000000473
579.150000000000473
580.106000000000474
580.266000000000474
580.432000000000474
580.616000000000474
580.791000000000474
580.985000000000474
581.193000000000474
583.576000000000477
584.002000000000477
587.33600000000048
587.80900000000048
587.955000000000481
588.117000000000481
588.283000000000481
588.450000000000481
588.624000000000481
588.804000000000481
588.971000000000481
589.156000000000482
589.334000000000482
589.571000000000482
589.734000000000482
589.899000000000482
590.072000000000482
590.772000000000483
590.942000000000483
591.112000000000483
591.296000000000484
591.469000000000484
591.680000000000484
591.862000000000484
591.991000000000484
592.105000000000484
592.296000000000484
592.468000000000484
592.641000000000485
597.720000000000489
598.25700000000049
598.39100000000049
598.54700000000049
599.16400000000049
599.372000000000491
599.555000000000491
599.710000000000491
599.909000000000491
600.105000000000491
718.587000000000597
718.712000000000597
719.272000000000597
719.641000000000598
719.803000000000598
719.901000000000598
720.268000000000598
720.625000000000598
720.787000000000598
721.024000000000599
721.138000000000599
721.219000000000599
721.449000000000599
721.570000000000599
721.9040000000006
722.1700000000006
722.8550000000006
723.735000000000601
724.014000000000601
724.183000000000602
724.334000000000602
724.594000000000602
724.833000000000602
725.570000000000603
725.696000000000603
725.778000000000603
725.838000000000603
726.137000000000603
726.289000000000603
726.463000000000604
726.654000000000604
726.780000000000604
726.934000000000604
727.104000000000604
727.264000000000604
727.759000000000605
727.923000000000605
728.179000000000605
728.504000000000605
728.841000000000606
729.017000000000606
729.430000000000606
729.540000000000606
1694.17000000000146
1694.29700000000146
1694.44200000000146
1694.58600000000146
1694.73800000000146
1694.89800000000146
1695.47300000000146
1695.62000000000146
1695.77400000000146
1695.93100000000146
1696.10000000000146
1696.27500000000146
1696.46400000000146
1696.63300000000147
1697.20000000000147
1697.34100000000147
1697.51900000000147
1697.70900000000147
1697.87800000000147
1698.06300000000147
1698.26300000000147
1698.43700000000147
1698.61100000000147
1698.79500000000147
1698.99200000000147
1699.15400000000147
1699.34300000000147
1699.53800000000147
1699.72300000000147
1699.90800000000147
1700.08800000000147
1700.26600000000147
1700.44900000000147
1700.63100000000147
1700.82400000000147
1701.01000000000147
1701.20100000000147
1701.22400000000147
1701.37200000000147
1701.55400000000147
1701.72600000000147
1701.90900000000147
1702.10400000000147
1702.30200000000147
1702.49200000000147
1702.90900000000147
1703.07500000000147
1703.24900000000147
1703.43200000000147
1704.13600000000147
1704.29900000000147
1704.46000000000147
1704.64400000000147
1705.19600000000147
1705.35800000000147
1705.53800000000147
1706.24300000000147
1706.35600000000147
1706.46700000000147
1706.58100000000147
1706.83100000000147
1707.18900000000147
1707.34400000000147
1707.44100000000147
1707.93500000000148
1708.23800000000148
1708.38000000000148
1708.53900000000148
1708.85800000000148
1709.31100000000148
1709.49300000000148
1709.68200000000148
1710.00500000000148
1710.17900000000148
1710.75000000000148
1710.91300000000148
1711.15000000000148
1711.37200000000148
1711.94300000000148
1712.20700000000148
1712.48500000000148
1712.57500000000148
1713.33600000000148
1713.44900000000148
1713.77000000000148
1714.02800000000148
1714.17000000000148
1714.78500000000148
1714.93000000000148
1715.08200000000148
1715.27100000000148
1715.41600000000148
1715.75800000000148
1716.37900000000148
1716.42200000000148
1716.56300000000148
1716.76600000000148
1716.94800000000148
1717.04600000000148
1717.39200000000148
1718.00700000000148
1718.07500000000148
1718.30700000000148
1718.39700000000148
1718.59200000000148
1718.66700000000148
1718.80500000000148
1718.94300000000148
1719.80400000000149
1720.10500000000149
1720.56800000000149
1720.71100000000149
1721.00000000000149
1721.25400000000149
1721.39100000000149
1721.65900000000149
1721.77700000000149
1722.56500000000149
1722.77000000000149
1723.13500000000149
1723.21200000000149
1723.43000000000149
1723.54500000000149
1723.65400000000149
1723.75500000000149
1723.88600000000149
1724.02200000000149
1724.16300000000149
1724.27900000000149
1724.41900000000149
1724.55000000000149
1724.68400000000149
1724.84100000000149
1724.98100000000149
1725.14400000000149
1725.23000000000149
1725.30900000000149
1725.47700000000149
1725.64100000000149
1725.72600000000149
1725.80100000000149
1725.95600000000149
1726.13000000000149
1726.29900000000149
1726.47600000000149
1726.65800000000149
1726.85100000000149
1726.94300000000149
1727.03600000000149
1727.17600000000149
1727.32000000000149
1727.41000000000149
1727.49400000000149
1727.58400000000149
1727.67200000000149
1727.83900000000149
1727.99100000000149
1728.16600000000149
1728.34200000000149
1728.82100000000149
1728.98800000000149
1729.13400000000149
1729.30700000000149
1729.46600000000149
1729.62700000000149
1729.80800000000149
1729.99500000000149
1730.1910000000015
1730.3980000000015
1730.8480000000015
1731.0050000000015
1731.4240000000015
1731.8650000000015
1732.0720000000015
1732.2670000000015
1732.5020000000015
1732.6420000000015
1732.8150000000015
1733.0030000000015
1733.1870000000015
1733.5180000000015
1733.5780000000015
1733.8130000000015
1734.1060000000015
1734.2570000000015
1734.9130000000015
1735.0550000000015
1735.2120000000015
1742.27600000000151
1742.64600000000151
1742.96400000000151
1743.09500000000151
1743.18500000000151
1743.38200000000151
1743.66500000000151
1743.85700000000151
1744.10600000000151
1744.16000000000151
1744.35800000000151
1744.47900000000151
1744.61600000000151
1744.77000000000151
1745.09800000000151
1745.25400000000151
1746.06700000000151
1746.17900000000151
1746.26900000000151
1746.43200000000151
1746.55700000000151
1746.70600000000151
1746.88500000000151
1747.03400000000151
1747.30400000000151
1747.32900000000151
1747.43300000000151
1747.86800000000151
1747.92900000000151
1747.96300000000151
1748.25800000000151
1748.38600000000151
1748.54100000000151
1748.85300000000151
1750.22200000000151
1750.61400000000151
1750.83600000000151
1751.06900000000151
1751.35800000000151
1751.64200000000151
1752.06500000000151
1752.70200000000152
1752.83300000000152
1752.99700000000152
1753.14900000000152
1753.30900000000152
1753.46400000000152
1753.61400000000152
1753.77900000000152
1753.95800000000152
1754.16100000000152
1754.33600000000152
1755.18100000000152
1755.35900000000152
1755.52000000000152
1756.43100000000152
1756.57700000000152
1756.77600000000152
1756.93600000000152
1757.10700000000152
1757.27500000000152
1757.46500000000152
1757.65600000000152
1757.90100000000152
1758.03900000000152
1758.40900000000152
1758.47900000000152
1758.86200000000152
1759.18000000000152
1759.82800000000152
1760.12100000000152
1760.35200000000152
1761.13100000000152
1761.26000000000152
1761.37200000000152
1761.86600000000152
1762.55200000000152
1762.65300000000152
1762.99100000000152
1763.55000000000152
1763.68100000000152
1763.95700000000152
1764.10500000000152
1764.41700000000153
-4
15.0400000000000003
15.47300000000000031
16.0220000000000003
16.1180000000000002
16.2190000000000001
16.2840000000000001
16.2990000000000001
16.404
16.5499999999999999
17.4749999999999991
17.547999999999999
17.6959999999999989
17.8259999999999988
17.9779999999999986
18.6289999999999981
18.769999999999998
18.9169999999999978
19.3159999999999975
19.4699999999999974
19.916999999999997
20.3359999999999966
20.4789999999999965
20.6329999999999964
20.7849999999999963
20.9339999999999961
21.4609999999999957
21.7999999999999954
21.9609999999999953
22.238999999999995
22.3889999999999949
22.5399999999999948
22.6839999999999947
23.1139999999999943
23.2849999999999942
23.446999999999994
23.6019999999999939
23.7479999999999938
23.9109999999999936
24.0659999999999935
24.2279999999999934
24.4149999999999932
24.5589999999999931
24.7239999999999929
24.8649999999999928
25.0239999999999927
25.1779999999999926
25.3509999999999924
25.5119999999999923
25.6849999999999921
25.838999999999992
26.0059999999999918
26.7519999999999912
26.9219999999999911
27.0829999999999909
27.2419999999999908
27.4089999999999907
27.5729999999999905
27.7299999999999904
27.8969999999999902
28.0689999999999901
28.24299999999999
28.3909999999999898
28.5599999999999897
28.7389999999999895
28.8819999999999894
29.0519999999999893
29.2309999999999891
29.395999999999989
29.5709999999999888
29.7499999999999887
29.9359999999999885
30.1069999999999884
30.2679999999999882
30.4309999999999881
30.604999999999988
30.7629999999999878
30.9329999999999877
31.1099999999999875
31.2909999999999874
31.4499999999999872
31.6189999999999871
31.7969999999999869
31.9829999999999868
32.1439999999999869
32.302999999999987
32.4579999999999872
32.6259999999999873
32.7659999999999875
36.6609999999999909
36.803999999999991
36.9509999999999912
37.1069999999999913
37.2679999999999915
37.4299999999999916
37.5989999999999917
37.7689999999999919
37.9409999999999921
38.1039999999999922
38.2789999999999924
38.4539999999999925
38.6199999999999927
38.7869999999999928
38.966999999999993
39.1269999999999931
39.3049999999999933
39.4789999999999934
39.6539999999999936
39.8169999999999937
43.4399999999999969
43.5849999999999971
43.7309999999999972
43.8859999999999973
44.0409999999999975
44.2029999999999976
44.3689999999999978
44.5429999999999979
44.7079999999999981
44.8789999999999982
45.0519999999999984
45.2199999999999985
45.3959999999999987
45.5699999999999988
45.751999999999999
45.9269999999999991
46.0909999999999993
46.2439999999999994
46.4049999999999996
46.5649999999999997
46.7289999999999999
46.89
47.0580000000000002
47.2370000000000003
47.4180000000000005
47.5800000000000006
47.7460000000000008
51.9540000000000045
52.0810000000000046
52.2310000000000047
52.3860000000000049
52.554000000000005
52.7000000000000052
52.8760000000000053
52.8980000000000053
53.0440000000000055
53.2230000000000056
53.4040000000000058
53.4550000000000058
53.632000000000006
53.7460000000000061
53.7990000000000061
53.9280000000000063
53.9500000000000063
54.0790000000000064
54.2430000000000065
54.4050000000000067
54.5680000000000068
54.6010000000000068
54.727000000000007
118.4590000000000636
118.5890000000000637
118.7290000000000638
118.8700000000000639
119.0130000000000641
119.1650000000000642
119.3250000000000643
119.4860000000000645
119.6510000000000646
119.8100000000000648
119.9820000000000649
120.082000000000065
120.1670000000000651
120.3050000000000652
120.3890000000000653
120.7720000000000656
120.8940000000000657
121.0690000000000659
121.3260000000000661
121.4350000000000662
121.5920000000000664
121.8720000000000666
122.0160000000000667
122.1370000000000668
122.2100000000000669
122.354000000000067
122.4050000000000671
122.5070000000000672
122.5570000000000672
122.6660000000000673
123.403000000000068
123.6750000000000682
123.9480000000000684
124.4130000000000688
124.563000000000069
124.7200000000000691
124.9030000000000693
125.2480000000000696
125.5770000000000699
125.70700000000007
125.8970000000000702
126.2390000000000705
126.3920000000000706
126.5750000000000708
159.0770000000001
159.3530000000001
218.326000000000152
219.761000000000154
219.842000000000154
219.973000000000154
220.235000000000154
220.318000000000154
220.490000000000154
220.620000000000154
220.955000000000155
221.051000000000155
221.157000000000155
221.315000000000155
221.586000000000155
221.674000000000155
221.960000000000156
222.092000000000156
222.228000000000156
222.392000000000156
222.546000000000156
222.652000000000156
319.512000000000242
319.812000000000242
319.944000000000242
320.071000000000243
320.195000000000243
320.458000000000243
320.593000000000243
320.734000000000243
320.969000000000243
466.631000000000373
468.032000000000374
468.157000000000374
468.313000000000374
468.419000000000374
468.525000000000374
468.718000000000375
468.842000000000375
468.997000000000375
526.875000000000426
527.912000000000427
527.999000000000427
528.531000000000428
528.684000000000428
528.880000000000428
529.004000000000428
529.197000000000428
529.354000000000428
529.482000000000429
529.598000000000429
529.750000000000429
529.919000000000429
530.130000000000429
530.252000000000429
530.51200000000043
530.90300000000043
531.04300000000043
531.20600000000043
531.41300000000043
531.53600000000043
531.650000000000431
531.835000000000431
532.031000000000431
532.201000000000431
532.330000000000431
532.465000000000431
532.647000000000431
532.901000000000432
533.082000000000432
533.270000000000432
533.387000000000432
534.151000000000433
534.289000000000433
534.467000000000433
534.613000000000433
534.730000000000433
534.927000000000433
535.074000000000434
535.217000000000434
535.440000000000434
535.585000000000434
535.792000000000434
536.032000000000434
536.219000000000435
536.382000000000435
536.512000000000435
537.044000000000435
537.210000000000435
538.050000000000436
538.115000000000436
539.034000000000437
539.230000000000437
539.325000000000437
539.518000000000438
539.662000000000438
539.820000000000438
540.176000000000438
540.228000000000438
540.457000000000438
540.536000000000438
540.636000000000438
540.756000000000439
540.843000000000439
541.011000000000439
541.151000000000439
541.330000000000439
541.484000000000439
541.722000000000439
541.81800000000044
541.91600000000044
542.37100000000044
542.56700000000044
542.68300000000044
542.86200000000044
543.002000000000441
543.174000000000441
543.850000000000441
544.607000000000442
544.740000000000442
545.130000000000442
545.268000000000443
545.439000000000443
545.972000000000443
546.080000000000443
546.485000000000444
546.848000000000444
546.962000000000444
547.059000000000444
547.262000000000444
547.347000000000444
547.435000000000445
547.656000000000445
547.845000000000445
547.979000000000445
548.206000000000445
548.272000000000445
548.645000000000446
549.201000000000446
549.321000000000446
549.403000000000446
549.856000000000447
550.220000000000447
550.308000000000447
550.505000000000447
550.612000000000447
550.702000000000447
550.795000000000448
550.889000000000448
550.987000000000448
551.094000000000448
551.201000000000448
551.298000000000448
551.517000000000448
551.620000000000448
551.751000000000448
551.852000000000448
551.946000000000449
552.087000000000449
552.128000000000449
552.270000000000449
552.500000000000449
552.599000000000449
552.706000000000449
552.969000000000449
553.09400000000045
553.12800000000045
553.16300000000045
553.25800000000045
553.52200000000045
553.62200000000045
554.16500000000045
554.415000000000451
555.407000000000452
555.591000000000452
555.762000000000452
555.915000000000452
556.361000000000452
556.481000000000453
556.558000000000453
556.680000000000453
556.794000000000453
556.867000000000453
556.967000000000453
557.102000000000453
557.483000000000453
557.875000000000454
558.068000000000454
558.164000000000454
559.120000000000455
559.274000000000455
559.416000000000455
559.517000000000455
560.039000000000456
560.186000000000456
560.356000000000456
560.567000000000456
560.620000000000456
560.721000000000456
560.868000000000456
561.019000000000457
561.149000000000457
561.173000000000457
561.230000000000457
561.369000000000457
561.537000000000457
561.725000000000457
561.849000000000457
562.544000000000458
562.612000000000458
562.681000000000458
562.917000000000458
562.961000000000458
563.096000000000458
563.233000000000459
563.399000000000459
563.527000000000459
563.613000000000459
563.754000000000459
563.969000000000459
564.016000000000459
564.126000000000459
564.29800000000046
564.47000000000046
564.83500000000046
565.03000000000046
565.14300000000046
565.595000000000461
565.723000000000461
565.929000000000461
565.974000000000461
566.140000000000461
566.294000000000461
566.439000000000461
566.656000000000462
566.909000000000462
566.945000000000462
567.038000000000462
567.224000000000462
567.399000000000462
567.558000000000462
567.574000000000462
567.751000000000463
567.900000000000463
568.175000000000463
568.342000000000463
568.549000000000463
568.670000000000463
569.108000000000464
569.334000000000464
569.479000000000464
569.635000000000464
569.811000000000464
569.883000000000464
570.041000000000465
570.239000000000465
570.383000000000465
570.494000000000465
570.701000000000465
570.723000000000465
570.909000000000465
571.076000000000466
571.262000000000466
571.302000000000466
571.657000000000466
571.798000000000466
572.054000000000466
572.244000000000467
572.445000000000467
572.625000000000467
572.777000000000467
573.000000000000467
573.010000000000467
573.349000000000468
573.769000000000468
573.932000000000468
574.088000000000468
574.256000000000468
574.601000000000469
574.938000000000469
575.251000000000469
575.489000000000469
575.57100000000047
575.70100000000047
576.11400000000047
576.22300000000047
576.875000000000471
577.037000000000471
577.229000000000471
577.319000000000471
577.431000000000471
577.447000000000471
577.507000000000471
577.616000000000471
577.743000000000471
577.962000000000472
578.128000000000472
578.378000000000472
578.919000000000472
579.060000000000473
579.238000000000473
580.213000000000474
580.425000000000474
580.528000000000474
580.746000000000474
580.935000000000474
581.169000000000474
581.382000000000475
583.593000000000477
584.044000000000477
587.41800000000048
587.87100000000048
588.038000000000481
588.200000000000481
588.444000000000481
588.607000000000481
588.723000000000481
588.885000000000481
589.086000000000482
589.272000000000482
589.481000000000482
589.683000000000482
589.848000000000482
590.035000000000482
590.203000000000483
590.856000000000483
591.028000000000483
591.214000000000483
591.399000000000484
591.583000000000484
591.776000000000484
591.974000000000484
592.048000000000484
592.210000000000484
592.401000000000484
592.574000000000485
592.773000000000485
597.755000000000489
598.32200000000049
598.45200000000049
598.58500000000049
599.246000000000491
599.451000000000491
599.646000000000491
599.798000000000491
599.984000000000491
600.190000000000491
718.637000000000597
718.763000000000597
719.354000000000597
719.747000000000598
719.862000000000598
719.962000000000598
720.556000000000598
720.779000000000598
720.841000000000599
721.075000000000599
721.216000000000599
721.269000000000599
721.558000000000599
721.638000000000599
721.9580000000006
722.2140000000006
722.8870000000006
723.887000000000601
724.134000000000601
724.242000000000602
724.501000000000602
724.637000000000602
724.907000000000602
725.628000000000603
725.771000000000603
725.791000000000603
726.105000000000603
726.270000000000603
726.406000000000603
726.584000000000604
726.707000000000604
726.882000000000604
727.025000000000604
727.196000000000604
727.717000000000605
727.836000000000605
727.994000000000605
728.459000000000605
728.774000000000606
728.944000000000606
729.104000000000606
729.533000000000606
729.701000000000606
1694.21800000000146
1694.35700000000146
1694.50600000000146
1694.66100000000146
1694.82200000000146
1694.97800000000146
1695.53500000000146
1695.68600000000146
1695.84800000000146
1696.01800000000146
1696.20000000000146
1696.38000000000146
1696.54800000000147
1696.70000000000147
1697.26300000000147
1697.40100000000147
1697.58900000000147
1697.78400000000147
1697.96200000000147
1698.14600000000147
1698.33400000000147
1698.51400000000147
1698.68800000000147
1698.86100000000147
1699.08000000000147
1699.24400000000147
1699.44500000000147
1699.64900000000147
1699.82900000000147
1699.99800000000147
1700.16700000000147
1700.34300000000147
1700.53700000000147
1700.76200000000147
1700.94700000000147
1701.12800000000147
1701.21900000000147
1701.27700000000147
1701.46600000000147
1701.63800000000147
1701.81600000000147
1702.01900000000147
1702.23800000000147
1702.42600000000147
1702.57700000000147
1702.98800000000147
1703.15500000000147
1703.33600000000147
1703.52400000000147
1704.21100000000147
1704.37000000000147
1704.55500000000147
1704.73700000000147
1705.28700000000147
1705.44400000000147
1705.62700000000147
1706.31700000000147
1706.45200000000147
1706.56200000000147
1706.67100000000147
1706.90200000000147
1707.23100000000147
1707.39400000000147
1707.48000000000147
1707.99200000000148
1708.28900000000148
1708.45900000000148
1708.63200000000148
1709.01400000000148
1709.38200000000148
1709.56800000000148
1709.71900000000148
1710.08800000000148
1710.26000000000148
1710.80200000000148
1710.97200000000148
1711.30100000000148
1711.52200000000148
1712.14500000000148
1712.27500000000148
1712.49900000000148
1712.72300000000148
1713.40800000000148
1713.54500000000148
1714.01100000000148
1714.11300000000148
1714.20300000000148
1714.85500000000148
1714.99900000000148
1715.15200000000148
1715.29700000000148
1715.50500000000148
1716.11500000000148
1716.38900000000148
1716.50900000000148
1716.60000000000148
1716.82600000000148
1716.99000000000148
1717.07300000000148
1717.93100000000148
1718.02400000000148
1718.24100000000148
1718.34900000000148
1718.42800000000148
1718.60600000000148
1718.73200000000148
1718.85000000000148
1719.78900000000149
1719.85300000000149
1720.38900000000149
1720.63400000000149
1720.77100000000149
1721.21500000000149
1721.32000000000149
1721.43000000000149
1721.72000000000149
1722.55200000000149
1722.63400000000149
1722.99200000000149
1723.16700000000149
1723.38300000000149
1723.49400000000149
1723.62100000000149
1723.71900000000149
1723.79400000000149
1723.94200000000149
1724.06300000000149
1724.18900000000149
1724.32500000000149
1724.45500000000149
1724.59600000000149
1724.74800000000149
1724.89600000000149
1725.02600000000149
1725.19400000000149
1725.24100000000149
1725.37500000000149
1725.52900000000149
1725.69300000000149
1725.73500000000149
1725.86200000000149
1726.02500000000149
1726.19200000000149
1726.37100000000149
1726.55200000000149
1726.73500000000149
1726.92800000000149
1726.95900000000149
1727.08100000000149
1727.22600000000149
1727.38500000000149
1727.43000000000149
1727.56200000000149
1727.61500000000149
1727.75600000000149
1727.89800000000149
1728.06900000000149
1728.24300000000149
1728.41600000000149
1728.89400000000149
1729.05000000000149
1729.19900000000149
1729.37300000000149
1729.53200000000149
1729.70800000000149
1729.88400000000149
1730.08900000000149
1730.2830000000015
1730.4850000000015
1730.9190000000015
1731.0760000000015
1731.5580000000015
1731.8930000000015
1732.1410000000015
1732.3640000000015
1732.5630000000015
1732.7170000000015
1732.9010000000015
1733.0870000000015
1733.2690000000015
1733.5460000000015
1733.6530000000015
1733.8840000000015
1734.1450000000015
1734.4230000000015
1734.9740000000015
1735.1210000000015
1735.2710000000015
1742.30500000000151
1742.70000000000151
1743.02900000000151
1743.11400000000151
1743.24300000000151
1743.44400000000151
1743.83100000000151
1743.91900000000151
1744.12900000000151
1744.21800000000151
1744.39900000000151
1744.54200000000151
1744.68100000000151
1744.83900000000151
1745.17600000000151
1745.85800000000151
1746.12500000000151
1746.24500000000151
1746.32400000000151
1746.48900000000151
1746.62200000000151
1746.77200000000151
1746.96000000000151
1747.10800000000151
1747.31200000000151
1747.42600000000151
1747.49800000000151
1747.87700000000151
1747.94400000000151
1748.12500000000151
1748.31900000000151
1748.45200000000151
1748.60700000000151
1748.94100000000151
1750.23600000000151
1750.68500000000151
1750.91400000000151
1751.29700000000151
1751.42500000000151
1751.68300000000151
1752.41100000000151
1752.75400000000152
1752.89700000000152
1753.05300000000152
1753.21900000000152
1753.40500000000152
1753.56100000000152
1753.73300000000152
1753.86000000000152
1754.04700000000152
1754.24700000000152
1754.42000000000152
1755.24100000000152
1755.43800000000152
1755.60300000000152
1756.49700000000152
1756.66300000000152
1756.82900000000152
1757.01900000000152
1757.19900000000152
1757.37600000000152
1757.55800000000152
1757.76800000000152
1757.96800000000152
1758.13000000000152
1758.43900000000152
1758.55300000000152
1759.05900000000152
1759.65600000000152
1760.06300000000152
1760.30700000000152
1761.11900000000152
1761.22100000000152
1761.35700000000152
1761.82200000000152
1762.51200000000152
1762.62200000000152
1762.88700000000152
1763.30400000000152
1763.61100000000152
1763.74100000000152
1764.01900000000152
1764.17800000000153
1764.49600000000153
0
0
0
0
0
0
0
0
0
0
0
0
0
3600.00099999983085
0
0
0
0
0
0
