8
12
19
8
12
19
IPPneo1.15
sacch2
0
3
12
23
27
13
26
13
22
4
.3
1
1360
1360
1
828
828
1
1
1
1
1
1
1
1
1
1
1
1
1
1
1
1
1
1
1
1
1359
-1
11.15500000000000022
11.28800000000000022
11.40100000000000022
11.54900000000000023
11.93800000000000024
114.0250000000000596
114.3260000000000599
114.44900000000006
114.5760000000000601
114.7070000000000602
114.8400000000000604
115.0030000000000605
115.0930000000000606
115.2330000000000607
115.3560000000000608
115.4860000000000609
115.609000000000061
115.7660000000000612
115.8820000000000613
116.0180000000000614
116.5280000000000618
116.669000000000062
116.8120000000000621
116.9290000000000622
117.0840000000000624
117.2380000000000625
117.3770000000000626
117.5420000000000628
117.6610000000000628
117.793000000000063
118.1990000000000633
118.3350000000000634
118.5000000000000636
118.6260000000000637
118.8070000000000639
118.936000000000064
119.0980000000000641
119.3520000000000644
119.5090000000000645
119.6720000000000646
119.7960000000000648
119.9730000000000649
120.102000000000065
120.2710000000000652
120.4250000000000653
120.5580000000000654
120.6900000000000655
120.8370000000000657
120.9630000000000658
121.142000000000066
121.2700000000000661
121.4330000000000662
121.5560000000000663
121.7270000000000665
121.8690000000000666
122.0410000000000668
122.1820000000000669
122.354000000000067
122.4840000000000672
122.5650000000000672
122.6580000000000673
122.8010000000000674
122.9810000000000676
123.1220000000000677
123.2940000000000679
123.438000000000068
123.7080000000000682
123.8700000000000684
124.0300000000000685
124.1780000000000686
124.3240000000000688
124.4010000000000688
124.4990000000000689
124.565000000000069
124.6580000000000691
125.0890000000000695
125.2310000000000696
125.3760000000000697
125.5250000000000698
125.68000000000007
125.8430000000000701
125.9100000000000702
125.9980000000000703
126.0620000000000703
126.1680000000000704
126.6070000000000708
126.7550000000000709
126.8980000000000711
126.9800000000000711
127.0580000000000712
127.6120000000000717
127.7160000000000718
127.8680000000000719
128.009000000000072
128.171000000000072
128.617000000000073
129.460000000000073
130.114000000000074
130.501000000000074
130.884000000000075
131.486000000000075
131.590000000000075
131.669000000000075
135.137000000000078
135.246000000000078
135.373000000000079
135.529000000000079
135.692000000000079
135.764000000000079
135.847000000000079
136.275000000000079
136.43800000000008
180.766000000000119
180.890000000000119
186.623000000000124
186.905000000000124
187.025000000000124
187.235000000000125
187.429000000000125
187.901000000000125
188.235000000000126
189.242000000000126
189.583000000000127
189.772000000000127
241.463000000000173
241.569000000000173
241.728000000000173
333.943000000000255
334.084000000000255
334.596000000000256
334.713000000000256
335.709000000000256
384.8830000000003
721.599000000000599
723.088000000000601
723.255000000000601
723.371000000000601
723.531000000000601
723.905000000000601
724.877000000000602
850.979000000000714
851.297000000000714
851.398000000000714
851.559000000000715
851.935000000000715
852.185000000000715
852.476000000000716
853.354000000000716
853.528000000000716
853.926000000000717
854.069000000000717
854.214000000000717
854.367000000000717
854.712000000000717
854.940000000000718
855.050000000000718
855.168000000000718
855.325000000000718
855.475000000000718
855.618000000000718
855.763000000000718
856.298000000000719
856.419000000000719
856.552000000000719
856.696000000000719
856.798000000000719
856.853000000000719
856.951000000000719
856.968000000000719
857.03300000000072
857.21300000000072
857.47200000000072
857.92200000000072
858.09900000000072
859.303000000000722
859.421000000000722
859.502000000000722
859.566000000000722
859.733000000000722
859.904000000000722
860.071000000000722
860.234000000000722
860.404000000000722
860.581000000000723
860.759000000000723
860.870000000000723
860.932000000000723
861.061000000000723
861.100000000000723
861.279000000000723
861.456000000000723
861.588000000000724
861.607000000000724
861.685000000000724
861.790000000000724
861.916000000000724
862.456000000000724
862.581000000000724
862.743000000000725
862.915000000000725
863.008000000000725
863.080000000000725
863.137000000000725
863.163000000000725
863.234000000000725
863.299000000000725
863.372000000000725
863.510000000000725
863.652000000000725
863.743000000000726
863.814000000000726
863.885000000000726
863.974000000000726
864.396000000000726
864.546000000000726
864.651000000000726
864.716000000000726
864.827000000000726
864.891000000000726
865.034000000000727
865.088000000000727
865.222000000000727
865.301000000000727
865.410000000000727
865.435000000000727
865.494000000000727
866.045000000000728
866.117000000000728
866.133000000000728
866.210000000000728
866.309000000000728
866.382000000000728
866.486000000000728
866.540000000000728
866.622000000000728
866.665000000000728
866.688000000000728
866.845000000000728
866.941000000000728
866.987000000000728
867.013000000000728
867.119000000000728
867.191000000000728
867.270000000000729
867.351000000000729
867.505000000000729
867.589000000000729
867.670000000000729
867.834000000000729
867.982000000000729
868.091000000000729
868.135000000000729
868.271000000000729
868.61800000000073
868.80100000000073
868.96900000000073
869.14000000000073
869.30600000000073
869.466000000000731
869.529000000000731
869.727000000000731
869.895000000000731
870.045000000000731
870.246000000000731
870.281000000000731
870.481000000000731
870.631000000000732
870.797000000000732
870.883000000000732
870.933000000000732
870.995000000000732
871.191000000000732
871.321000000000732
871.373000000000732
871.511000000000732
871.569000000000732
871.770000000000733
871.964000000000733
872.014000000000733
872.349000000000733
872.584000000000733
873.066000000000734
873.219000000000734
873.362000000000734
873.832000000000734
873.968000000000735
874.015000000000735
874.113000000000735
874.182000000000735
874.296000000000735
874.361000000000735
874.564000000000735
874.701000000000735
874.827000000000735
875.007000000000736
875.131000000000736
875.190000000000736
875.357000000000736
875.429000000000736
875.579000000000736
875.763000000000736
875.929000000000736
876.098000000000736
876.267000000000737
876.375000000000737
876.456000000000737
876.733000000000737
877.095000000000737
877.238000000000738
877.394000000000738
877.418000000000738
877.610000000000738
877.755000000000738
877.936000000000738
878.299000000000738
878.582000000000739
878.739000000000739
878.917000000000739
878.939000000000739
879.113000000000739
879.285000000000739
879.445000000000739
879.463000000000739
879.62700000000074
879.64300000000074
879.80000000000074
879.99000000000074
880.00800000000074
880.16300000000074
880.35000000000074
880.52400000000074
880.54600000000074
880.729000000000741
880.800000000000741
880.820000000000741
880.884000000000741
881.045000000000741
881.183000000000741
881.341000000000741
881.559000000000741
881.708000000000741
881.873000000000742
882.038000000000742
882.214000000000742
882.391000000000742
882.590000000000742
882.784000000000742
882.950000000000742
883.125000000000743
883.324000000000743
883.510000000000743
883.688000000000743
883.872000000000743
884.059000000000744
884.179000000000744
884.325000000000744
884.516000000000744
884.600000000000744
884.696000000000744
884.900000000000744
885.101000000000744
885.292000000000745
885.474000000000745
885.667000000000745
885.897000000000745
887.569000000000747
887.712000000000747
887.954000000000747
888.078000000000747
888.229000000000747
888.385000000000747
894.081000000000752
894.239000000000753
894.376000000000753
894.528000000000753
894.696000000000753
894.858000000000753
895.038000000000753
895.317000000000754
895.693000000000754
895.888000000000754
896.042000000000754
896.193000000000754
896.360000000000754
896.533000000000755
896.732000000000755
896.873000000000755
896.948000000000755
897.080000000000755
897.153000000000755
897.305000000000755
897.372000000000755
897.591000000000756
897.967000000000756
898.078000000000756
898.291000000000756
898.654000000000756
898.788000000000757
898.986000000000757
899.145000000000757
899.315000000000757
899.398000000000757
899.510000000000757
899.693000000000757
899.873000000000758
899.979000000000758
900.543000000000758
900.715000000000758
900.871000000000758
901.038000000000759
901.215000000000759
901.384000000000759
902.21300000000076
902.38200000000076
902.56200000000076
902.74500000000076
902.92600000000076
903.429000000000761
903.603000000000761
903.782000000000761
903.980000000000761
904.170000000000761
904.390000000000762
904.490000000000762
904.624000000000762
904.877000000000762
905.092000000000762
905.278000000000762
905.465000000000763
905.641000000000763
905.775000000000763
905.968000000000763
906.149000000000763
906.337000000000763
906.543000000000764
906.648000000000764
906.819000000000764
907.143000000000764
907.354000000000764
907.611000000000764
907.818000000000765
908.027000000000765
908.229000000000765
908.428000000000765
909.089000000000766
909.261000000000766
909.492000000000766
909.737000000000766
909.962000000000766
910.135000000000767
910.312000000000767
910.490000000000767
910.666000000000767
910.865000000000767
912.253000000000769
912.424000000000769
912.594000000000769
912.764000000000769
913.60900000000077
913.79400000000077
914.463000000000771
914.570000000000771
914.640000000000771
915.149000000000771
915.654000000000772
915.835000000000772
916.410000000000772
916.749000000000773
916.845000000000773
917.408000000000773
917.483000000000773
917.616000000000773
918.094000000000774
918.340000000000774
918.626000000000774
918.793000000000774
918.955000000000774
919.106000000000775
919.248000000000775
919.435000000000775
919.599000000000775
919.766000000000775
919.946000000000775
920.148000000000776
921.406000000000777
922.019000000000777
922.172000000000777
922.350000000000778
922.703000000000778
922.876000000000778
923.030000000000778
923.196000000000778
923.400000000000778
924.275000000000779
925.57100000000078
925.734000000000781
926.449000000000781
927.054000000000782
927.101000000000782
927.283000000000782
927.421000000000782
927.599000000000782
927.793000000000782
927.989000000000782
928.150000000000783
928.250000000000783
928.567000000000783
928.635000000000783
928.830000000000783
928.982000000000783
929.155000000000784
929.368000000000784
929.545000000000784
929.683000000000784
929.741000000000784
929.998000000000784
930.546000000000785
930.728000000000785
930.893000000000785
931.663000000000786
931.790000000000786
932.365000000000786
932.522000000000787
932.808000000000787
932.924000000000787
936.16800000000079
945.096000000000798
945.495000000000798
945.657000000000798
945.792000000000798
946.434000000000799
947.1530000000008
947.2970000000008
1169.317000000001
1169.726000000001
1169.843000000001
1169.995000000001
1170.146000000001
1170.253000000001
1170.947000000001
1171.019000000001
1171.265000000001
1171.411000000001
1171.957000000001
1172.233000000001
1172.366000000001
1172.522000000001
1172.667000000001
1172.824000000001
1173.249000000001
1173.401000000001
1173.584000000001
1173.798000000001
1173.950000000001
1174.067000000001
1174.209000000001
1174.362000000001
1174.453000000001
1174.533000000001
1174.611000000001
1175.126000000001
1175.263000000001
1175.416000000001
1175.753000000001
1176.054000000001
1176.206000000001
1176.354000000001
1176.520000000001
1176.681000000001
1176.810000000001
1177.175000000001
1177.291000000001
1177.306000000001
1177.443000000001
1177.572000000001
1177.668000000001
1177.867000000001
1178.018000000001
1178.244000000001
1178.335000000001
1178.480000000001
1178.62600000000101
1178.75200000000101
1178.96000000000101
1179.10500000000101
1179.20000000000101
1179.27900000000101
1179.37200000000101
1179.45500000000101
1179.54500000000101
1179.62800000000101
1179.80600000000101
1179.95400000000101
1180.09000000000101
1180.18200000000101
1180.22300000000101
1180.87800000000101
1181.57300000000101
1181.69700000000101
1181.84900000000101
1182.03000000000101
1182.18500000000101
1182.47800000000101
1182.64000000000101
1182.80800000000101
1182.97100000000101
1183.14000000000101
1183.30400000000101
1183.46000000000101
1183.66500000000101
1184.01200000000101
1184.17800000000101
1184.33400000000101
1184.50000000000101
1184.74900000000101
1184.92500000000101
1185.14400000000101
1185.41200000000101
1185.59500000000101
1185.79700000000101
1186.04200000000101
1186.26600000000101
1186.47400000000101
1186.67700000000101
1187.21700000000101
1187.40000000000101
1187.58300000000101
1187.79600000000101
1188.03700000000101
1188.27700000000101
1188.50200000000101
1189.11000000000101
1189.22900000000101
1189.37900000000101
1189.59300000000101
1189.71000000000102
1189.82500000000102
1190.03000000000102
1190.13900000000102
1190.23800000000102
1190.55300000000102
1190.71900000000102
1190.88000000000102
1191.04900000000102
1191.11000000000102
1191.21600000000102
1191.36300000000102
1191.51700000000102
1191.67200000000102
1191.84300000000102
1192.04600000000102
1192.26800000000102
1192.50700000000102
1192.99300000000102
1193.55300000000102
1193.77000000000102
1194.00300000000102
1194.31600000000102
1194.44900000000102
1194.73600000000102
1194.93700000000102
1195.28800000000102
1195.46500000000102
1195.63100000000102
1195.80500000000102
1196.00000000000102
1196.20800000000102
1196.40500000000102
1196.61700000000102
1196.79500000000102
1196.98600000000102
1197.16800000000102
1197.35200000000102
1197.58400000000102
1197.76900000000102
1198.66400000000102
1199.61200000000102
1199.79800000000102
1199.97700000000102
1200.25900000000102
1200.45700000000102
1200.73300000000102
1201.20200000000103
1201.43200000000103
1201.52500000000103
1201.58200000000103
1201.75600000000103
1201.90300000000103
1202.08600000000103
1202.41000000000103
1202.56500000000103
1202.73400000000103
1203.11200000000103
1203.29100000000103
1204.70300000000103
1204.86200000000103
1205.07000000000103
1205.33000000000103
1205.51200000000103
1205.59300000000103
1206.05900000000103
1206.12000000000103
1206.38300000000103
1206.51000000000103
1206.69600000000103
1206.78400000000103
1206.89000000000103
1207.16000000000103
1207.36700000000103
1207.60300000000103
1207.79700000000103
1207.97500000000103
1208.15500000000103
1208.49100000000103
1208.55200000000103
1208.63000000000103
1208.70100000000103
1208.83100000000103
1208.89200000000103
1208.97300000000103
1209.18700000000103
1209.38500000000103
1209.57800000000103
1209.75900000000103
1210.15500000000103
1210.29900000000103
1210.46800000000103
1210.83800000000103
1210.96400000000103
1211.06400000000103
1211.46500000000103
1211.60300000000103
1211.76500000000103
1211.96900000000103
1212.13800000000103
1214.39500000000104
1214.89200000000104
1215.03400000000104
1215.18000000000104
1215.35800000000104
1215.95200000000104
1216.37600000000104
1216.41600000000104
1216.70100000000104
1216.98900000000104
1217.13900000000104
1217.28600000000104
1217.73100000000104
1218.18200000000104
1218.32100000000104
1425.95900000000122
1426.49300000000123
1426.65500000000123
1426.80400000000123
1426.97100000000123
1427.15900000000123
1427.44000000000123
1427.59700000000123
1427.77500000000123
1427.92400000000123
1427.93300000000123
1428.21400000000123
1428.22600000000123
1428.24100000000123
1428.33500000000123
1428.39500000000123
1428.54100000000123
1428.67800000000123
1428.86900000000123
1429.04400000000123
1429.21000000000123
1429.38100000000123
1429.44400000000123
1429.83500000000123
1429.92900000000123
1430.01000000000123
1430.19200000000123
1430.27800000000123
1430.36700000000123
1430.54800000000123
1430.58200000000123
1430.62800000000123
1430.67700000000123
1430.78800000000123
1430.83100000000123
1431.56300000000123
1431.81800000000123
1431.96300000000123
1432.11200000000123
1432.19900000000123
1432.26500000000123
1432.31200000000123
1432.58300000000123
1432.68400000000123
1432.88500000000123
1433.02100000000123
1433.17200000000123
1433.55700000000123
1433.70700000000123
1433.88200000000123
1434.05400000000123
1434.22700000000123
1434.40200000000123
1434.58000000000123
1434.77500000000123
1434.88800000000123
1435.21600000000123
1435.42800000000123
1435.61800000000123
1435.83000000000123
1436.02500000000123
1436.23900000000123
1436.32600000000123
1436.45600000000123
1436.80400000000123
1436.92600000000123
1437.08300000000123
1437.34500000000123
1437.56200000000124
1437.68800000000124
1437.78100000000124
1437.92700000000124
1438.00000000000124
1438.08400000000124
1438.20500000000124
1438.27000000000124
1438.39300000000124
1438.59900000000124
1438.75600000000124
1438.93900000000124
1439.12900000000124
1439.34900000000124
1439.61800000000124
1440.37300000000124
1440.62000000000124
1440.71000000000124
1441.28800000000124
1441.86900000000124
1442.23700000000124
1442.91300000000124
1443.21800000000124
1443.43800000000124
1443.64300000000124
1443.74300000000124
1444.00600000000124
1444.09200000000124
1444.34600000000124
1444.49500000000124
1444.86500000000124
1445.05000000000124
1445.20100000000124
1445.40600000000124
1616.13100000000139
1616.46300000000139
1616.79100000000139
1616.98300000000139
1617.52100000000139
1618.2980000000014
1618.5350000000014
1618.8760000000014
1619.1180000000014
1619.2790000000014
1619.9740000000014
1620.0950000000014
1620.6060000000014
1620.9560000000014
1621.1060000000014
1621.2770000000014
1621.4330000000014
1621.5120000000014
1622.9400000000014
1623.2050000000014
1623.3650000000014
1623.5350000000014
1623.6770000000014
1623.8330000000014
1624.0420000000014
1624.1790000000014
1624.3370000000014
1624.5680000000014
1624.6630000000014
1624.7700000000014
1624.9230000000014
1625.0850000000014
1625.1910000000014
1625.2670000000014
1625.4250000000014
1625.6070000000014
1625.9440000000014
1626.2080000000014
1626.3780000000014
1626.3890000000014
1626.4410000000014
1626.7110000000014
1626.9630000000014
1627.1660000000014
1627.3260000000014
1628.2760000000014
1628.4260000000014
1628.5810000000014
1628.7490000000014
1628.9140000000014
1629.08900000000141
1629.73900000000141
1629.89800000000141
1630.06900000000141
1630.51200000000141
1714.63400000000148
1714.87400000000148
1715.02500000000148
1715.13200000000148
1715.30800000000148
1715.45700000000148
1715.91400000000148
1716.03800000000148
1716.15900000000148
1716.30100000000148
1716.47400000000148
1716.61100000000148
1716.90500000000148
2744.86199999992503
2745.32399999992498
2745.47199999992496
2746.0009999999249
2746.13299999992489
2746.27999999992487
2746.41199999992486
2746.53799999992484
2746.66899999992483
2746.78399999992482
2746.8999999999248
2747.05599999992479
2747.17699999992477
2747.32899999992476
2747.45299999992474
2747.8409999999247
2747.99099999992468
2748.13599999992467
2748.25399999992466
2748.38499999992464
2748.51599999992463
2748.65299999992461
2748.7759999999246
2748.91899999992458
2749.04699999992457
2749.20999999992455
2749.32199999992454
2749.46199999992452
2750.43399999992442
2750.5749999999244
2750.74099999992438
2750.88499999992437
2750.99999999992435
2751.14899999992434
2751.27499999992432
2751.41599999992431
2751.54599999992429
2751.66899999992428
2751.80599999992426
2751.93599999992425
2752.06599999992424
2752.19799999992422
2752.3549999999242
2752.50699999992419
2752.67399999992417
2752.79999999992415
2754.08399999992401
2754.218999999924
2754.37899999992398
2754.51799999992397
2754.67799999992395
2754.82999999992393
2754.95999999992392
2755.1159999999239
2755.27299999992388
2755.42399999992387
2755.53799999992385
2755.66599999992384
2757.01399999992369
2757.16599999992367
2757.32099999992366
2757.46999999992364
2757.59199999992363
2757.75999999992361
2757.91199999992359
2758.04899999992358
2758.18099999992356
2758.31899999992355
2758.45299999992353
2758.59799999992352
2758.7449999999235
2758.90599999992348
2759.04899999992347
2760.48699999992331
2760.62199999992329
2760.78399999992328
2760.93799999992326
2761.09499999992324
2761.24799999992322
2761.40399999992321
2761.55299999992319
2761.70899999992317
2761.87599999992316
2762.01899999992314
2762.17399999992312
2762.3499999999231
2762.51599999992308
2762.64599999992307
2762.92499999992304
2763.08799999992302
2763.249999999923
2763.41799999992299
2763.50799999992298
2763.60799999992296
2763.69299999992296
2763.77899999992295
2763.95899999992293
2764.12699999992291
2764.73599999992284
2764.87699999992282
2765.02699999992281
2765.18399999992279
2765.35499999992277
2765.54299999992275
2765.9829999999227
2766.13299999992269
2766.29699999992267
2766.46099999992265
2766.63699999992263
2766.81999999992261
2766.99399999992259
2767.16999999992257
2767.35199999992255
2767.96899999992248
2768.11499999992247
2768.20399999992246
2768.21799999992246
2768.28099999992245
2768.45299999992243
2768.63299999992241
2768.81499999992239
2768.99099999992237
2769.16699999992235
2769.35499999992233
2769.6709999999223
2770.26899999992223
2770.41799999992221
2770.5499999999222
2770.72099999992218
2770.91599999992216
2771.03699999992215
2771.12899999992214
2771.31699999992212
2771.51399999992209
2772.09299999992203
2772.23999999992201
2772.402999999922
2772.99499999992193
2773.03099999992193
2773.2639999999219
2773.68399999992185
2773.84999999992184
2774.2209999999218
2774.27599999992179
2774.42499999992177
2774.60899999992175
2774.75199999992174
2774.92399999992172
2774.99699999992171
2775.75999999992163
2776.26899999992157
2776.32299999992156
2776.34799999992156
2776.56799999992154
2776.71999999992152
2776.80199999992151
2776.8849999999215
2777.05199999992148
2777.07099999992148
2777.25499999992146
2778.40299999992134
2778.55699999992132
2778.65299999992131
2778.7449999999213
2778.82099999992129
2778.90899999992128
2778.98599999992127
2779.31699999992123
2779.6599999999212
2780.12699999992114
2780.29899999992113
2780.42599999992111
2780.5139999999211
2780.64799999992109
2780.78299999992107
2780.83799999992107
2780.94699999992105
2781.06199999992104
2781.14999999992103
2781.25999999992102
2781.34699999992101
2781.439999999921
2781.60299999992098
2781.77799999992096
2782.03099999992094
2782.21599999992092
2782.3629999999209
2782.49099999992088
2782.91099999992084
2783.15999999992081
2783.3059999999208
2784.08399999992071
2784.21699999992069
2784.37799999992068
2784.53799999992066
2784.72099999992064
2784.83099999992063
2784.93599999992062
2785.45399999992056
2785.61399999992054
2785.78999999992052
2785.9599999999205
2786.13299999992048
2786.33199999992046
2786.51999999992044
2787.21499999992036
2787.37999999992035
2787.54399999992033
2787.74299999992031
2787.95099999992028
2788.14299999992026
2788.90099999992018
2789.14999999992015
2789.25499999992014
2789.41799999992012
2789.45899999992012
2789.54599999992011
2789.73099999992009
2789.98799999992006
2790.46599999992001
2790.63199999991999
2790.73399999991998
2791.20799999991992
2791.82699999991986
2792.63599999991977
2793.35199999991969
2796.61699999991933
2796.75599999991931
2796.8949999999193
2797.31199999991925
2797.44699999991924
2797.50599999991923
2797.71199999991921
2797.84899999991919
2798.01899999991917
2798.08999999991917
2798.11999999991916
2798.25799999991915
2798.27099999991915
2798.36599999991914
2798.40199999991913
2798.63899999991911
2798.7089999999191
2799.26899999991904
2799.88199999991897
2800.02499999991895
2800.18399999991894
2800.36399999991892
2800.5509999999189
2800.74399999991887
2800.94599999991885
2806.72199999991822
2806.93699999991819
2807.17899999991817
2807.44899999991814
2807.60999999991812
2807.8009999999181
2808.33699999991804
2808.62899999991801
2808.657999999918
2808.81799999991799
2809.03499999991796
2809.18699999991794
2809.38399999991792
2809.5479999999179
2809.71499999991789
2810.25699999991783
2810.39599999991781
2810.55299999991779
2810.67499999991778
2810.73299999991777
2811.17599999991773
2811.31199999991771
2812.05899999991763
2812.3049999999176
2812.46299999991758
2812.63199999991757
2812.81299999991755
2812.99799999991752
2813.07899999991752
2813.12799999991751
2813.52899999991747
2813.60499999991746
2813.96399999991742
2814.04899999991741
2814.19099999991739
2814.38499999991737
2814.52899999991736
2814.59899999991735
2814.63899999991734
2814.64999999991734
2814.71399999991734
2814.88599999991732
2814.94899999991731
2815.0269999999173
2815.16499999991729
2815.33199999991727
2815.38899999991726
2815.49999999991725
2815.62499999991724
2815.80899999991722
2815.87499999991721
2815.9069999999172
2815.99799999991719
2816.28199999991716
2816.42799999991715
2816.53699999991714
2816.62799999991712
2816.8459999999171
2817.10499999991707
2817.48299999991703
2817.722999999917
2817.81799999991699
2817.88499999991699
2817.94899999991698
2817.98899999991698
2818.16199999991696
2818.31399999991694
2818.91499999991687
2820.32799999991672
2820.4549999999167
2820.60599999991669
2820.69399999991668
2820.82299999991666
2821.01099999991664
2821.10299999991663
2821.14999999991663
2821.22099999991662
2821.29799999991661
2821.34099999991661
2821.51299999991659
2821.73399999991656
2821.80899999991655
2822.18799999991651
2822.3389999999165
2822.63799999991646
2822.78999999991645
2823.05999999991642
2823.1919999999164
2823.36399999991638
2867.57299999991151
2867.7109999999115
2867.85499999991148
2868.00299999991147
2868.42699999991142
2879.18799999991024
2879.4839999999102
2880.09199999991014
2880.13199999991013
2880.68499999991007
2880.90999999991005
2881.16999999991002
2881.28299999991
2881.55999999990997
2881.70399999990996
2882.1889999999099
2882.43099999990988
2882.63199999990986
2883.0959999999098
2883.24199999990979
2883.65399999990974
2883.78099999990973
2884.0339999999097
2884.16999999990969
2884.31599999990967
2884.48199999990965
2884.62699999990964
2884.68599999990963
2884.79499999990962
2884.9239999999096
2885.06899999990959
2885.22899999990957
2885.99899999990948
2886.69099999990941
2886.97199999990938
2887.37399999990933
2887.53799999990932
2887.6979999999093
2887.84799999990928
2888.84199999990917
2888.95099999990916
2889.77399999990907
2889.90399999990906
2890.06799999990904
2890.16899999990903
2890.27099999990901
2890.75999999990896
2890.93599999990894
2891.04499999990893
2891.19699999990891
2891.39999999990889
2891.56699999990887
2891.73199999990885
2891.87599999990884
2892.04499999990882
2892.2279999999088
2892.42199999990878
2892.80199999990874
2892.92499999990872
2893.48499999990866
2893.65099999990864
2893.83799999990862
2894.58899999990854
2894.9489999999085
2895.37999999990845
2895.51399999990844
2895.76999999990841
2895.91899999990839
2896.24799999990836
2897.6529999999082
2950.3359999999024
2950.67199999990236
2950.81899999990235
2950.93399999990233
2951.2349999999023
2951.73899999990224
2952.02199999990221
2952.1749999999022
2952.46799999990216
2952.62499999990215
3020.75199999989464
3021.04799999989461
3021.25499999989459
3021.39599999989457
3021.53399999989456
3021.92799999989451
3022.0929999998945
3099.45099999988598
3099.66399999988595
3099.79399999988594
3100.50599999988586
3100.66499999988584
3100.81399999988583
3136.07699999988194
3136.24099999988192
3136.36899999988191
3136.54999999988189
3137.12699999988183
3581.60699999983288
-2
11.20400000000000022
11.32800000000000022
11.46400000000000023
11.60300000000000023
11.97100000000000024
114.0660000000000597
114.3750000000000599
114.49800000000006
114.6320000000000602
114.7650000000000603
114.9020000000000604
115.0150000000000605
115.1510000000000606
115.2770000000000607
115.4000000000000608
115.518000000000061
115.6760000000000611
115.8040000000000612
115.9330000000000613
116.0770000000000614
116.5820000000000619
116.721000000000062
116.8480000000000621
116.9900000000000623
117.1520000000000624
117.2860000000000625
117.4550000000000627
117.5860000000000628
117.7120000000000629
117.845000000000063
118.2540000000000634
118.4070000000000635
118.5490000000000636
118.7060000000000638
118.8640000000000639
119.008000000000064
119.1250000000000642
119.4110000000000644
119.5780000000000646
119.7170000000000647
119.8800000000000648
120.017000000000065
120.1830000000000651
120.3370000000000652
120.4740000000000654
120.6020000000000655
120.7470000000000656
120.8800000000000657
121.0310000000000658
121.193000000000066
121.3450000000000661
121.4760000000000662
121.6400000000000664
121.7710000000000665
121.9480000000000667
122.0950000000000668
122.276000000000067
122.3960000000000671
122.5630000000000672
122.5760000000000672
122.7020000000000673
122.8850000000000675
123.0440000000000676
123.2270000000000678
123.3550000000000679
123.470000000000068
123.7840000000000683
123.9430000000000684
124.0930000000000686
124.2250000000000687
124.3720000000000688
124.4120000000000688
124.540000000000069
124.583000000000069
124.6900000000000691
125.1410000000000695
125.2900000000000696
125.4390000000000698
125.5910000000000699
125.75100000000007
125.9020000000000702
125.9210000000000702
126.0580000000000703
126.0810000000000703
126.2090000000000704
126.6600000000000708
126.808000000000071
126.9570000000000711
126.9910000000000711
127.1240000000000713
127.6540000000000717
127.7470000000000718
127.927000000000072
128.073000000000072
128.233000000000072
128.712000000000073
129.514000000000073
130.191000000000074
130.634000000000074
131.079000000000075
131.583000000000075
131.617000000000075
131.728000000000075
135.187000000000078
135.304000000000079
135.445000000000079
135.598000000000079
135.751000000000079
135.776000000000079
135.957000000000079
136.378000000000079
136.50000000000008
180.819000000000119
180.946000000000119
186.667000000000124
186.951000000000124
187.073000000000124
187.263000000000125
187.494000000000125
188.041000000000125
188.436000000000126
189.279000000000126
189.712000000000127
189.833000000000127
241.489000000000173
241.633000000000173
241.781000000000173
334.044000000000255
334.176000000000255
334.680000000000256
334.776000000000256
335.867000000000257
384.9450000000003
721.624000000000599
723.137000000000601
723.284000000000601
723.430000000000601
723.578000000000601
723.947000000000601
724.918000000000602
851.089000000000714
851.362000000000714
851.481000000000715
851.651000000000715
852.082000000000715
852.341000000000715
852.619000000000716
853.375000000000716
853.555000000000716
853.980000000000717
854.123000000000717
854.278000000000717
854.413000000000717
854.765000000000718
854.976000000000718
855.077000000000718
855.201000000000718
855.386000000000718
855.533000000000718
855.662000000000718
855.803000000000718
856.333000000000719
856.463000000000719
856.605000000000719
856.756000000000719
856.806000000000719
856.920000000000719
856.964000000000719
856.971000000000719
857.11100000000072
857.27100000000072
857.80700000000072
858.05500000000072
858.12800000000072
859.329000000000722
859.475000000000722
859.509000000000722
859.640000000000722
859.812000000000722
859.968000000000722
860.135000000000722
860.310000000000722
860.483000000000723
860.663000000000723
860.839000000000723
860.897000000000723
861.012000000000723
861.074000000000723
861.193000000000723
861.363000000000723
861.552000000000724
861.606000000000724
861.647000000000724
861.776000000000724
861.796000000000724
861.928000000000724
862.482000000000724
862.631000000000724
862.816000000000725
862.992000000000725
863.030000000000725
863.135000000000725
863.144000000000725
863.196000000000725
863.283000000000725
863.316000000000725
863.432000000000725
863.569000000000725
863.724000000000725
863.760000000000726
863.868000000000726
863.895000000000726
863.987000000000726
864.463000000000726
864.628000000000726
864.664000000000726
864.803000000000726
864.840000000000726
864.976000000000727
865.057000000000727
865.184000000000727
865.235000000000727
865.399000000000727
865.420000000000727
865.449000000000727
865.590000000000727
866.111000000000728
866.123000000000728
866.157000000000728
866.290000000000728
866.351000000000728
866.449000000000728
866.502000000000728
866.606000000000728
866.629000000000728
866.674000000000728
866.812000000000728
866.920000000000728
866.968000000000728
866.993000000000728
867.097000000000728
867.147000000000728
867.257000000000729
867.325000000000729
867.465000000000729
867.585000000000729
867.624000000000729
867.767000000000729
867.926000000000729
868.047000000000729
868.103000000000729
868.187000000000729
868.31700000000073
868.68600000000073
868.84000000000073
869.02900000000073
869.20800000000073
869.39100000000073
869.482000000000731
869.618000000000731
869.801000000000731
869.937000000000731
870.051000000000731
870.276000000000731
870.317000000000731
870.530000000000732
870.701000000000732
870.876000000000732
870.888000000000732
870.959000000000732
871.098000000000732
871.294000000000732
871.343000000000732
871.479000000000732
871.535000000000732
871.672000000000732
871.874000000000733
871.975000000000733
872.110000000000733
872.400000000000733
872.593000000000733
873.114000000000734
873.241000000000734
873.383000000000734
873.913000000000735
873.984000000000735
874.092000000000735
874.127000000000735
874.275000000000735
874.317000000000735
874.461000000000735
874.675000000000735
874.732000000000735
874.918000000000735
875.112000000000736
875.147000000000736
875.287000000000736
875.370000000000736
875.474000000000736
875.654000000000736
875.850000000000736
876.039000000000736
876.185000000000736
876.348000000000737
876.385000000000737
876.542000000000737
876.771000000000737
877.170000000000737
877.366000000000738
877.414000000000738
877.512000000000738
877.716000000000738
877.906000000000738
878.280000000000738
878.402000000000738
878.735000000000739
878.874000000000739
878.930000000000739
879.020000000000739
879.204000000000739
879.410000000000739
879.460000000000739
879.56300000000074
879.63700000000074
879.72700000000074
879.92200000000074
880.00500000000074
880.12200000000074
880.29100000000074
880.46400000000074
880.54500000000074
880.64900000000074
880.796000000000741
880.818000000000741
880.829000000000741
880.984000000000741
881.133000000000741
881.286000000000741
881.444000000000741
881.612000000000741
881.791000000000742
881.941000000000742
882.144000000000742
882.291000000000742
882.480000000000742
882.680000000000742
882.849000000000742
883.032000000000743
883.211000000000743
883.419000000000743
883.613000000000743
883.772000000000743
883.968000000000743
884.159000000000744
884.225000000000744
884.422000000000744
884.595000000000744
884.610000000000744
884.777000000000744
884.982000000000744
885.186000000000745
885.370000000000745
885.564000000000745
885.792000000000745
885.985000000000745
887.615000000000747
887.787000000000747
887.992000000000747
888.120000000000747
888.255000000000747
888.419000000000747
894.108000000000752
894.265000000000753
894.432000000000753
894.606000000000753
894.773000000000753
894.938000000000753
895.115000000000753
895.676000000000754
895.735000000000754
895.923000000000754
896.080000000000754
896.261000000000754
896.456000000000754
896.640000000000755
896.834000000000755
896.894000000000755
897.063000000000755
897.086000000000755
897.248000000000755
897.312000000000755
897.485000000000755
897.667000000000756
898.009000000000756
898.142000000000756
898.342000000000756
898.679000000000756
898.846000000000757
899.063000000000757
899.222000000000757
899.386000000000757
899.412000000000757
899.602000000000757
899.789000000000758
899.957000000000758
899.991000000000758
900.655000000000758
900.795000000000758
900.954000000000758
901.125000000000759
901.305000000000759
901.487000000000759
902.31100000000076
902.48700000000076
902.66600000000076
902.83800000000076
903.02400000000076
903.542000000000761
903.701000000000761
903.880000000000761
904.064000000000761
904.261000000000762
904.471000000000762
904.528000000000762
904.713000000000762
904.960000000000762
905.186000000000762
905.386000000000762
905.583000000000763
905.712000000000763
905.863000000000763
906.041000000000763
906.242000000000763
906.431000000000763
906.644000000000764
906.700000000000764
906.890000000000764
907.208000000000764
907.453000000000764
907.708000000000764
907.949000000000765
908.145000000000765
908.316000000000765
908.526000000000765
909.169000000000766
909.350000000000766
909.593000000000766
909.855000000000766
910.037000000000767
910.213000000000767
910.432000000000767
910.559000000000767
910.781000000000767
910.945000000000767
912.328000000000769
912.492000000000769
912.673000000000769
912.955000000000769
913.68600000000077
913.84200000000077
914.548000000000771
914.580000000000771
914.803000000000771
915.236000000000771
915.733000000000772
915.912000000000772
916.457000000000772
916.769000000000772
917.003000000000773
917.482000000000773
917.498000000000773
917.786000000000774
918.102000000000774
918.361000000000774
918.664000000000774
918.833000000000774
919.018000000000775
919.176000000000775
919.359000000000775
919.542000000000775
919.716000000000775
919.881000000000775
920.038000000000776
920.248000000000776
921.441000000000777
922.048000000000777
922.215000000000777
922.384000000000778
922.722000000000778
922.908000000000778
923.104000000000778
923.330000000000778
923.553000000000779
924.314000000000779
925.59600000000078
925.775000000000781
926.556000000000781
927.087000000000782
927.200000000000782
927.331000000000782
927.504000000000782
927.691000000000782
927.849000000000782
928.075000000000783
928.207000000000783
928.324000000000783
928.628000000000783
928.655000000000783
928.867000000000783
929.055000000000784
929.244000000000784
929.463000000000784
929.663000000000784
929.692000000000784
929.957000000000784
930.146000000000784
930.668000000000785
930.804000000000785
930.982000000000785
931.716000000000786
931.860000000000786
932.431000000000786
932.607000000000787
932.856000000000787
932.956000000000787
936.19800000000079
945.113000000000798
945.547000000000798
945.741000000000798
945.868000000000798
946.485000000000799
947.2000000000008
947.3410000000008
1169.366000000001
1169.784000000001
1169.907000000001
1170.042000000001
1170.170000000001
1170.306000000001
1170.967000000001
1171.060000000001
1171.327000000001
1171.463000000001
1172.009000000001
1172.282000000001
1172.424000000001
1172.583000000001
1172.720000000001
1172.846000000001
1173.278000000001
1173.422000000001
1173.622000000001
1173.874000000001
1173.992000000001
1174.118000000001
1174.277000000001
1174.428000000001
1174.465000000001
1174.595000000001
1174.626000000001
1175.158000000001
1175.318000000001
1175.469000000001
1175.813000000001
1176.080000000001
1176.268000000001
1176.420000000001
1176.609000000001
1176.736000000001
1176.868000000001
1177.211000000001
1177.302000000001
1177.351000000001
1177.484000000001
1177.621000000001
1177.797000000001
1177.920000000001
1178.076000000001
1178.293000000001
1178.392000000001
1178.519000000001
1178.64200000000101
1178.85100000000101
1179.00900000000101
1179.17100000000101
1179.21500000000101
1179.34000000000101
1179.38100000000101
1179.52700000000101
1179.59200000000101
1179.74200000000101
1179.85500000000101
1180.01700000000101
1180.15100000000101
1180.20200000000101
1180.52800000000101
1180.92200000000101
1181.62700000000101
1181.73400000000101
1181.91200000000101
1182.09200000000101
1182.23800000000101
1182.54200000000101
1182.70900000000101
1182.87500000000101
1183.04100000000101
1183.19600000000101
1183.36300000000101
1183.53100000000101
1183.72700000000101
1184.04200000000101
1184.21100000000101
1184.40700000000101
1184.59400000000101
1184.82800000000101
1185.01000000000101
1185.23100000000101
1185.50200000000101
1185.68100000000101
1185.88300000000101
1186.13400000000101
1186.35000000000101
1186.57200000000101
1186.78900000000101
1187.28900000000101
1187.50000000000101
1187.69400000000101
1187.90600000000101
1188.12800000000101
1188.37400000000101
1188.60300000000101
1189.15700000000101
1189.32500000000101
1189.44100000000101
1189.69700000000101
1189.77100000000101
1189.86700000000102
1190.06900000000102
1190.20600000000102
1190.27900000000102
1190.61100000000102
1190.79100000000102
1190.95200000000102
1191.10800000000102
1191.12400000000102
1191.27500000000102
1191.46200000000102
1191.58400000000102
1191.76200000000102
1191.99700000000102
1192.21700000000102
1192.42600000000102
1192.61300000000102
1193.43900000000102
1193.61900000000102
1193.84500000000102
1194.08700000000102
1194.41100000000102
1194.50800000000102
1194.75700000000102
1194.99400000000102
1195.36200000000102
1195.54400000000102
1195.71000000000102
1195.88900000000102
1196.08400000000102
1196.28900000000102
1196.49100000000102
1196.71400000000102
1196.87900000000102
1197.10200000000102
1197.26000000000102
1197.45100000000102
1197.66800000000102
1197.85100000000102
1198.75900000000102
1199.69000000000102
1199.88600000000102
1200.16500000000102
1200.37000000000102
1200.49000000000102
1201.19800000000103
1201.25900000000103
1201.48800000000103
1201.52900000000103
1201.70900000000103
1201.84000000000103
1201.99500000000103
1202.12200000000103
1202.51400000000103
1202.65000000000103
1202.81800000000103
1203.17700000000103
1203.36100000000103
1204.77800000000103
1204.96500000000103
1205.16400000000103
1205.43600000000103
1205.56300000000103
1205.60200000000103
1206.11400000000103
1206.29600000000103
1206.43700000000103
1206.54500000000103
1206.72100000000103
1206.82800000000103
1206.94300000000103
1207.31400000000103
1207.41400000000103
1207.78600000000103
1207.94100000000103
1208.12500000000103
1208.42100000000103
1208.53000000000103
1208.56400000000103
1208.69200000000103
1208.76500000000103
1208.88300000000103
1208.95700000000103
1209.17400000000103
1209.37600000000103
1209.57000000000103
1209.74500000000103
1209.86700000000103
1210.19800000000103
1210.36900000000103
1210.55500000000103
1210.93200000000103
1211.04800000000103
1211.09900000000103
1211.51100000000103
1211.71200000000103
1211.87800000000103
1212.06200000000103
1212.29500000000104
1214.44100000000104
1214.98000000000104
1215.14900000000104
1215.31100000000104
1215.45300000000104
1216.03000000000104
1216.41300000000104
1216.49200000000104
1216.72200000000104
1217.07500000000104
1217.26800000000104
1217.39100000000104
1217.82300000000104
1218.31800000000104
1218.73600000000104
1425.99700000000122
1426.61300000000123
1426.73400000000123
1426.92200000000123
1427.12000000000123
1427.17700000000123
1427.48400000000123
1427.65500000000123
1427.83000000000123
1427.93200000000123
1428.18800000000123
1428.21800000000123
1428.23800000000123
1428.31300000000123
1428.34800000000123
1428.46800000000123
1428.64500000000123
1428.81100000000123
1428.95900000000123
1429.16600000000123
1429.34800000000123
1429.39200000000123
1429.51000000000123
1429.92000000000123
1429.93900000000123
1430.13900000000123
1430.26500000000123
1430.29500000000123
1430.40000000000123
1430.55400000000123
1430.59100000000123
1430.66800000000123
1430.73200000000123
1430.82600000000123
1430.91400000000123
1431.59600000000123
1431.86700000000123
1432.03500000000123
1432.17300000000123
1432.21100000000123
1432.30500000000123
1432.33000000000123
1432.64000000000123
1432.80900000000123
1432.93100000000123
1433.07300000000123
1433.23400000000123
1433.62900000000123
1433.82800000000123
1433.96000000000123
1434.12600000000123
1434.31000000000123
1434.48800000000123
1434.67800000000123
1434.87500000000123
1435.17800000000123
1435.35600000000123
1435.50900000000123
1435.71700000000123
1435.93000000000123
1436.05700000000123
1436.28000000000123
1436.40000000000123
1436.63700000000123
1436.84800000000123
1436.96300000000123
1437.12900000000123
1437.42900000000123
1437.63800000000124
1437.74200000000124
1437.82000000000124
1437.99300000000124
1438.00800000000124
1438.19800000000124
1438.21800000000124
1438.36200000000124
1438.49900000000124
1438.66100000000124
1438.84900000000124
1439.04300000000124
1439.28400000000124
1439.56100000000124
1439.71600000000124
1440.45000000000124
1440.70200000000124
1440.76200000000124
1441.32100000000124
1441.93000000000124
1442.33200000000124
1443.19300000000124
1443.29600000000124
1443.56400000000124
1443.68100000000124
1443.88500000000124
1444.02100000000124
1444.13400000000124
1444.45700000000124
1444.59100000000124
1444.98500000000124
1445.12200000000124
1445.29400000000124
1445.43400000000124
1616.13800000000139
1616.50100000000139
1616.89900000000139
1617.01400000000139
1617.6130000000014
1618.3680000000014
1618.5840000000014
1618.9660000000014
1619.2260000000014
1619.4900000000014
1620.0710000000014
1620.5560000000014
1620.6240000000014
1621.0050000000014
1621.1680000000014
1621.3450000000014
1621.4840000000014
1621.5260000000014
1623.1010000000014
1623.2490000000014
1623.4200000000014
1623.5880000000014
1623.7350000000014
1623.8920000000014
1624.0850000000014
1624.2390000000014
1624.4040000000014
1624.6010000000014
1624.6940000000014
1624.8230000000014
1624.9830000000014
1625.1550000000014
1625.1970000000014
1625.3390000000014
1625.4970000000014
1625.6830000000014
1626.0030000000014
1626.2330000000014
1626.3880000000014
1626.4350000000014
1626.6170000000014
1626.7450000000014
1627.0250000000014
1627.2290000000014
1627.3730000000014
1628.3350000000014
1628.4880000000014
1628.6840000000014
1628.8210000000014
1628.99100000000141
1629.17600000000141
1629.83500000000141
1629.97700000000141
1630.14400000000141
1630.58900000000141
1714.70300000000148
1714.94500000000148
1715.04800000000148
1715.17000000000148
1715.35400000000148
1715.50600000000148
1715.97800000000148
1716.06700000000148
1716.20900000000148
1716.35900000000148
1716.53100000000148
1716.66100000000148
1716.91600000000148
2744.89199999992503
2745.37099999992497
2745.51599999992496
2746.0489999999249
2746.18999999992488
2746.31199999992487
2746.44599999992485
2746.57999999992484
2746.69699999992483
2746.81699999992481
2746.9639999999248
2747.08599999992478
2747.23799999992477
2747.36899999992475
2747.48099999992474
2747.89899999992469
2748.04499999992468
2748.16599999992467
2748.29399999992465
2748.42499999992464
2748.54099999992462
2748.68399999992461
2748.82199999992459
2748.95399999992458
2749.09599999992456
2749.23699999992455
2749.36699999992453
2749.50399999992452
2750.48199999992441
2750.64299999992439
2750.79499999992438
2750.91899999992436
2751.05699999992435
2751.18899999992433
2751.32599999992432
2751.4489999999243
2751.57899999992429
2751.70999999992427
2751.84599999992426
2751.97599999992425
2752.10699999992423
2752.23499999992422
2752.4159999999242
2752.57999999992418
2752.70299999992417
2752.82699999992415
2754.12799999992401
2754.27799999992399
2754.43299999992398
2754.58799999992396
2754.73799999992394
2754.87099999992393
2755.02799999992391
2755.18499999992389
2755.32899999992388
2755.45599999992386
2755.58099999992385
2755.70399999992383
2757.07199999992368
2757.23199999992367
2757.37899999992365
2757.50999999992364
2757.65999999992362
2757.8219999999236
2757.95899999992359
2758.09199999992357
2758.22699999992356
2758.36299999992354
2758.50199999992353
2758.65399999992351
2758.79599999992349
2758.96099999992348
2759.09399999992346
2760.5319999999233
2760.68799999992329
2760.84299999992327
2761.00799999992325
2761.15999999992323
2761.31099999992322
2761.4689999999232
2761.62199999992318
2761.78199999992317
2761.92799999992315
2762.08299999992313
2762.24799999992311
2762.42699999992309
2762.55799999992308
2762.67899999992307
2762.98699999992303
2763.15699999992301
2763.328999999923
2763.49499999992298
2763.51899999992297
2763.68299999992296
2763.71899999992295
2763.88299999992293
2764.03399999992292
2764.1619999999229
2764.77799999992284
2764.93699999992282
2765.0919999999228
2765.25699999992278
2765.42999999992276
2765.56499999992275
2766.0379999999227
2766.20399999992268
2766.36099999992266
2766.54199999992264
2766.72199999992262
2766.9019999999226
2767.06899999992258
2767.25699999992256
2767.43499999992254
2768.02299999992248
2768.18499999992246
2768.21099999992246
2768.23099999992246
2768.36199999992244
2768.53299999992242
2768.7199999999224
2768.89599999992238
2769.09299999992236
2769.25699999992234
2769.38699999992233
2769.70099999992229
2770.31299999992223
2770.47499999992221
2770.63199999992219
2770.80199999992217
2771.01299999992215
2771.05799999992214
2771.22599999992213
2771.4129999999221
2771.54699999992209
2772.15099999992202
2772.30799999992201
2772.45899999992199
2773.02999999992193
2773.07999999992192
2773.31999999992189
2773.74099999992185
2773.92199999992183
2774.25499999992179
2774.33299999992178
2774.44799999992177
2774.64799999992175
2774.80999999992173
2774.97999999992171
2775.01199999992171
2775.81599999992162
2776.28099999992157
2776.33299999992156
2776.40499999992156
2776.63299999992153
2776.78499999992151
2776.81899999992151
2777.04499999992148
2777.06699999992148
2777.24699999992146
2777.7989999999214
2778.44899999992133
2778.62499999992131
2778.66499999992131
2778.81499999992129
2778.84199999992129
2778.97699999992127
2779.02899999992127
2779.35399999992123
2779.69499999992119
2780.19599999992114
2780.38999999992112
2780.48799999992111
2780.61899999992109
2780.75399999992108
2780.82999999992107
2780.86199999992106
2780.97699999992105
2781.14599999992103
2781.19799999992103
2781.34299999992101
2781.37599999992101
2781.49699999992099
2781.69199999992097
2781.83799999992096
2782.07099999992093
2782.24799999992091
2782.40299999992089
2782.51499999992088
2782.94299999992083
2783.2179999999208
2783.35099999992079
2784.09899999992071
2784.26099999992069
2784.44499999992067
2784.61999999992065
2784.81299999992063
2784.88399999992062
2785.00799999992061
2785.54599999992055
2785.68599999992053
2785.86399999992051
2786.03499999992049
2786.22299999992047
2786.41999999992045
2786.61199999992043
2787.29799999992036
2787.45399999992034
2787.63099999992032
2787.8409999999203
2788.04299999992027
2788.23299999992025
2788.92799999992018
2789.16199999992015
2789.40499999992012
2789.42599999992012
2789.49799999992011
2789.5959999999201
2789.78299999992008
2790.02099999992006
2790.58099999991999
2790.70699999991998
2791.00599999991995
2791.79999999991986
2791.89799999991985
2792.69899999991976
2793.42299999991968
2796.65999999991932
2796.80299999991931
2796.96499999991929
2797.35599999991925
2797.46899999991924
2797.62699999991922
2797.7579999999192
2797.90899999991919
2798.07599999991917
2798.09699999991917
2798.19799999991915
2798.26299999991915
2798.35599999991914
2798.39499999991913
2798.63299999991911
2798.6879999999191
2798.7159999999191
2799.31699999991903
2799.92499999991896
2800.09099999991895
2800.26099999991893
2800.44599999991891
2800.64199999991889
2800.83099999991886
2800.99699999991885
2806.74899999991821
2806.98099999991819
2807.22499999991816
2807.49899999991813
2807.64099999991812
2807.86299999991809
2808.42199999991803
2808.651999999918
2808.77299999991799
2808.90199999991798
2809.08699999991796
2809.23899999991794
2809.43199999991792
2809.6059999999179
2809.76699999991788
2810.30699999991782
2810.4629999999178
2810.64499999991778
2810.68999999991778
2810.81199999991777
2811.24199999991772
2811.33199999991771
2812.11299999991762
2812.3609999999176
2812.53699999991758
2812.70599999991756
2812.89999999991754
2813.07599999991752
2813.08599999991752
2813.14899999991751
2813.57699999991746
2813.82699999991743
2814.03399999991741
2814.1509999999174
2814.24799999991739
2814.44699999991737
2814.59399999991735
2814.60499999991735
2814.64599999991734
2814.69899999991734
2814.76099999991733
2814.93999999991731
2814.96699999991731
2815.0839999999173
2815.26199999991728
2815.37099999991726
2815.40999999991726
2815.53899999991724
2815.73999999991722
2815.86999999991721
2815.89599999991721
2815.9209999999172
2816.05299999991719
2816.33999999991716
2816.49899999991714
2816.55299999991713
2816.69099999991712
2816.8879999999171
2817.15899999991707
2817.52499999991703
2817.792999999917
2817.83499999991699
2817.94699999991698
2817.95699999991698
2818.06799999991697
2818.31099999991694
2818.55499999991691
2818.97299999991687
2820.44099999991671
2820.57899999991669
2820.65199999991668
2820.76899999991667
2820.87299999991666
2821.07599999991664
2821.10899999991663
2821.20499999991662
2821.23699999991662
2821.33699999991661
2821.4009999999166
2821.55399999991658
2821.80799999991655
2821.86699999991655
2822.25699999991651
2822.36399999991649
2822.68999999991646
2822.84099999991644
2823.08799999991641
2823.28599999991639
2823.40999999991638
2867.61299999991151
2867.75799999991149
2867.90799999991148
2868.05799999991146
2868.45899999991142
2879.26599999991023
2879.5269999999102
2880.12099999991013
2880.3999999999101
2880.74499999991006
2880.97799999991004
2881.25599999991001
2881.53699999990998
2881.69399999990996
2882.12299999990991
2882.2459999999099
2882.55299999990986
2882.64699999990985
2883.1449999999098
2883.28899999990978
2883.68999999990974
2883.80599999990973
2884.0829999999097
2884.21899999990968
2884.36999999990966
2884.52199999990965
2884.67699999990963
2884.69199999990963
2884.84399999990961
2884.9869999999096
2885.13899999990958
2885.30999999990956
2886.00699999990948
2886.7509999999094
2886.98799999990938
2887.43199999990933
2887.59399999990931
2887.75599999990929
2887.92399999990927
2888.87999999990917
2888.99599999990916
2889.78699999990907
2889.96899999990905
2890.13499999990903
2890.18499999990902
2890.35199999990901
2890.82699999990895
2891.03299999990893
2891.11099999990892
2891.2729999999089
2891.47099999990888
2891.65999999990886
2891.79799999990885
2891.95599999990883
2892.12299999990881
2892.30399999990879
2892.44799999990877
2892.84099999990873
2892.98199999990872
2893.54799999990865
2893.71199999990864
2893.89999999990861
2894.64299999990853
2895.05799999990849
2895.49199999990844
2895.62699999990842
2895.8739999999084
2896.21199999990836
2896.32399999990835
2899.02099999990805
2950.3619999999024
2950.73499999990236
2950.84499999990234
2950.98099999990233
2951.41699999990228
2951.83899999990223
2952.1249999999022
2952.23199999990219
2952.52199999990216
2952.67799999990214
3020.81299999989464
3021.06799999989461
3021.30999999989458
3021.44199999989457
3021.59299999989455
3021.98399999989451
3022.13899999989449
3099.49199999988597
3099.70699999988595
3099.84099999988593
3100.53999999988586
3100.72599999988584
3100.85499999988582
3136.11699999988194
3136.27599999988192
3136.41799999988191
3136.58099999988189
3137.15899999988182
3581.66199999983287
827
-3
162.102000000000102
162.231000000000102
162.378000000000103
162.525000000000103
162.672000000000103
162.832000000000103
162.993000000000103
163.141000000000103
163.304000000000103
163.450000000000104
163.854000000000104
164.020000000000104
164.170000000000104
164.333000000000104
164.510000000000104
164.679000000000105
164.847000000000105
164.995000000000105
165.172000000000105
165.340000000000105
165.551000000000105
166.522000000000106
166.664000000000106
166.820000000000107
166.983000000000107
167.170000000000107
167.612000000000107
167.723000000000107
167.869000000000107
168.035000000000108
168.209000000000108
168.406000000000108
168.583000000000108
168.757000000000108
168.925000000000108
169.396000000000109
169.542000000000109
169.706000000000109
169.881000000000109
170.053000000000109
170.23000000000011
170.40900000000011
170.58800000000011
171.13300000000011
171.27500000000011
171.956000000000111
172.106000000000111
172.306000000000111
172.482000000000112
173.923000000000113
174.078000000000113
174.252000000000113
174.436000000000113
175.061000000000114
175.211000000000114
198.268000000000134
198.402000000000135
198.772000000000135
198.870000000000135
199.028000000000135
199.191000000000135
199.358000000000135
199.536000000000136
199.713000000000136
203.213000000000139
203.367000000000139
203.517000000000139
203.687000000000139
203.96300000000014
204.82200000000014
204.97400000000014
206.238000000000142
207.763000000000143
207.887000000000143
208.037000000000143
208.204000000000143
208.268000000000143
271.467000000000199
294.13700000000022
302.610000000000227
302.729000000000227
302.867000000000227
303.012000000000227
303.183000000000228
746.298000000000621
746.460000000000621
746.610000000000621
747.681000000000622
747.830000000000623
765.655000000000638
765.777000000000638
765.957000000000639
777.742000000000649
777.890000000000649
778.055000000000649
778.22800000000065
778.40800000000065
778.58600000000065
778.79200000000065
778.93000000000065
779.12700000000065
779.22600000000065
779.32800000000065
779.909000000000651
780.045000000000651
780.217000000000651
780.396000000000651
780.601000000000652
780.994000000000652
1023.853000000000868
1023.982000000000868
1024.12600000000087
1024.26500000000087
1024.41600000000087
1024.57300000000087
1024.73500000000087
1024.90000000000087
1025.07500000000087
1025.75100000000087
1025.91500000000087
1026.08000000000087
1026.25400000000087
1026.44300000000087
1026.62800000000087
1026.80400000000087
1027.00400000000087
1027.89200000000087
1028.03300000000087
1028.20300000000087
1029.13800000000087
1029.44100000000087
1029.62900000000087
1029.88900000000087
1030.37100000000087
1030.53200000000087
1030.69900000000087
1030.88000000000087
1031.07200000000087
1031.26800000000087
1031.37700000000087
1031.46800000000087
1031.65000000000087
1031.81600000000087
1031.99800000000087
1032.11600000000088
1032.21800000000088
1032.77400000000088
1032.98200000000088
1033.78300000000088
1034.25400000000088
1034.41200000000088
1034.57800000000088
1034.76100000000088
1034.97700000000088
1035.06100000000088
1035.10800000000088
1035.23100000000088
1035.96600000000088
1036.29200000000088
1036.66700000000088
1036.83200000000088
1037.01700000000088
1037.18700000000088
1037.43100000000088
1037.63000000000088
1037.86500000000088
1042.09800000000088
1042.23800000000088
1043.88500000000089
1044.56400000000089
1046.56800000000089
1046.92400000000089
1047.06700000000089
1047.23300000000089
1047.40700000000089
1047.59800000000089
1047.71400000000089
1047.81700000000089
1047.94000000000089
1048.36000000000089
1048.54100000000089
1048.72300000000089
1049.05800000000089
1050.04300000000089
1050.20200000000089
1050.37200000000089
1050.58000000000089
1050.78400000000089
1050.88500000000089
1051.03100000000089
1051.14000000000089
1051.32700000000089
1051.64900000000089
1051.81100000000089
1052.00900000000089
1054.03100000000089
1054.19700000000089
1054.38200000000089
1054.58500000000089
1054.8080000000009
1055.0280000000009
1055.2060000000009
1055.2790000000009
1055.4110000000009
1055.4750000000009
1057.7780000000009
1058.3160000000009
1058.4740000000009
1058.6760000000009
1058.8440000000009
1059.0190000000009
1059.1830000000009
1059.3520000000009
1059.5380000000009
1059.7490000000009
1059.9480000000009
1060.1120000000009
1060.1980000000009
1060.3600000000009
1060.5340000000009
1060.7320000000009
1060.9210000000009
1061.1180000000009
1061.2750000000009
1061.3740000000009
1061.5790000000009
1061.7830000000009
1061.9720000000009
1062.1370000000009
1062.2600000000009
1062.3380000000009
1062.5380000000009
1062.7320000000009
1062.9300000000009
1063.1300000000009
1063.2270000000009
1063.3810000000009
1063.6140000000009
1063.8020000000009
1063.9730000000009
1064.1440000000009
1064.3420000000009
1064.5270000000009
1064.7000000000009
1064.9070000000009
1065.0360000000009
1065.1210000000009
1065.3400000000009
1065.5190000000009
1065.7100000000009
1065.95500000000091
1066.13400000000091
1066.30600000000091
1066.49500000000091
1066.65100000000091
1066.82400000000091
1066.99600000000091
1067.19700000000091
1067.42600000000091
1067.63400000000091
1067.81800000000091
1068.02200000000091
1068.21600000000091
1068.46100000000091
1068.67700000000091
1068.88100000000091
1069.06600000000091
1069.24400000000091
1069.43100000000091
1069.65900000000091
1069.90300000000091
1070.16800000000091
1070.37500000000091
1070.53600000000091
1070.70700000000091
1070.92100000000091
1071.14900000000091
1071.93000000000091
1072.10600000000091
1072.28400000000091
1072.48000000000091
1072.72500000000091
1072.82500000000091
1072.96000000000091
1073.06700000000091
1073.19700000000091
1073.41200000000091
1073.66300000000091
1074.02400000000091
1074.20300000000091
1074.37400000000091
1074.54400000000091
1074.72300000000091
1074.90600000000091
1075.02400000000091
1075.04500000000091
1075.13300000000091
1075.41500000000091
1075.59700000000091
1075.77900000000091
1075.97200000000091
1076.16000000000091
1076.28400000000091
1076.37500000000091
1076.56900000000091
1076.77000000000091
1076.96900000000091
1077.57900000000092
1077.72300000000092
1077.89600000000092
1078.09600000000092
1078.36100000000092
1078.55900000000092
1078.75800000000092
1079.03700000000092
1079.25600000000092
1079.87100000000092
1080.04600000000092
1080.24700000000092
1080.37000000000092
1080.46400000000092
1081.40800000000092
1081.83800000000092
1082.03200000000092
1082.24900000000092
1082.41000000000092
1082.64900000000092
1087.08700000000092
1087.24000000000092
1087.43300000000092
1087.63500000000092
1087.81500000000092
1087.98500000000092
1088.17200000000092
1088.36000000000092
1088.57100000000093
1088.83300000000093
1089.02100000000093
1089.22600000000093
1089.44700000000093
1089.64900000000093
1089.85800000000093
1090.05600000000093
1090.82400000000093
1090.98600000000093
1091.17700000000093
1091.38400000000093
1091.64500000000093
1091.81000000000093
1091.90300000000093
1092.04000000000093
1092.83000000000093
1092.99000000000093
1093.17600000000093
1093.36800000000093
1093.55000000000093
1093.62500000000093
1094.39300000000093
1094.56300000000093
1094.74500000000093
1127.97300000000096
1128.12000000000096
1128.28300000000096
1128.46300000000096
1128.65100000000096
1128.92800000000096
1129.04500000000096
1129.22400000000096
1130.29500000000096
1130.51600000000096
1130.65700000000096
1130.83100000000096
1131.54300000000096
1132.33600000000096
1132.50100000000096
1132.67900000000096
1132.84900000000096
1133.02900000000096
1133.24700000000096
1133.43700000000096
1133.63700000000097
1135.09900000000097
1135.25400000000097
1135.43100000000097
1136.38900000000097
1136.55800000000097
1136.66300000000097
1136.75500000000097
1136.93800000000097
1137.13200000000097
1137.31000000000097
1137.44600000000097
1137.61700000000097
1137.83100000000097
1138.02700000000097
1138.20200000000097
1138.38200000000097
1138.61300000000097
1138.80000000000097
1139.08800000000097
1139.26100000000097
1139.44000000000097
1139.63000000000097
1139.86600000000097
1140.06800000000097
1140.24500000000097
1140.40300000000097
1140.57700000000097
1140.71900000000097
1140.82500000000097
1141.00500000000097
1141.17000000000097
1141.36200000000097
1141.54500000000097
1142.12900000000097
1142.30800000000097
1142.49800000000097
1142.67000000000097
1142.87600000000097
1142.89300000000097
1143.30600000000097
1143.46000000000097
1143.63200000000097
1143.83200000000097
1144.02400000000097
1144.26000000000097
1144.42600000000097
1144.62900000000097
1144.84800000000098
1145.06800000000098
1145.24000000000098
1145.43500000000098
1145.98000000000098
1146.16800000000098
1146.40000000000098
1146.58100000000098
1146.77200000000098
1146.98400000000098
1147.20700000000098
1148.54000000000098
1148.78400000000098
1148.93200000000098
1149.21600000000098
1149.55900000000098
1149.70600000000098
1149.89700000000098
1150.22000000000098
1150.37200000000098
1150.58200000000098
1150.74600000000098
1150.95300000000098
1151.07600000000098
1151.17500000000098
1151.27700000000098
1151.36900000000098
1151.54000000000098
1151.71200000000098
1151.91900000000098
1152.11200000000098
1152.13800000000098
1152.35100000000098
1152.48600000000098
1152.67000000000098
1152.87900000000098
1153.34000000000098
1153.58600000000098
1153.84800000000098
1154.40100000000098
1154.53600000000098
1154.72800000000098
1154.96200000000098
1155.20600000000098
1157.21800000000099
1157.66900000000099
1157.75600000000099
1157.90100000000099
1158.15200000000099
1158.52800000000099
1158.64500000000099
1158.94200000000099
1159.30400000000099
1159.46400000000099
1159.65200000000099
1159.81900000000099
1160.00600000000099
1160.20300000000099
1160.39900000000099
1160.58300000000099
1160.73300000000099
1160.88100000000099
1161.07500000000099
1161.50900000000099
1161.71200000000099
1161.82100000000099
1161.95200000000099
1162.38300000000099
1162.48700000000099
1163.03600000000099
1163.14700000000099
1163.53400000000099
1163.74200000000099
1294.64900000000111
1295.76900000000111
1295.91800000000111
1296.08300000000111
1377.39200000000118
1377.55500000000118
1377.69500000000118
1379.48500000000118
1379.60800000000118
1379.82400000000118
1380.17300000000118
1476.63900000000127
1476.88200000000127
1477.50400000000127
1477.61600000000127
1477.74600000000127
1478.05700000000127
1478.22200000000127
1478.40000000000127
1478.57400000000127
1478.72800000000127
1478.89900000000127
1479.09600000000127
1480.03100000000127
1480.14000000000127
1480.29500000000127
1480.49000000000127
1480.67300000000127
1480.84900000000127
1481.00600000000127
1481.18200000000127
1481.37400000000127
1481.56400000000127
1482.01600000000127
1482.19100000000127
1482.84500000000128
1482.87700000000128
1483.08300000000128
1483.22200000000128
1483.41000000000128
1483.59600000000128
1483.78700000000128
1483.90100000000128
1484.02000000000128
1484.11100000000128
1484.26700000000128
1484.30800000000128
1484.52100000000128
1484.71000000000128
1484.91000000000128
1485.10200000000128
1485.26800000000128
1485.46200000000128
1485.66200000000128
1485.85100000000128
1486.06000000000128
1486.26000000000128
1486.46100000000128
1486.92800000000128
1487.11500000000128
1487.36300000000128
1487.59200000000128
1487.93200000000128
1488.59800000000128
1488.70800000000128
1501.80600000000129
1503.34600000000129
1503.52200000000129
1503.69700000000129
1547.39000000000133
1547.52100000000133
1547.70200000000133
1548.65200000000133
1548.80300000000133
1548.98100000000133
1556.65200000000134
1728.55000000000149
1729.34200000000149
1730.2430000000015
2904.64199999990743
2904.77599999990742
2904.9399999999074
2905.49399999990734
2905.65299999990732
2905.8239999999073
2906.21199999990726
2906.60699999990722
2906.69099999990721
2906.82899999990719
2906.94599999990718
2907.13299999990716
2907.24399999990714
2907.42599999990712
2907.54199999990711
2907.79299999990708
2907.93099999990707
2908.09199999990705
2908.34499999990702
2908.565999999907
2908.93999999990696
2909.08199999990694
2910.30499999990681
2910.46899999990679
2910.64799999990677
2910.86099999990675
2911.01599999990673
2911.19799999990671
2911.38099999990669
2911.61799999990666
2911.94299999990663
2912.12299999990661
2912.30099999990659
2912.50599999990657
2912.75399999990654
2915.18599999990627
2915.67599999990622
2915.7969999999062
2917.06199999990606
2917.33199999990603
2917.57699999990601
2917.85799999990598
2918.01999999990596
2918.13199999990595
2919.13999999990584
2919.27699999990582
2919.4449999999058
2919.63999999990578
2919.82099999990576
2920.60799999990567
2922.43599999990547
2922.68899999990544
2922.78399999990543
2922.92099999990542
2923.0529999999054
2923.26799999990538
2923.60699999990534
2923.86699999990531
2924.20099999990528
2924.31399999990527
2924.42399999990525
2924.58199999990524
2924.62499999990523
2924.71799999990522
2924.99199999990519
2925.14399999990517
2925.32899999990515
2926.06799999990507
2926.18199999990506
2926.31799999990504
2926.58799999990501
2926.734999999905
2927.43099999990492
2927.90499999990487
2928.04499999990485
2928.39399999990482
2928.5649999999048
2928.74999999990478
3014.8389999998953
3168.76799999987834
3169.79399999987823
3169.91699999987822
3170.0669999998782
3170.19699999987818
3170.50199999987815
3170.64299999987814
3171.38399999987805
3171.51599999987804
3172.25099999987796
3172.64999999987791
3172.96099999987788
3173.03899999987787
3173.12499999987786
3173.23299999987785
3173.38399999987783
3174.37199999987773
3174.47499999987771
3174.91699999987766
3175.01499999987765
3175.16599999987764
3175.30999999987762
3175.58899999987759
3176.72699999987747
3176.88899999987745
3177.06599999987743
3177.25599999987741
3177.43999999987739
3177.63799999987737
3177.81899999987735
3178.56299999987726
3178.70499999987725
3178.86499999987723
3179.03399999987721
3179.1359999998772
3179.21499999987719
3179.33999999987718
3179.41499999987717
3179.59099999987715
3179.77399999987713
3179.98599999987711
3180.14299999987709
3180.24199999987708
3180.39699999987706
3180.58499999987704
3180.74799999987702
3180.914999999877
3181.09799999987698
3181.28099999987696
3181.47899999987694
3181.70199999987692
3182.13399999987687
3182.31399999987685
3182.51299999987683
3182.71299999987681
3182.88799999987679
3183.06999999987677
3183.20999999987675
3183.26799999987675
3183.39599999987673
3183.54599999987672
3183.81799999987668
3183.98699999987667
3184.22699999987664
3184.43999999987662
3184.63599999987659
3185.00299999987655
3185.19099999987653
3186.13099999987643
3186.24699999987642
3186.3729999998764
3186.50699999987639
3186.86699999987635
3187.13199999987632
3187.2959999998763
3187.85699999987624
3188.06199999987622
3402.23599999985263
3402.64799999985258
3403.07999999985254
3403.11999999985253
3403.14699999985253
3403.98499999985244
3404.12399999985242
3405.15199999985231
3405.74699999985224
3405.90599999985223
3406.0939999998522
3407.14499999985209
3407.68699999985203
3407.84699999985201
3408.01299999985199
3408.19599999985197
3408.33899999985196
3408.51299999985194
3408.72999999985191
3408.93699999985189
3409.29099999985185
3409.45799999985183
3409.8099999998518
3409.98599999985178
3410.20099999985175
3410.47299999985172
3410.84199999985168
3411.01199999985166
3411.25699999985164
3411.65899999985159
3411.87299999985157
3412.13499999985154
3412.34699999985152
3412.5089999998515
3412.69499999985148
3413.72499999985136
3416.1209999998511
3416.30599999985108
3416.58899999985105
3417.73499999985092
3418.03099999985089
3429.95599999984958
3430.09399999984956
3430.21399999984955
3430.72299999984949
3430.88899999984947
3433.3449999998492
3433.4169999998492
3433.53399999984918
3433.64199999984917
3433.77699999984916
3433.92899999984914
3434.08599999984912
3434.3009999998491
3434.38599999984909
3435.00099999984902
3435.34599999984898
3435.52299999984896
3435.71099999984894
3435.90799999984892
3436.0959999998489
3436.26499999984888
3436.43999999984886
3436.62899999984884
3436.88299999984881
3437.18399999984878
3437.38499999984876
3437.56999999984874
3437.75599999984872
3437.8869999998487
3437.9529999998487
3438.17599999984867
3438.36599999984865
3438.56699999984863
3438.7779999998486
3439.04999999984858
3439.25399999984855
3439.46199999984853
3439.67599999984851
3439.89299999984848
3440.29199999984844
3440.6079999998484
3440.79899999984838
3440.99499999984836
3441.20999999984834
3441.40899999984832
3446.63999999984774
3449.63599999984741
3450.00599999984737
3450.46999999984732
3450.6099999998473
-4
162.148000000000102
162.294000000000102
162.446000000000103
162.593000000000103
162.747000000000103
162.909000000000103
163.054000000000103
163.214000000000103
163.364000000000103
163.524000000000104
163.919000000000104
164.085000000000104
164.244000000000104
164.421000000000104
164.589000000000105
164.755000000000105
164.905000000000105
165.080000000000105
165.249000000000105
165.400000000000105
165.569000000000105
166.577000000000106
166.732000000000106
166.898000000000107
167.071000000000107
167.263000000000107
167.650000000000107
167.785000000000107
167.951000000000108
168.124000000000108
168.294000000000108
168.489000000000108
168.649000000000108
168.824000000000108
168.953000000000108
169.451000000000109
169.606000000000109
169.779000000000109
169.959000000000109
170.140000000000109
170.33700000000011
170.48700000000011
170.65000000000011
171.19000000000011
171.339000000000111
172.012000000000111
172.170000000000111
172.331000000000111
172.536000000000112
173.988000000000113
174.141000000000113
174.314000000000113
174.482000000000113
175.120000000000114
175.265000000000114
198.308000000000134
198.476000000000135
198.779000000000135
198.944000000000135
199.104000000000135
199.272000000000135
199.428000000000135
199.608000000000136
199.767000000000136
203.266000000000139
203.415000000000139
203.570000000000139
203.737000000000139
204.02300000000014
204.90300000000014
205.01300000000014
206.264000000000142
207.813000000000143
207.940000000000143
208.089000000000143
208.239000000000143
208.284000000000143
271.504000000000199
294.19700000000022
302.648000000000227
302.795000000000227
302.937000000000227
303.082000000000228
303.244000000000228
746.342000000000621
746.516000000000621
746.672000000000622
747.732000000000622
747.901000000000623
765.680000000000638
765.828000000000638
766.005000000000639
777.787000000000649
777.968000000000649
778.147000000000649
778.30700000000065
778.48800000000065
778.67500000000065
778.82900000000065
779.01000000000065
779.19200000000065
779.23300000000065
779.35000000000065
779.978000000000651
780.111000000000651
780.300000000000651
780.478000000000652
780.689000000000652
781.061000000000652
1023.904000000000868
1024.04900000000087
1024.18500000000087
1024.33300000000087
1024.47800000000087
1024.63700000000087
1024.80900000000087
1024.98100000000087
1025.15800000000087
1025.82900000000087
1025.99200000000087
1026.15300000000087
1026.33000000000087
1026.51800000000087
1026.71100000000087
1026.90500000000087
1027.10400000000087
1027.96300000000087
1028.10500000000087
1028.28300000000087
1029.16900000000087
1029.51600000000087
1029.65800000000087
1029.97400000000087
1030.43000000000087
1030.59200000000087
1030.77200000000087
1030.95800000000087
1031.14600000000087
1031.34600000000087
1031.38400000000087
1031.52900000000087
1031.71500000000087
1031.88400000000087
1032.07300000000087
1032.13800000000087
1032.29600000000088
1032.81200000000088
1033.18000000000088
1033.84000000000088
1034.31200000000088
1034.47700000000088
1034.64500000000088
1034.82300000000088
1035.03400000000088
1035.08400000000088
1035.12200000000088
1035.31000000000088
1036.06900000000088
1036.40500000000088
1036.73100000000088
1036.90700000000088
1037.09500000000088
1037.25100000000088
1037.50100000000088
1037.67400000000088
1037.93100000000088
1042.15800000000088
1042.31100000000088
1044.40700000000089
1045.26500000000089
1046.60600000000089
1046.98700000000089
1047.13800000000089
1047.29800000000089
1047.47500000000089
1047.66800000000089
1047.74700000000089
1047.88500000000089
1047.96000000000089
1048.41100000000089
1048.63200000000089
1048.89700000000089
1049.13700000000089
1050.10800000000089
1050.26900000000089
1050.45000000000089
1050.65300000000089
1050.84300000000089
1050.93700000000089
1051.10500000000089
1051.20800000000089
1051.35000000000089
1051.78000000000089
1051.90500000000089
1052.08500000000089
1054.10500000000089
1054.28900000000089
1054.49600000000089
1054.6960000000009
1054.9010000000009
1055.1230000000009
1055.2340000000009
1055.3630000000009
1055.4620000000009
1055.4930000000009
1057.8230000000009
1058.3980000000009
1058.5610000000009
1058.7680000000009
1058.9240000000009
1059.1060000000009
1059.2870000000009
1059.4410000000009
1059.6170000000009
1059.8290000000009
1060.1050000000009
1060.1210000000009
1060.2810000000009
1060.4430000000009
1060.6640000000009
1060.8250000000009
1061.0150000000009
1061.2200000000009
1061.2980000000009
1061.4660000000009
1061.6810000000009
1061.9240000000009
1062.0750000000009
1062.2540000000009
1062.2670000000009
1062.4690000000009
1062.6330000000009
1062.8560000000009
1063.0240000000009
1063.2240000000009
1063.2340000000009
1063.5370000000009
1063.7340000000009
1063.8840000000009
1064.0460000000009
1064.2830000000009
1064.4340000000009
1064.6120000000009
1064.7900000000009
1064.9940000000009
1065.0550000000009
1065.2920000000009
1065.4200000000009
1065.6030000000009
1065.8190000000009
1066.06800000000091
1066.21300000000091
1066.43000000000091
1066.60000000000091
1066.78900000000091
1066.90600000000091
1067.10500000000091
1067.37000000000091
1067.55400000000091
1067.72300000000091
1067.94500000000091
1068.10500000000091
1068.33300000000091
1068.60000000000091
1068.78000000000091
1069.02500000000091
1069.16000000000091
1069.37500000000091
1069.56100000000091
1069.76700000000091
1070.10000000000091
1070.30900000000091
1070.48200000000091
1070.61400000000091
1070.81300000000091
1071.04300000000091
1071.23300000000091
1072.00300000000091
1072.19200000000091
1072.38700000000091
1072.65300000000091
1072.82200000000091
1072.87100000000091
1073.05400000000091
1073.09000000000091
1073.36100000000091
1073.60800000000091
1073.79500000000091
1074.16500000000091
1074.29500000000091
1074.45200000000091
1074.63000000000091
1074.83400000000091
1075.01300000000091
1075.03500000000091
1075.09100000000091
1075.36900000000091
1075.54100000000091
1075.68400000000091
1075.87200000000091
1076.06900000000091
1076.28300000000091
1076.29400000000091
1076.49000000000091
1076.66600000000091
1076.86700000000091
1077.04900000000091
1077.62000000000092
1077.80700000000092
1077.99900000000092
1078.22100000000092
1078.47300000000092
1078.65000000000092
1078.98600000000092
1079.15000000000092
1079.36500000000092
1079.96300000000092
1080.18400000000092
1080.36800000000092
1080.37800000000092
1080.51700000000092
1081.46700000000092
1081.91400000000092
1082.12100000000092
1082.31000000000092
1082.50200000000092
1082.73000000000092
1087.16100000000092
1087.36500000000092
1087.54900000000092
1087.73400000000092
1087.92300000000092
1088.11200000000092
1088.31100000000092
1088.51800000000093
1088.69600000000093
1088.93100000000093
1089.13200000000093
1089.34000000000093
1089.59800000000093
1089.75800000000093
1089.95900000000093
1090.12600000000093
1090.89300000000093
1091.11600000000093
1091.28500000000093
1091.51600000000093
1091.76200000000093
1091.84300000000093
1092.02200000000093
1092.08100000000093
1092.87800000000093
1093.12700000000093
1093.29900000000093
1093.53000000000093
1093.57600000000093
1093.73800000000093
1094.47400000000093
1094.64900000000093
1094.85300000000093
1128.03800000000096
1128.19900000000096
1128.37600000000096
1128.56700000000096
1128.76800000000096
1128.95800000000096
1129.14000000000096
1129.31200000000096
1130.30300000000096
1130.58400000000096
1130.74400000000096
1130.92400000000096
1131.57400000000096
1132.40200000000096
1132.56400000000096
1132.76700000000096
1132.93900000000096
1133.12000000000096
1133.34700000000096
1133.52900000000097
1133.77400000000097
1135.16000000000097
1135.33600000000097
1135.53400000000097
1136.46700000000097
1136.66000000000097
1136.67000000000097
1136.84300000000097
1137.06400000000097
1137.23400000000097
1137.36800000000097
1137.52900000000097
1137.73400000000097
1137.96300000000097
1138.11900000000097
1138.27900000000097
1138.47600000000097
1138.71100000000097
1138.86400000000097
1139.16800000000097
1139.39600000000097
1139.57400000000097
1139.83300000000097
1140.00300000000097
1140.20800000000097
1140.37000000000097
1140.52000000000097
1140.68900000000097
1140.80200000000097
1140.92100000000097
1141.12400000000097
1141.32000000000097
1141.52800000000097
1142.01800000000097
1142.22800000000097
1142.45900000000097
1142.59000000000097
1142.85400000000097
1142.89000000000097
1143.24000000000097
1143.41600000000097
1143.59000000000097
1143.80700000000097
1144.01300000000097
1144.18400000000097
1144.42300000000097
1144.61100000000097
1144.81700000000098
1144.98500000000098
1145.17400000000098
1145.33900000000098
1145.54800000000098
1146.06500000000098
1146.32900000000098
1146.44200000000098
1146.68800000000098
1146.85700000000098
1147.09000000000098
1147.25000000000098
1148.57600000000098
1148.85900000000098
1149.02400000000098
1149.31700000000098
1149.60900000000098
1149.77200000000098
1149.97500000000098
1150.26600000000098
1150.46700000000098
1150.68400000000098
1150.89200000000098
1151.03600000000098
1151.10000000000098
1151.24700000000098
1151.31400000000098
1151.46900000000098
1151.64200000000098
1151.85800000000098
1152.09100000000098
1152.13600000000098
1152.18000000000098
1152.43200000000098
1152.59600000000098
1152.83500000000098
1153.26500000000098
1153.48800000000098
1153.72700000000098
1153.90100000000098
1154.46200000000098
1154.63400000000098
1154.82400000000098
1155.10300000000098
1155.30300000000098
1157.28600000000099
1157.74000000000099
1157.85500000000099
1157.99700000000099
1158.25500000000099
1158.58400000000099
1158.72100000000099
1159.04700000000099
1159.37200000000099
1159.53500000000099
1159.73400000000099
1159.94200000000099
1160.16600000000099
1160.34100000000099
1160.53500000000099
1160.69000000000099
1160.76800000000099
1160.98600000000099
1161.23900000000099
1161.62100000000099
1161.79600000000099
1161.87200000000099
1162.04800000000099
1162.45400000000099
1162.56800000000099
1163.07500000000099
1163.19500000000099
1163.60300000000099
1163.80200000000099
1294.70900000000111
1295.83600000000111
1295.99300000000111
1296.15700000000111
1377.45800000000118
1377.61600000000118
1377.75800000000118
1379.53200000000118
1379.65200000000118
1380.02200000000118
1380.23200000000118
1476.73500000000127
1477.24800000000127
1477.55600000000127
1477.67800000000127
1477.79200000000127
1478.12000000000127
1478.28700000000127
1478.46900000000127
1478.66600000000127
1478.84900000000127
1479.01200000000127
1479.15000000000127
1480.04500000000127
1480.19400000000127
1480.35900000000127
1480.55100000000127
1480.73400000000127
1480.91800000000127
1481.09100000000127
1481.26800000000127
1481.46100000000127
1481.65400000000127
1482.09100000000127
1482.82600000000128
1482.86600000000128
1482.97600000000128
1483.12600000000128
1483.30500000000128
1483.49600000000128
1483.74100000000128
1483.87700000000128
1483.97200000000128
1484.10400000000128
1484.24400000000128
1484.27400000000128
1484.40200000000128
1484.59800000000128
1484.79200000000128
1485.01100000000128
1485.21800000000128
1485.35700000000128
1485.57800000000128
1485.79700000000128
1485.96700000000128
1486.17000000000128
1486.39900000000128
1486.60800000000128
1487.01700000000128
1487.22100000000128
1487.45900000000128
1487.69200000000128
1487.99600000000128
1488.63400000000128
1488.78100000000128
1502.40500000000129
1503.42800000000129
1503.65200000000129
1503.79000000000129
1547.43900000000133
1547.59600000000133
1547.77300000000133
1548.73900000000133
1548.86400000000133
1549.04800000000133
1556.71100000000134
1728.59900000000149
1729.36500000000149
1730.2880000000015
2904.69899999990743
2904.83399999990741
2904.99899999990739
2905.55399999990733
2905.70899999990731
2905.88799999990729
2906.26099999990725
2906.61599999990721
2906.7319999999072
2906.89899999990718
2906.99299999990717
2907.24299999990715
2907.24699999990714
2907.48499999990712
2907.59699999990711
2907.85899999990708
2907.99799999990706
2908.15799999990704
2908.41199999990702
2908.61999999990699
2909.04699999990695
2909.14999999990694
2910.3889999999068
2910.56299999990678
2910.78099999990676
2910.96799999990674
2911.13799999990672
2911.36599999990669
2911.55699999990667
2911.76499999990665
2912.06299999990661
2912.2339999999066
2912.39499999990658
2912.64299999990655
2912.84299999990653
2915.21099999990627
2915.73499999990621
2915.88899999990619
2917.14299999990606
2917.40899999990603
2917.650999999906
2917.93999999990597
2918.07999999990595
2918.23999999990593
2919.18299999990583
2919.35399999990581
2919.53199999990579
2919.71999999990577
2919.89099999990575
2920.67999999990567
2922.49399999990547
2922.71399999990544
2922.85299999990543
2922.97499999990541
2923.14099999990539
2923.32399999990537
2923.86399999990531
2924.17299999990528
2924.25399999990527
2924.40699999990526
2924.48999999990525
2924.60899999990523
2924.68299999990522
2924.75299999990522
2925.06299999990518
2925.21599999990517
2925.37899999990515
2926.14999999990506
2926.27799999990505
2926.42199999990503
2926.685999999905
2927.29799999990494
2927.49399999990492
2927.94899999990486
2928.06599999990485
2928.44399999990481
2928.62899999990479
2928.77999999990477
3014.88199999989529
3168.83099999987834
3169.82699999987823
3169.95799999987821
3170.12099999987819
3170.25099999987818
3170.56299999987814
3170.70599999987813
3171.41099999987805
3171.55599999987804
3172.54999999987793
3172.7549999998779
3173.03599999987787
3173.04499999987787
3173.18399999987786
3173.32499999987784
3173.44699999987783
3174.45999999987772
3174.5669999998777
3174.97299999987766
3175.13299999987764
3175.23599999987763
3175.5379999998776
3175.98799999987755
3176.80299999987746
3176.96199999987744
3177.14199999987742
3177.3259999998774
3177.53199999987738
3177.76499999987735
3178.2499999998773
3178.62099999987726
3178.76799999987724
3178.96599999987722
3179.1349999998772
3179.1499999998772
3179.33199999987718
3179.34899999987718
3179.55199999987715
3179.68099999987714
3179.86199999987712
3180.13299999987709
3180.15999999987709
3180.34899999987707
3180.50399999987705
3180.67499999987703
3180.82999999987701
3181.06299999987699
3181.21099999987697
3181.40999999987695
3181.61399999987693
3181.8189999998769
3182.22599999987686
3182.40799999987684
3182.60699999987682
3182.7859999998768
3183.02399999987677
3183.20899999987675
3183.21899999987675
3183.38799999987673
3183.48799999987672
3183.73999999987669
3183.91199999987667
3184.07999999987666
3184.33199999987663
3184.53299999987661
3184.72199999987659
3185.07999999987655
3185.28299999987652
3186.20799999987642
3186.30299999987641
3186.47399999987639
3186.60899999987638
3187.12299999987632
3187.2739999998763
3187.40599999987629
3187.91799999987623
3188.12199999987621
3402.25599999985263
3402.69199999985258
3403.11699999985253
3403.12699999985253
3403.16699999985253
3404.04899999985243
3404.61699999985237
3405.2459999998523
3405.80599999985224
3405.96499999985222
3406.1629999998522
3407.24199999985208
3407.75999999985202
3407.914999999852
3408.10899999985198
3408.23099999985197
3408.42899999985195
3408.60899999985193
3408.8279999998519
3409.05299999985188
3409.33699999985185
3409.53499999985183
3409.90199999985179
3410.09999999985176
3410.37799999985173
3410.55299999985171
3410.90999999985167
3411.12299999985165
3411.35199999985163
3411.75099999985158
3411.97599999985156
3412.21399999985153
3412.40399999985151
3412.58999999985149
3412.77899999985147
3413.78399999985136
3416.20099999985109
3416.39399999985107
3416.60599999985105
3417.77899999985092
3418.32699999985086
3430.02899999984957
3430.16399999984955
3430.28599999984954
3430.78599999984949
3430.93599999984947
3433.3659999998492
3433.48799999984919
3433.61699999984917
3433.75099999984916
3433.89599999984914
3434.05199999984913
3434.19599999984911
3434.3259999998491
3434.49199999984908
3435.08599999984901
3435.42999999984897
3435.62599999984895
3435.83199999984893
3436.04999999984891
3436.20099999984889
3436.34699999984887
3436.54799999984885
3436.76099999984883
3436.9949999998488
3437.28299999984877
3437.46999999984875
3437.66899999984873
3437.8839999998487
3437.8939999998487
3438.07199999984868
3438.28999999984866
3438.45499999984864
3438.65799999984862
3438.95299999984859
3439.16999999984856
3439.38699999984854
3439.55699999984852
3439.78599999984849
3439.98599999984847
3440.32199999984844
3440.6759999998484
3440.86499999984838
3441.06999999984835
3441.28899999984833
3441.49699999984831
3446.68099999984773
3449.7009999998474
3450.05099999984736
3450.51599999984731
3450.6669999998473
0
0
0
0
0
0
0
0
0
0
0
0
0
3600.00099999983085
0
0
0
0
0
0
