10
13
18
10
13
18
IPP2.11
test2
0
3
9
01
50
10
02
56
22
4
.3
1
2116
2116
1
199
199
1
1
1
1
1
1
1
1
1
1
1
1
1
1
1
1
1
1
1
1
2115
-1
8.41700000000000016
8.54400000000000016
8.65900000000000017
8.78300000000000017
8.91600000000000017
9.05400000000000018
9.18600000000000018
9.32100000000000018
9.46200000000000018
9.60200000000000019
9.74800000000000019
9.89300000000000019
10.0460000000000002
10.1840000000000002
10.3410000000000002
10.49100000000000021
10.64400000000000021
10.79400000000000021
10.94500000000000022
11.09500000000000022
11.26400000000000022
11.40800000000000022
11.56100000000000023
11.72100000000000023
11.86900000000000023
12.02100000000000024
12.17700000000000024
12.34300000000000024
12.50100000000000025
12.64200000000000025
12.80900000000000025
12.97400000000000026
13.06600000000000026
13.13900000000000026
13.22900000000000026
13.32000000000000026
13.88200000000000028
14.09100000000000028
14.22100000000000028
14.37200000000000029
14.52100000000000029
14.66800000000000029
14.8150000000000003
14.9720000000000003
15.1230000000000003
15.2950000000000003
15.45000000000000031
15.59400000000000031
15.75900000000000032
54.2550000000000065
54.3800000000000067
54.5180000000000068
54.6610000000000069
54.805000000000007
54.9560000000000072
55.1080000000000073
55.2500000000000074
55.4030000000000076
55.5540000000000077
55.7120000000000078
56.1250000000000082
56.4380000000000085
56.5670000000000086
56.7130000000000087
56.8670000000000089
57.021000000000009
57.1670000000000091
57.3270000000000093
57.4890000000000094
57.6200000000000095
57.7740000000000097
57.9280000000000098
58.09200000000001
58.2430000000000101
58.3960000000000102
58.5490000000000104
58.7030000000000105
58.8520000000000106
59.0060000000000108
59.1830000000000109
59.3350000000000111
59.4880000000000112
59.6480000000000113
59.8070000000000115
59.9700000000000116
60.444000000000012
60.5680000000000122
60.7210000000000123
60.8770000000000124
61.0200000000000126
61.1770000000000127
61.3320000000000128
61.488000000000013
61.6480000000000131
61.8160000000000133
63.0500000000000144
63.1860000000000145
63.3340000000000146
63.4820000000000147
63.6300000000000149
63.776000000000015
63.9270000000000151
103.9260000000000507
104.0360000000000508
104.1510000000000509
104.275000000000051
104.4010000000000511
104.5350000000000512
104.6670000000000513
104.7980000000000514
104.9350000000000516
105.0620000000000517
105.2040000000000518
105.3480000000000519
105.482000000000052
105.6220000000000522
105.7670000000000523
106.1280000000000526
106.3330000000000528
106.4570000000000529
106.607000000000053
106.7480000000000532
106.8810000000000533
107.0350000000000534
107.1870000000000536
107.3270000000000537
107.4720000000000538
107.6120000000000539
107.7620000000000541
107.9120000000000542
108.0780000000000544
108.2090000000000545
154.797000000000096
154.911000000000096
155.045000000000096
155.181000000000096
155.309000000000096
155.447000000000096
155.571000000000097
155.711000000000097
155.856000000000097
156.002000000000097
156.145000000000097
156.284000000000097
156.455000000000097
156.594000000000097
156.738000000000098
156.877000000000098
157.028000000000098
157.177000000000098
157.333000000000098
157.483000000000098
157.638000000000098
157.792000000000098
157.947000000000099
158.090000000000099
158.256000000000099
158.403000000000099
158.541000000000099
158.698000000000099
158.853000000000099
159.0160000000001
159.1410000000001
159.2900000000001
159.7230000000001
159.8610000000001
160.0060000000001
160.153000000000101
160.296000000000101
160.460000000000101
160.619000000000101
160.780000000000101
160.929000000000101
161.088000000000101
161.230000000000102
161.370000000000102
161.505000000000102
162.405000000000103
162.550000000000103
162.698000000000103
162.838000000000103
162.988000000000103
163.143000000000103
163.303000000000103
163.461000000000104
163.635000000000104
163.789000000000104
163.948000000000104
164.100000000000104
164.259000000000104
164.399000000000104
164.565000000000105
165.563000000000105
165.705000000000106
165.860000000000106
166.003000000000106
166.155000000000106
166.308000000000106
166.460000000000106
166.605000000000106
166.765000000000106
166.935000000000107
168.268000000000108
168.401000000000108
168.543000000000108
168.693000000000108
168.842000000000108
168.994000000000108
169.139000000000109
169.853000000000109
170.163000000000109
170.22000000000011
175.958000000000115
176.090000000000115
176.235000000000115
176.375000000000115
176.509000000000115
176.641000000000115
176.803000000000115
176.961000000000116
177.098000000000116
177.250000000000116
177.384000000000116
177.529000000000116
177.668000000000116
177.821000000000116
177.970000000000116
178.550000000000117
185.145000000000123
185.281000000000123
185.416000000000123
185.546000000000123
185.688000000000123
185.833000000000123
185.984000000000124
186.136000000000124
186.289000000000124
186.433000000000124
186.739000000000124
186.834000000000124
186.974000000000124
187.128000000000125
187.277000000000125
187.421000000000125
187.566000000000125
187.743000000000125
187.900000000000125
188.042000000000125
188.186000000000126
188.336000000000126
188.496000000000126
188.653000000000126
188.814000000000126
188.965000000000126
189.125000000000126
190.230000000000127
190.372000000000127
190.549000000000128
240.596000000000172
240.686000000000172
240.745000000000172
240.851000000000172
240.962000000000172
241.083000000000172
241.223000000000173
241.349000000000173
241.521000000000173
241.695000000000173
241.803000000000173
241.845000000000173
242.118000000000173
242.261000000000174
242.395000000000174
242.462000000000174
242.542000000000174
242.684000000000174
242.826000000000174
242.874000000000174
242.956000000000174
243.031000000000174
243.087000000000174
243.105000000000174
243.247000000000174
243.320000000000174
243.400000000000175
243.526000000000175
243.679000000000175
243.703000000000175
244.375000000000175
244.690000000000176
244.941000000000176
245.591000000000176
245.744000000000177
246.760000000000178
246.899000000000178
247.083000000000178
247.276000000000178
247.413000000000178
247.546000000000178
247.681000000000178
247.818000000000178
247.957000000000179
248.107000000000179
248.257000000000179
248.416000000000179
248.571000000000179
248.722000000000179
248.869000000000179
249.01800000000018
249.15700000000018
249.32700000000018
249.38500000000018
249.40700000000018
249.45700000000018
249.54300000000018
249.58700000000018
249.61500000000018
249.73000000000018
249.76100000000018
249.88800000000018
250.03200000000018
250.173000000000181
250.222000000000181
250.390000000000181
250.440000000000181
250.466000000000181
250.616000000000181
250.752000000000181
251.034000000000181
251.061000000000181
251.187000000000181
251.210000000000181
251.324000000000182
251.354000000000182
251.514000000000182
256.806000000000186
256.966000000000187
257.168000000000187
257.311000000000187
257.370000000000187
257.441000000000187
257.579000000000187
257.649000000000187
257.718000000000187
257.823000000000187
257.867000000000187
258.060000000000188
258.820000000000188
258.885000000000188
259.031000000000188
259.159000000000189
259.369000000000189
259.591000000000189
259.778000000000189
261.01000000000019
261.14000000000019
261.26300000000019
261.40500000000019
261.536000000000191
261.687000000000191
261.746000000000191
261.810000000000191
261.951000000000191
261.976000000000191
262.017000000000191
262.335000000000191
262.474000000000191
262.614000000000192
262.754000000000192
262.897000000000192
263.027000000000192
263.532000000000192
263.623000000000192
263.681000000000193
263.755000000000193
263.822000000000193
263.889000000000193
263.986000000000193
264.048000000000193
264.187000000000193
265.098000000000194
265.287000000000194
265.722000000000194
265.825000000000194
265.853000000000194
265.989000000000195
266.015000000000195
333.450000000000254
333.827000000000255
333.946000000000255
334.067000000000255
334.192000000000255
334.317000000000255
334.437000000000255
334.584000000000256
334.719000000000256
334.846000000000256
335.074000000000256
335.561000000000256
335.698000000000256
375.942000000000292
376.051000000000292
376.153000000000292
376.272000000000293
376.391000000000293
376.518000000000293
376.647000000000293
376.785000000000293
376.916000000000293
377.043000000000293
377.192000000000293
377.311000000000293
377.459000000000294
377.582000000000294
377.735000000000294
377.875000000000294
377.991000000000294
378.143000000000294
378.284000000000294
378.407000000000294
378.608000000000295
378.722000000000295
378.856000000000295
379.001000000000295
379.133000000000295
379.267000000000295
379.417000000000295
379.589000000000296
379.708000000000296
379.887000000000296
380.010000000000296
380.137000000000296
380.282000000000296
380.426000000000296
380.551000000000296
380.706000000000296
380.852000000000297
380.980000000000297
381.144000000000297
381.294000000000297
381.413000000000297
381.573000000000297
381.712000000000297
381.849000000000298
382.001000000000298
382.136000000000298
382.270000000000298
382.414000000000298
382.569000000000298
382.712000000000298
383.109000000000299
383.241000000000299
383.374000000000299
383.516000000000299
383.655000000000299
383.798000000000299
383.929000000000299
384.087000000000299
384.9460000000003
385.0780000000003
385.2060000000003
385.349000000000301
385.495000000000301
385.641000000000301
385.792000000000301
385.936000000000301
386.080000000000301
386.214000000000301
386.393000000000302
386.523000000000302
387.430000000000302
387.479000000000302
387.592000000000303
387.743000000000303
393.263000000000308
393.386000000000308
393.546000000000308
393.713000000000308
393.879000000000308
394.399000000000309
394.548000000000309
394.704000000000309
394.861000000000309
395.017000000000309
395.178000000000309
395.348000000000309
395.50500000000031
395.65800000000031
395.81000000000031
395.97000000000031
396.12300000000031
396.28100000000031
396.44200000000031
396.578000000000311
396.728000000000311
396.904000000000311
397.066000000000311
397.228000000000311
397.314000000000311
397.388000000000311
398.126000000000312
398.261000000000312
398.402000000000312
398.544000000000312
398.694000000000312
398.857000000000313
399.014000000000313
399.160000000000313
399.304000000000313
399.464000000000313
399.595000000000313
399.768000000000313
399.924000000000314
400.077000000000314
400.247000000000314
400.383000000000314
400.535000000000314
400.692000000000314
400.856000000000314
401.023000000000314
401.184000000000315
401.333000000000315
401.494000000000315
401.647000000000315
401.801000000000315
401.957000000000315
402.117000000000316
402.299000000000316
402.436000000000316
402.588000000000316
402.751000000000316
402.900000000000316
403.039000000000316
403.054000000000316
403.214000000000316
403.344000000000317
403.364000000000317
403.520000000000317
403.609000000000317
403.692000000000317
403.800000000000317
403.863000000000317
403.969000000000317
404.037000000000317
404.136000000000317
404.210000000000317
404.374000000000317
404.468000000000318
404.531000000000318
404.546000000000318
404.870000000000318
405.176000000000318
405.330000000000318
405.424000000000318
405.494000000000318
405.590000000000319
405.645000000000319
406.177000000000319
406.310000000000319
406.393000000000319
406.464000000000319
406.63200000000032
406.84400000000032
406.93500000000032
407.01300000000032
407.11300000000032
407.16400000000032
407.28200000000032
407.64400000000032
408.095000000000321
408.241000000000321
408.261000000000321
408.395000000000321
408.743000000000321
409.548000000000322
409.685000000000322
409.851000000000322
410.014000000000322
410.108000000000323
410.194000000000323
410.369000000000323
410.553000000000323
410.637000000000323
410.706000000000323
410.721000000000323
411.112000000000324
411.278000000000324
411.447000000000324
411.600000000000324
411.771000000000324
411.922000000000324
412.061000000000324
412.170000000000324
412.240000000000324
412.418000000000325
412.564000000000325
412.723000000000325
412.874000000000325
413.944000000000326
414.115000000000326
414.291000000000326
414.462000000000326
414.649000000000327
414.829000000000327
415.002000000000327
415.213000000000327
415.393000000000327
415.551000000000327
415.762000000000328
421.958000000000333
422.026000000000333
422.139000000000333
422.293000000000333
422.479000000000334
422.657000000000334
422.794000000000334
422.901000000000334
423.104000000000334
423.355000000000334
423.523000000000334
423.676000000000335
423.817000000000335
423.944000000000335
424.066000000000335
424.095000000000335
424.229000000000335
424.346000000000335
424.373000000000335
424.513000000000335
424.661000000000336
424.732000000000336
424.814000000000336
424.935000000000336
425.047000000000336
425.096000000000336
425.245000000000336
425.318000000000336
425.393000000000336
425.465000000000336
425.549000000000336
425.695000000000336
425.839000000000337
425.989000000000337
426.091000000000337
426.122000000000337
426.273000000000337
426.359000000000337
426.660000000000337
426.998000000000338
427.075000000000338
427.345000000000338
467.215000000000373
467.337000000000373
467.472000000000374
467.607000000000374
467.739000000000374
467.885000000000374
468.034000000000374
468.133000000000374
468.178000000000374
468.334000000000374
468.449000000000374
468.600000000000375
468.724000000000375
468.876000000000375
469.027000000000375
469.200000000000375
469.324000000000375
469.468000000000375
469.608000000000375
469.756000000000376
469.899000000000376
470.054000000000376
470.182000000000376
470.325000000000376
470.479000000000376
470.635000000000376
471.480000000000377
471.622000000000377
471.696000000000377
471.757000000000377
471.902000000000377
472.043000000000378
472.187000000000378
472.263000000000378
472.329000000000378
472.503000000000378
472.565000000000378
472.636000000000378
472.785000000000378
472.935000000000378
472.987000000000378
473.066000000000379
473.702000000000379
473.869000000000379
481.888000000000386
482.013000000000386
482.070000000000387
482.126000000000387
482.262000000000387
482.389000000000387
482.517000000000387
482.655000000000387
482.797000000000387
482.940000000000387
483.073000000000387
483.216000000000388
483.373000000000388
483.502000000000388
483.660000000000388
483.716000000000388
483.782000000000388
483.931000000000388
484.074000000000388
484.215000000000388
484.348000000000388
484.498000000000389
484.790000000000389
484.904000000000389
485.042000000000389
485.188000000000389
485.247000000000389
485.318000000000389
485.46300000000039
485.60400000000039
485.74000000000039
485.89500000000039
486.03100000000039
486.18600000000039
486.32400000000039
486.47300000000039
486.624000000000391
486.768000000000391
486.896000000000391
487.040000000000391
487.447000000000391
487.752000000000392
487.814000000000392
487.883000000000392
487.954000000000392
488.018000000000392
488.163000000000392
488.307000000000392
488.379000000000392
488.444000000000392
488.593000000000392
488.743000000000392
488.886000000000393
489.028000000000393
489.094000000000393
489.170000000000393
490.657000000000394
490.790000000000394
490.925000000000394
491.072000000000394
491.219000000000395
491.368000000000395
491.504000000000395
491.629000000000395
491.655000000000395
491.817000000000395
491.944000000000395
492.105000000000395
492.525000000000396
492.619000000000396
492.643000000000396
492.782000000000396
492.940000000000396
493.064000000000396
493.216000000000396
493.364000000000397
493.738000000000397
493.770000000000397
493.933000000000397
494.052000000000397
494.156000000000397
494.194000000000397
494.278000000000397
494.334000000000397
494.440000000000398
494.489000000000398
495.029000000000398
495.157000000000398
495.297000000000398
495.437000000000398
495.570000000000398
495.683000000000399
495.693000000000399
495.731000000000399
495.875000000000399
495.994000000000399
496.116000000000399
496.152000000000399
496.300000000000399
496.453000000000399
496.599000000000399
496.667000000000399
496.7360000000004
496.8860000000004
497.0440000000004
497.937000000000401
498.074000000000401
498.223000000000401
498.368000000000401
498.509000000000401
499.020000000000402
499.148000000000402
499.336000000000402
499.490000000000402
577.819000000000472
577.922000000000472
578.022000000000472
578.138000000000472
578.253000000000472
578.392000000000472
578.524000000000472
578.639000000000472
578.766000000000472
578.898000000000472
579.032000000000473
579.156000000000473
579.293000000000473
579.421000000000473
579.546000000000473
579.693000000000473
579.817000000000473
579.977000000000473
580.089000000000474
580.220000000000474
580.344000000000474
580.471000000000474
580.620000000000474
580.747000000000474
580.909000000000474
581.037000000000474
581.164000000000474
581.312000000000475
581.440000000000475
581.582000000000475
581.727000000000475
581.890000000000475
582.010000000000475
582.148000000000475
582.283000000000475
582.845000000000476
582.980000000000476
583.116000000000476
583.257000000000476
583.424000000000476
583.536000000000477
583.686000000000477
583.830000000000477
583.952000000000477
584.077000000000477
584.214000000000477
584.378000000000477
584.505000000000478
584.628000000000478
584.773000000000478
584.913000000000478
585.060000000000478
585.219000000000478
585.350000000000478
585.496000000000478
585.637000000000478
585.778000000000479
585.921000000000479
586.092000000000479
586.222000000000479
586.368000000000479
586.503000000000479
586.671000000000479
586.82200000000048
586.94600000000048
587.10800000000048
587.24900000000048
587.38400000000048
587.52100000000048
587.64700000000048
587.79700000000048
587.94100000000048
588.017000000000481
588.089000000000481
588.241000000000481
588.365000000000481
588.521000000000481
588.662000000000481
588.792000000000481
588.929000000000481
589.078000000000482
589.221000000000482
589.414000000000482
589.526000000000482
589.683000000000482
589.820000000000482
589.967000000000482
590.740000000000483
590.882000000000483
591.022000000000483
591.164000000000483
591.311000000000484
591.463000000000484
591.615000000000484
591.757000000000484
591.901000000000484
592.033000000000484
592.198000000000484
592.342000000000484
592.496000000000485
592.634000000000485
592.787000000000485
593.738000000000486
593.872000000000486
594.015000000000486
594.157000000000486
594.309000000000486
594.470000000000486
594.616000000000486
594.689000000000486
594.776000000000487
594.913000000000487
595.060000000000487
595.208000000000487
595.367000000000487
595.517000000000487
595.663000000000487
595.756000000000487
595.822000000000488
596.240000000000488
596.396000000000488
596.530000000000488
596.680000000000488
596.829000000000488
596.975000000000489
597.068000000000489
597.615000000000489
597.748000000000489
598.63100000000049
598.69100000000049
598.75700000000049
598.90300000000049
599.05500000000049
599.19800000000049
599.346000000000491
599.505000000000491
599.661000000000491
599.801000000000491
599.931000000000491
599.956000000000491
600.105000000000491
600.186000000000491
600.684000000000492
600.804000000000492
600.946000000000492
601.097000000000492
601.256000000000492
601.385000000000492
601.414000000000492
602.091000000000493
602.231000000000493
602.369000000000493
602.522000000000493
602.663000000000494
602.814000000000494
602.973000000000494
603.100000000000494
603.248000000000494
603.391000000000494
603.537000000000494
603.681000000000494
603.838000000000495
603.985000000000495
604.137000000000495
604.282000000000495
604.434000000000495
604.772000000000495
604.913000000000496
605.056000000000496
605.195000000000496
605.264000000000496
605.348000000000496
605.420000000000496
605.505000000000496
605.648000000000496
605.744000000000496
607.113000000000498
607.254000000000498
607.399000000000498
607.552000000000498
607.685000000000498
607.848000000000498
608.170000000000498
608.291000000000499
608.447000000000499
608.597000000000499
608.734000000000499
608.875000000000499
609.028000000000499
609.173000000000499
609.3240000000005
609.4750000000005
609.6240000000005
609.7760000000005
609.9250000000005
610.0630000000005
610.2320000000005
610.3720000000005
610.520000000000501
611.860000000000502
611.999000000000502
612.142000000000502
612.300000000000502
612.433000000000502
612.581000000000502
612.724000000000502
612.860000000000503
613.006000000000503
613.156000000000503
613.310000000000503
613.476000000000503
613.597000000000503
613.728000000000503
614.149000000000504
614.258000000000504
614.302000000000504
614.450000000000504
614.576000000000504
614.718000000000504
614.864000000000504
615.013000000000505
615.158000000000505
615.300000000000505
615.442000000000505
615.607000000000505
615.752000000000505
615.807000000000505
615.889000000000505
615.944000000000505
616.045000000000506
616.078000000000506
616.222000000000506
616.316000000000506
616.439000000000506
616.540000000000506
616.613000000000506
616.686000000000506
616.815000000000506
616.940000000000506
617.081000000000506
617.213000000000506
617.345000000000507
617.490000000000507
617.636000000000507
617.783000000000507
617.917000000000507
618.054000000000507
618.198000000000507
618.347000000000508
618.497000000000508
618.660000000000508
618.807000000000508
618.859000000000508
618.928000000000508
619.090000000000508
619.240000000000508
619.394000000000508
619.508000000000508
619.657000000000509
619.805000000000509
627.206000000000515
627.331000000000516
627.458000000000516
627.595000000000516
627.738000000000516
627.876000000000516
627.973000000000516
628.037000000000516
628.182000000000516
628.319000000000516
628.453000000000516
628.750000000000517
628.891000000000517
629.004000000000517
629.147000000000517
629.340000000000517
629.456000000000517
629.603000000000518
629.753000000000518
629.898000000000518
630.042000000000518
630.186000000000518
630.311000000000518
630.465000000000518
630.595000000000518
630.749000000000519
630.890000000000519
631.026000000000519
631.170000000000519
631.321000000000519
631.476000000000519
631.624000000000519
631.764000000000519
631.91500000000052
632.06900000000052
632.43500000000052
632.56200000000052
632.69400000000052
632.86900000000052
733.62700000000061
733.74700000000061
733.80900000000061
733.85900000000061
733.91900000000061
734.10700000000061
734.17600000000061
734.23100000000061
734.364000000000611
734.490000000000611
734.625000000000611
734.756000000000611
734.895000000000611
734.958000000000611
735.033000000000611
735.177000000000611
735.293000000000611
735.437000000000612
735.561000000000612
735.708000000000612
735.845000000000612
735.975000000000612
736.129000000000612
736.249000000000612
736.395000000000612
736.456000000000612
736.520000000000612
736.662000000000613
736.717000000000613
736.781000000000613
736.929000000000613
736.993000000000613
737.054000000000613
737.202000000000613
737.318000000000613
737.462000000000613
737.609000000000613
737.735000000000614
737.886000000000614
738.017000000000614
738.180000000000614
738.314000000000614
738.439000000000614
738.607000000000614
738.657000000000614
738.730000000000614
738.890000000000615
739.017000000000615
739.177000000000615
739.314000000000615
739.450000000000615
739.598000000000615
739.737000000000615
739.878000000000616
740.034000000000616
740.165000000000616
740.297000000000616
740.573000000000616
740.692000000000616
740.727000000000616
740.870000000000616
740.957000000000616
741.931000000000617
742.060000000000617
742.192000000000618
742.253000000000618
742.322000000000618
742.460000000000618
742.532000000000618
742.599000000000618
742.666000000000618
742.712000000000618
742.736000000000618
742.808000000000618
742.890000000000618
742.999000000000618
743.038000000000618
743.182000000000618
743.244000000000618
743.292000000000618
743.317000000000618
743.440000000000619
743.465000000000619
743.565000000000619
743.592000000000619
743.709000000000619
743.744000000000619
743.900000000000619
744.054000000000619
744.202000000000619
744.352000000000619
744.50700000000062
744.66100000000062
744.81100000000062
744.95200000000062
745.11000000000062
745.25500000000062
745.33400000000062
745.50100000000062
745.53300000000062
745.652000000000621
745.681000000000621
745.709000000000621
745.830000000000621
745.856000000000621
745.991000000000621
746.286000000000621
746.413000000000621
746.547000000000621
746.827000000000622
747.082000000000622
747.122000000000622
747.980000000000623
748.003000000000623
748.086000000000623
748.306000000000623
749.045000000000624
749.186000000000624
749.263000000000624
749.321000000000624
749.474000000000624
749.537000000000624
749.602000000000624
749.693000000000624
749.751000000000624
749.896000000000624
750.033000000000624
750.172000000000625
750.311000000000625
750.471000000000625
750.592000000000625
750.627000000000625
750.761000000000625
750.927000000000625
751.209000000000626
751.473000000000626
751.510000000000626
751.660000000000626
751.957000000000626
752.257000000000626
752.367000000000627
752.546000000000627
752.683000000000627
752.967000000000627
753.108000000000627
753.248000000000627
753.390000000000627
753.556000000000628
754.483000000000628
754.549000000000628
754.684000000000629
754.921000000000629
756.69100000000063
756.81200000000063
756.943000000000631
757.085000000000631
757.228000000000631
757.371000000000631
757.453000000000631
757.484000000000631
757.521000000000631
757.660000000000631
757.797000000000631
757.945000000000632
758.085000000000632
758.225000000000632
758.309000000000632
758.383000000000632
758.534000000000632
758.683000000000632
758.852000000000632
759.005000000000632
759.135000000000633
759.298000000000633
759.392000000000633
759.459000000000633
759.686000000000633
759.699000000000633
759.750000000000633
759.888000000000633
759.995000000000633
760.039000000000633
760.179000000000634
760.253000000000634
760.323000000000634
760.480000000000634
760.622000000000634
760.695000000000634
760.759000000000634
760.871000000000634
760.906000000000634
760.993000000000634
761.055000000000634
761.220000000000634
761.366000000000635
761.831000000000635
762.618000000000636
762.793000000000636
819.425000000000686
819.542000000000686
819.604000000000686
819.664000000000686
819.787000000000686
819.852000000000686
819.913000000000687
819.975000000000687
820.026000000000687
820.047000000000687
820.112000000000687
820.158000000000687
820.179000000000687
820.247000000000687
820.318000000000687
820.453000000000687
820.586000000000687
820.645000000000687
820.696000000000687
820.716000000000687
820.802000000000687
820.872000000000687
820.941000000000687
821.016000000000688
821.146000000000688
821.225000000000688
821.292000000000688
821.357000000000688
821.432000000000688
821.564000000000688
821.630000000000688
821.716000000000688
821.767000000000688
821.834000000000688
821.988000000000688
822.114000000000688
822.181000000000689
822.256000000000689
822.400000000000689
822.525000000000689
822.612000000000689
822.687000000000689
822.740000000000689
822.811000000000689
822.879000000000689
822.954000000000689
823.042000000000689
823.134000000000689
823.183000000000689
823.24900000000069
823.32700000000069
823.39800000000069
823.46100000000069
823.53000000000069
823.61400000000069
823.65100000000069
823.67800000000069
823.80300000000069
823.89100000000069
823.95100000000069
824.03100000000069
824.10400000000069
824.23800000000069
824.31800000000069
824.38900000000069
824.531000000000691
824.607000000000691
824.677000000000691
824.766000000000691
824.838000000000691
824.973000000000691
825.120000000000691
825.255000000000691
825.398000000000691
825.478000000000692
825.551000000000692
825.695000000000692
825.834000000000692
825.901000000000692
825.981000000000692
826.122000000000692
826.261000000000692
826.340000000000692
826.407000000000692
826.544000000000692
826.697000000000693
826.759000000000693
826.827000000000693
826.981000000000693
827.129000000000693
827.258000000000693
827.331000000000693
827.405000000000693
827.539000000000693
827.625000000000693
827.696000000000693
827.842000000000694
827.977000000000694
827.998000000000694
828.681000000000694
828.828000000000694
828.957000000000695
829.027000000000695
829.098000000000695
829.246000000000695
829.384000000000695
829.519000000000695
829.653000000000695
829.729000000000695
829.798000000000695
829.890000000000695
829.958000000000695
830.046000000000696
830.070000000000696
830.217000000000696
830.442000000000696
830.507000000000696
830.564000000000696
830.640000000000696
830.893000000000696
831.582000000000697
832.152000000000697
832.252000000000698
832.333000000000698
832.548000000000698
832.615000000000698
832.835000000000698
832.904000000000698
833.000000000000698
833.641000000000699
833.934000000000699
834.053000000000699
834.073000000000699
834.4420000000007
835.5220000000007
835.640000000000701
835.761000000000701
835.786000000000701
835.930000000000701
836.077000000000701
836.220000000000701
836.663000000000701
836.681000000000701
836.791000000000702
836.823000000000702
836.983000000000702
837.072000000000702
837.153000000000702
837.242000000000702
837.280000000000702
838.080000000000703
838.215000000000703
838.358000000000703
838.444000000000703
838.517000000000703
838.604000000000703
838.627000000000703
838.656000000000703
838.744000000000703
838.809000000000703
838.895000000000703
838.922000000000703
838.953000000000703
839.039000000000704
839.063000000000704
839.101000000000704
839.189000000000704
839.205000000000704
839.251000000000704
839.399000000000704
839.606000000000704
839.669000000000704
839.811000000000704
840.024000000000704
840.095000000000704
840.250000000000705
841.919000000000706
842.004000000000706
842.338000000000706
842.587000000000707
843.031000000000707
843.072000000000707
843.199000000000707
843.218000000000707
843.359000000000707
843.571000000000708
843.645000000000708
843.723000000000708
843.794000000000708
843.881000000000708
843.913000000000708
843.940000000000708
844.039000000000708
844.262000000000708
844.500000000000708
844.555000000000708
844.694000000000708
844.840000000000709
844.987000000000709
845.135000000000709
845.250000000000709
845.381000000000709
845.426000000000709
845.542000000000709
846.40300000000071
846.59000000000071
846.71900000000071
846.89300000000071
874.865000000000735
874.978000000000735
875.099000000000736
875.236000000000736
875.296000000000736
875.363000000000736
875.499000000000736
875.615000000000736
875.753000000000736
875.882000000000736
876.008000000000736
876.136000000000736
876.252000000000737
876.409000000000737
876.654000000000737
876.784000000000737
876.914000000000737
877.044000000000737
877.178000000000737
877.314000000000738
877.458000000000738
877.581000000000738
877.731000000000738
877.857000000000738
877.998000000000738
878.128000000000738
878.200000000000738
878.269000000000738
878.409000000000738
878.541000000000739
878.686000000000739
878.828000000000739
878.981000000000739
879.110000000000739
879.241000000000739
879.374000000000739
880.857000000000741
880.979000000000741
881.109000000000741
881.248000000000741
881.384000000000741
881.518000000000741
881.658000000000741
881.804000000000742
881.939000000000742
882.072000000000742
882.205000000000742
882.349000000000742
882.487000000000742
882.640000000000742
882.766000000000742
882.902000000000742
883.052000000000743
883.685000000000743
883.851000000000743
884.009000000000744
884.177000000000744
884.353000000000744
887.788000000000747
887.901000000000747
888.033000000000747
888.164000000000747
888.292000000000747
888.430000000000747
888.565000000000748
888.708000000000748
888.842000000000748
888.996000000000748
889.131000000000748
889.276000000000748
889.411000000000748
889.574000000000748
889.698000000000748
889.839000000000749
889.977000000000749
890.127000000000749
890.261000000000749
890.395000000000749
890.540000000000749
890.681000000000749
890.81800000000075
890.95900000000075
891.11200000000075
891.22600000000075
891.37300000000075
891.49100000000075
891.64100000000075
891.77000000000075
891.91900000000075
892.060000000000751
892.192000000000751
892.335000000000751
892.488000000000751
892.625000000000751
892.794000000000751
892.933000000000751
893.058000000000752
893.214000000000752
893.347000000000752
893.494000000000752
893.637000000000752
893.780000000000752
893.912000000000752
894.051000000000752
894.197000000000752
894.339000000000753
894.498000000000753
894.633000000000753
894.769000000000753
897.940000000000756
898.074000000000756
898.143000000000756
898.202000000000756
898.350000000000756
898.486000000000756
898.624000000000756
923.244000000000778
923.351000000000778
923.420000000000778
923.608000000000779
923.731000000000779
923.866000000000779
923.999000000000779
924.142000000000779
924.279000000000779
924.422000000000779
924.484000000000779
924.552000000000779
924.69700000000078
924.74800000000078
924.82100000000078
924.96300000000078
925.10800000000078
925.23400000000078
925.38200000000078
925.43700000000078
925.50400000000078
925.67700000000078
925.788000000000781
925.922000000000781
925.986000000000781
926.050000000000781
926.197000000000781
926.867000000000782
927.313000000000782
927.785000000000782
927.901000000000782
927.964000000000782
928.015000000000783
928.157000000000783
928.286000000000783
928.425000000000783
928.561000000000783
928.704000000000783
928.851000000000783
928.992000000000783
929.132000000000784
929.265000000000784
929.335000000000784
929.408000000000784
929.561000000000784
929.698000000000784
929.760000000000784
929.802000000000784
929.831000000000784
929.981000000000784
930.135000000000784
930.245000000000785
930.324000000000785
930.388000000000785
930.454000000000785
930.528000000000785
930.666000000000785
930.799000000000785
931.050000000000785
931.192000000000785
931.268000000000785
931.333000000000786
931.410000000000786
931.498000000000786
931.562000000000786
931.631000000000786
931.714000000000786
931.782000000000786
931.850000000000786
931.921000000000786
932.066000000000786
932.210000000000786
932.358000000000786
932.495000000000787
932.643000000000787
932.768000000000787
932.922000000000787
933.066000000000787
933.204000000000787
972.496000000000822
972.595000000000822
972.708000000000822
972.828000000000822
972.941000000000822
973.085000000000823
973.225000000000823
973.336000000000823
973.467000000000823
973.590000000000823
973.718000000000823
973.858000000000823
973.982000000000823
974.121000000000823
974.244000000000824
974.378000000000824
974.530000000000824
974.661000000000824
974.794000000000824
974.918000000000824
975.070000000000824
975.207000000000824
975.344000000000825
975.506000000000825
975.632000000000825
975.775000000000825
975.915000000000825
976.063000000000825
976.202000000000825
976.349000000000826
976.467000000000826
976.607000000000826
976.748000000000826
976.873000000000826
977.033000000000826
977.160000000000826
977.313000000000826
977.452000000000826
977.594000000000827
977.742000000000827
977.898000000000827
978.023000000000827
978.158000000000827
978.307000000000827
978.441000000000827
978.848000000000828
978.982000000000828
979.111000000000828
979.250000000000828
979.389000000000828
979.532000000000828
979.683000000000828
979.822000000000829
979.960000000000829
980.093000000000829
980.230000000000829
980.368000000000829
980.507000000000829
980.633000000000829
980.786000000000829
980.92300000000083
981.08700000000083
981.21600000000083
981.53000000000083
981.64800000000083
981.79100000000083
981.92900000000083
982.068000000000831
982.205000000000831
982.351000000000831
982.487000000000831
982.642000000000831
982.769000000000831
982.948000000000831
983.070000000000831
983.210000000000832
983.352000000000832
983.493000000000832
983.648000000000832
983.783000000000832
983.931000000000832
984.071000000000832
984.223000000000832
984.363000000000833
984.509000000000833
984.668000000000833
984.811000000000833
984.956000000000833
985.100000000000833
985.227000000000833
985.372000000000834
985.507000000000834
985.647000000000834
985.805000000000834
985.948000000000834
986.101000000000834
986.236000000000834
986.373000000000834
986.531000000000834
986.678000000000835
986.819000000000835
986.957000000000835
987.106000000000835
987.249000000000835
987.392000000000835
987.538000000000835
987.684000000000836
987.863000000000836
987.987000000000836
988.140000000000836
989.064000000000837
989.197000000000837
989.328000000000837
989.470000000000837
989.628000000000837
989.775000000000837
989.922000000000838
990.072000000000838
990.207000000000838
990.356000000000838
990.491000000000838
990.639000000000838
991.362000000000839
991.511000000000839
991.655000000000839
991.798000000000839
991.946000000000839
992.10500000000084
992.29400000000084
992.41000000000084
992.54500000000084
992.69400000000084
992.85200000000084
992.96600000000084
993.13900000000084
993.26000000000084
993.417000000000841
993.543000000000841
993.703000000000841
994.674000000000842
994.842000000000842
994.975000000000842
995.100000000000842
995.241000000000842
995.380000000000842
995.509000000000842
995.615000000000843
995.667000000000843
995.808000000000843
995.959000000000843
996.095000000000843
996.237000000000843
996.375000000000843
996.530000000000843
996.676000000000844
996.814000000000844
996.960000000000844
997.128000000000844
997.247000000000844
997.400000000000844
997.534000000000844
997.646000000000844
997.692000000000844
997.832000000000845
997.969000000000845
998.109000000000845
998.253000000000845
998.390000000000845
998.535000000000845
998.666000000000845
998.832000000000846
1000.047000000000847
1000.186000000000847
1000.329000000000847
1000.475000000000847
1000.621000000000847
1000.774000000000847
1000.904000000000847
1001.029000000000847
1001.063000000000847
1001.195000000000848
1001.354000000000848
1001.482000000000848
1001.624000000000848
1001.768000000000848
1001.939000000000848
1002.056000000000848
1002.196000000000848
1002.352000000000849
1002.494000000000849
1002.628000000000849
1002.785000000000849
1003.037000000000849
1003.186000000000849
1003.33200000000085
1003.48000000000085
1003.61700000000085
1003.76300000000085
1003.91300000000085
1004.05000000000085
1004.19900000000085
1004.34200000000085
1004.47400000000085
1004.596000000000851
1004.730000000000851
1004.871000000000851
1005.006000000000851
1005.152000000000851
1005.299000000000851
1018.287000000000863
1018.408000000000863
1018.538000000000863
1018.674000000000863
1018.804000000000863
1018.946000000000863
1019.094000000000863
1019.230000000000864
1020.003000000000864
1020.157000000000864
1020.312000000000864
1020.565000000000865
1021.072000000000865
1178.582000000001
1178.69700000000101
1178.80800000000101
1178.93000000000101
1179.05300000000101
1179.18900000000101
1179.33400000000101
1179.46600000000101
1179.59400000000101
1179.74400000000101
1180.78400000000101
1180.96700000000101
1181.43000000000101
1181.53800000000101
1181.63800000000101
1182.15600000000101
1182.17500000000101
1182.19900000000101
1182.52200000000101
1182.70500000000101
1182.83300000000101
1182.94200000000101
1183.06800000000101
1183.19400000000101
1183.32100000000101
1183.46300000000101
1183.59300000000101
1183.73900000000101
1183.86300000000101
1183.99900000000101
1184.14000000000101
1184.27800000000101
1184.76000000000101
1184.77600000000101
1184.85700000000101
1184.98000000000101
1233.68400000000105
1233.79300000000105
1233.96800000000105
1234.09900000000105
1234.24500000000105
1234.39900000000105
1234.58100000000105
1234.71800000000105
1234.90400000000106
1235.74100000000106
1235.84000000000106
1235.96500000000106
1236.10200000000106
1236.22100000000106
1236.34700000000106
1236.46800000000106
1236.61900000000106
1236.73600000000106
1237.19800000000106
1237.26800000000106
1237.81100000000106
1237.92600000000106
1316.33200000000113
1316.57000000000113
1316.69500000000113
1316.80300000000113
1316.92500000000113
1317.03900000000113
1317.15900000000113
1317.29800000000113
1317.42500000000113
1317.55600000000113
1317.69400000000113
1317.82900000000113
1317.94800000000113
1318.08300000000113
1318.20900000000113
1318.32700000000113
1318.46600000000113
1318.60400000000113
1411.84800000000121
1411.95600000000121
1412.09100000000121
1412.33000000000121
1412.45700000000121
1413.17300000000121
1413.32300000000121
1413.46600000000121
1413.61300000000121
1413.93900000000121
1414.08600000000121
1414.24500000000121
1414.39600000000121
1417.12300000000122
1417.23000000000122
1419.41100000000122
1419.55300000000122
1419.70000000000122
1419.81400000000122
1419.97800000000122
1420.10800000000122
1420.22900000000122
1420.36200000000122
1420.49800000000122
1420.62700000000122
1420.75800000000122
1420.88600000000122
1421.04400000000122
1421.57200000000122
1421.70800000000122
1421.97400000000122
1422.11400000000122
1422.27800000000122
1422.43300000000122
1422.57200000000122
1423.12500000000122
1423.22300000000122
1423.31200000000122
1423.41400000000122
1423.74300000000122
1424.02200000000122
1424.13500000000122
1517.54400000000131
1517.66300000000131
1517.76100000000131
1517.87700000000131
1518.01000000000131
1518.18700000000131
1518.35100000000131
1518.50600000000131
1518.52300000000131
1518.64100000000131
1519.39700000000131
1520.28200000000131
1533.14900000000132
1533.45900000000132
1533.88600000000132
1534.00500000000132
1535.07200000000132
1535.22700000000132
1560.95800000000134
1561.06000000000134
1561.15400000000134
1671.19800000000144
1671.57400000000144
1671.69700000000144
1671.72900000000144
1706.93900000000147
1707.26500000000147
1707.46300000000147
1707.57200000000147
1707.63800000000148
1707.71200000000148
1707.82700000000148
1707.95700000000148
2182.11799999998701
2182.26699999998699
2189.37599999998621
2189.48599999998619
2220.00999999998283
2220.2709999999828
2220.45799999998278
2220.53299999998278
2223.32799999998247
2438.43399999995878
2438.58699999995876
2440.58499999995854
2645.76999999993594
2646.22999999993589
2647.30599999993577
2647.76599999993572
2648.06999999993569
2648.23999999993567
2648.59699999993563
2648.8569999999356
2648.98999999993559
2676.66399999993254
2677.0369999999325
2677.55499999993244
2677.67499999993243
2678.24199999993237
2681.97299999993196
2740.45699999992551
2740.5609999999255
2740.71799999992549
2741.58399999992539
2747.02299999992479
2747.21499999992477
-2
8.46400000000000016
8.57600000000000017
8.69600000000000017
8.83100000000000017
8.97100000000000017
9.10200000000000018
9.22800000000000018
9.36900000000000018
9.51700000000000018
9.66400000000000019
9.81100000000000019
9.95800000000000019
10.0980000000000002
10.2540000000000002
10.4020000000000002
10.55500000000000021
10.70600000000000021
10.85900000000000021
11.00900000000000022
11.16300000000000022
11.32200000000000022
11.47300000000000023
11.63000000000000023
11.78300000000000023
11.94300000000000024
12.09500000000000024
12.25600000000000024
12.44000000000000025
12.56600000000000025
12.72000000000000025
12.92000000000000026
13.05600000000000026
13.07700000000000026
13.21800000000000026
13.23600000000000026
13.36800000000000026
13.91800000000000028
14.13700000000000028
14.28500000000000028
14.43600000000000029
14.58200000000000029
14.72900000000000029
14.8810000000000003
15.0340000000000003
15.1930000000000003
15.36200000000000031
15.50900000000000031
15.66900000000000031
15.82500000000000032
54.3130000000000066
54.4470000000000067
54.5890000000000068
54.732000000000007
54.8810000000000071
55.0330000000000072
55.1900000000000074
55.3260000000000075
55.4770000000000076
55.6300000000000078
55.7800000000000079
56.2390000000000083
56.4960000000000085
56.6420000000000087
56.7890000000000088
56.9420000000000089
57.0960000000000091
57.2500000000000092
57.4050000000000093
57.5470000000000095
57.6950000000000096
57.8490000000000097
58.0000000000000099
58.16700000000001
58.3140000000000101
58.4700000000000103
58.6200000000000104
58.7740000000000106
58.9250000000000107
59.0860000000000108
59.257000000000011
59.4080000000000111
59.5700000000000113
59.7290000000000114
59.8820000000000115
60.0050000000000116
60.4940000000000121
60.6490000000000122
60.8050000000000124
60.9500000000000125
61.1000000000000126
61.2560000000000128
61.4140000000000129
61.573000000000013
61.7280000000000132
61.8710000000000133
63.1160000000000144
63.2600000000000145
63.4100000000000147
63.5590000000000148
63.7030000000000149
63.8490000000000151
64.0010000000000152
103.9720000000000507
104.0830000000000508
104.2030000000000509
104.331000000000051
104.4580000000000511
104.5890000000000512
104.7220000000000514
104.8530000000000515
104.9830000000000516
105.1260000000000517
105.2650000000000518
105.401000000000052
105.5420000000000521
105.6850000000000522
105.8090000000000523
106.1600000000000526
106.3790000000000528
106.521000000000053
106.6620000000000531
106.8030000000000532
106.9570000000000534
107.1050000000000535
107.2460000000000536
107.3890000000000537
107.5300000000000539
107.682000000000054
107.8280000000000541
107.9790000000000543
108.1270000000000544
108.2350000000000545
154.847000000000096
154.970000000000096
155.105000000000096
155.232000000000096
155.367000000000096
155.497000000000096
155.641000000000097
155.783000000000097
155.928000000000097
156.069000000000097
156.209000000000097
156.362000000000097
156.519000000000097
156.657000000000098
156.799000000000098
156.945000000000098
157.095000000000098
157.249000000000098
157.403000000000098
157.552000000000098
157.705000000000098
157.850000000000099
158.011000000000099
158.174000000000099
158.322000000000099
158.461000000000099
158.617000000000099
158.772000000000099
158.9280000000001
159.0820000000001
159.2020000000001
159.3260000000001
159.7850000000001
159.9280000000001
160.073000000000101
160.218000000000101
160.363000000000101
160.518000000000101
160.702000000000101
160.849000000000101
160.998000000000101
161.152000000000101
161.289000000000102
161.426000000000102
161.587000000000102
162.472000000000103
162.622000000000103
162.764000000000103
162.914000000000103
163.065000000000103
163.229000000000103
163.381000000000103
163.530000000000104
163.707000000000104
163.864000000000104
164.017000000000104
164.194000000000104
164.333000000000104
164.480000000000104
164.647000000000105
165.634000000000105
165.781000000000106
165.927000000000106
166.077000000000106
166.227000000000106
166.377000000000106
166.524000000000106
166.683000000000106
166.838000000000107
167.008000000000107
168.326000000000108
168.471000000000108
168.620000000000108
168.767000000000108
168.914000000000108
169.056000000000108
169.208000000000109
169.859000000000109
170.17900000000011
170.93400000000011
176.018000000000115
176.156000000000115
176.295000000000115
176.430000000000115
176.571000000000115
176.723000000000115
176.865000000000115
177.022000000000116
177.164000000000116
177.303000000000116
177.445000000000116
177.588000000000116
177.736000000000116
177.885000000000116
178.044000000000116
179.462000000000118
185.202000000000123
185.326000000000123
185.469000000000123
185.611000000000123
185.756000000000123
185.906000000000123
186.054000000000124
186.203000000000124
186.350000000000124
186.480000000000124
186.756000000000124
186.891000000000124
187.043000000000124
187.196000000000125
187.344000000000125
187.491000000000125
187.648000000000125
187.813000000000125
187.960000000000125
188.104000000000125
188.256000000000126
188.415000000000126
188.572000000000126
188.731000000000126
188.882000000000126
189.033000000000126
189.178000000000126
190.235000000000127
190.505000000000128
194.489000000000131
240.625000000000172
240.728000000000172
240.843000000000172
240.959000000000172
241.082000000000172
241.213000000000173
241.339000000000173
241.486000000000173
241.654000000000173
241.767000000000173
241.843000000000173
242.080000000000173
242.209000000000173
242.345000000000174
242.459000000000174
242.489000000000174
242.629000000000174
242.754000000000174
242.866000000000174
242.887000000000174
243.027000000000174
243.060000000000174
243.093000000000174
243.194000000000174
243.313000000000174
243.341000000000174
243.503000000000175
243.623000000000175
243.695000000000175
243.772000000000175
244.425000000000175
244.813000000000176
245.120000000000176
245.674000000000177
246.695000000000177
246.841000000000178
246.996000000000178
247.143000000000178
247.329000000000178
247.461000000000178
247.601000000000178
247.737000000000178
247.882000000000179
248.031000000000179
248.182000000000179
248.334000000000179
248.494000000000179
248.644000000000179
248.790000000000179
248.936000000000179
249.07700000000018
249.24100000000018
249.38200000000018
249.39400000000018
249.45400000000018
249.53500000000018
249.56200000000018
249.60900000000018
249.71900000000018
249.75600000000018
249.87200000000018
249.90300000000018
250.07100000000018
250.221000000000181
250.372000000000181
250.428000000000181
250.449000000000181
250.613000000000181
250.751000000000181
250.984000000000181
251.058000000000181
251.160000000000181
251.204000000000181
251.309000000000182
251.350000000000182
251.440000000000182
251.570000000000182
256.867000000000186
257.042000000000187
257.224000000000187
257.360000000000187
257.434000000000187
257.503000000000187
257.646000000000187
257.716000000000187
257.788000000000187
257.861000000000187
258.055000000000188
258.102000000000188
258.870000000000188
259.005000000000188
259.154000000000188
259.368000000000189
259.586000000000189
259.735000000000189
259.866000000000189
261.05100000000019
261.18500000000019
261.32600000000019
261.461000000000191
261.604000000000191
261.732000000000191
261.808000000000191
261.891000000000191
261.960000000000191
262.011000000000191
262.043000000000191
262.420000000000191
262.562000000000192
262.704000000000192
262.852000000000192
263.007000000000192
263.184000000000192
263.588000000000192
263.673000000000193
263.726000000000193
263.813000000000193
263.872000000000193
263.984000000000193
264.034000000000193
264.179000000000193
265.050000000000194
265.231000000000194
265.669000000000194
265.810000000000194
265.849000000000194
265.925000000000195
266.000000000000195
266.680000000000195
333.500000000000255
333.880000000000255
333.993000000000255
334.116000000000255
334.241000000000255
334.365000000000255
334.499000000000255
334.637000000000256
334.770000000000256
334.903000000000256
335.131000000000256
335.683000000000256
336.583000000000257
375.985000000000292
376.089000000000292
376.199000000000292
376.319000000000293
376.445000000000293
376.575000000000293
376.707000000000293
376.838000000000293
376.967000000000293
377.109000000000293
377.234000000000293
377.377000000000294
377.507000000000294
377.657000000000294
377.794000000000294
377.915000000000294
378.062000000000294
378.185000000000294
378.331000000000294
378.473000000000294
378.646000000000295
378.779000000000295
378.924000000000295
379.053000000000295
379.191000000000295
379.338000000000295
379.480000000000295
379.629000000000296
379.790000000000296
379.944000000000296
380.059000000000296
380.203000000000296
380.341000000000296
380.469000000000296
380.625000000000296
380.766000000000297
380.900000000000297
381.065000000000297
381.210000000000297
381.349000000000297
381.485000000000297
381.631000000000297
381.763000000000297
381.916000000000298
382.052000000000298
382.186000000000298
382.336000000000298
382.488000000000298
382.627000000000298
382.754000000000298
383.168000000000299
383.302000000000299
383.442000000000299
383.579000000000299
383.716000000000299
383.856000000000299
384.009000000000299
384.1520000000003
385.0070000000003
385.1370000000003
385.276000000000301
385.413000000000301
385.559000000000301
385.709000000000301
385.853000000000301
385.992000000000301
386.130000000000301
386.287000000000301
386.452000000000302
386.611000000000302
387.448000000000302
387.530000000000303
387.711000000000303
388.363000000000303
393.309000000000308
393.467000000000308
393.621000000000308
393.796000000000308
393.936000000000308
394.470000000000309
394.627000000000309
394.783000000000309
394.939000000000309
395.100000000000309
395.267000000000309
395.42500000000031
395.57500000000031
395.72100000000031
395.87300000000031
396.04300000000031
396.20100000000031
396.35700000000031
396.524000000000311
396.646000000000311
396.817000000000311
396.987000000000311
397.146000000000311
397.306000000000311
397.330000000000311
397.443000000000311
398.192000000000312
398.329000000000312
398.471000000000312
398.618000000000312
398.776000000000313
398.925000000000313
399.080000000000313
399.222000000000313
399.378000000000313
399.533000000000313
399.688000000000313
399.841000000000313
400.006000000000314
400.158000000000314
400.322000000000314
400.443000000000314
400.617000000000314
400.778000000000314
400.939000000000314
401.096000000000315
401.283000000000315
401.405000000000315
401.585000000000315
401.734000000000315
401.903000000000315
402.055000000000315
402.198000000000316
402.360000000000316
402.536000000000316
402.687000000000316
402.827000000000316
402.976000000000316
403.051000000000316
403.141000000000316
403.321000000000317
403.354000000000317
403.432000000000317
403.598000000000317
403.618000000000317
403.778000000000317
403.822000000000317
403.954000000000317
403.978000000000317
404.122000000000317
404.149000000000317
404.289000000000317
404.462000000000318
404.497000000000318
404.537000000000318
404.835000000000318
405.092000000000318
405.254000000000318
405.417000000000318
405.451000000000318
405.581000000000319
405.641000000000319
405.744000000000319
406.227000000000319
406.390000000000319
406.419000000000319
406.61500000000032
406.81500000000032
406.92700000000032
406.96000000000032
407.08800000000032
407.16100000000032
407.27200000000032
407.63100000000032
408.085000000000321
408.212000000000321
408.259000000000321
408.357000000000321
408.701000000000321
408.837000000000321
409.595000000000322
409.762000000000322
409.918000000000322
410.097000000000323
410.144000000000323
410.285000000000323
410.470000000000323
410.636000000000323
410.669000000000323
410.716000000000323
411.066000000000323
411.194000000000324
411.386000000000324
411.557000000000324
411.679000000000324
411.832000000000324
412.016000000000324
412.166000000000324
412.207000000000324
412.378000000000325
412.484000000000325
412.645000000000325
412.842000000000325
413.169000000000325
414.019000000000326
414.189000000000326
414.378000000000326
414.564000000000327
414.744000000000327
414.924000000000327
415.172000000000327
415.314000000000327
415.491000000000327
415.719000000000328
415.863000000000328
422.008000000000333
422.137000000000333
422.287000000000333
422.438000000000334
422.648000000000334
422.743000000000334
422.871000000000334
423.041000000000334
423.306000000000334
423.522000000000334
423.661000000000335
423.772000000000335
423.941000000000335
424.038000000000335
424.089000000000335
424.220000000000335
424.318000000000335
424.365000000000335
424.507000000000335
424.612000000000335
424.729000000000336
424.752000000000336
424.868000000000336
425.017000000000336
425.083000000000336
425.163000000000336
425.312000000000336
425.344000000000336
425.454000000000336
425.486000000000336
425.613000000000336
425.790000000000337
425.933000000000337
426.082000000000337
426.113000000000337
426.214000000000337
426.347000000000337
426.366000000000337
426.745000000000337
427.024000000000338
427.317000000000338
429.33200000000034
467.262000000000373
467.395000000000374
467.530000000000374
467.667000000000374
467.810000000000374
467.955000000000374
468.099000000000374
468.142000000000374
468.248000000000374
468.367000000000374
468.517000000000374
468.641000000000375
468.798000000000375
468.948000000000375
469.105000000000375
469.246000000000375
469.392000000000375
469.530000000000375
469.679000000000376
469.820000000000376
469.974000000000376
470.094000000000376
470.248000000000376
470.397000000000376
470.552000000000376
470.674000000000376
471.541000000000377
471.683000000000377
471.711000000000377
471.828000000000377
471.970000000000378
472.112000000000378
472.255000000000378
472.282000000000378
472.414000000000378
472.562000000000378
472.587000000000378
472.705000000000378
472.850000000000378
472.983000000000378
473.012000000000378
473.109000000000379
473.844000000000379
475.624000000000381
481.941000000000386
482.056000000000386
482.091000000000387
482.186000000000387
482.315000000000387
482.446000000000387
482.583000000000387
482.724000000000387
482.865000000000387
483.001000000000387
483.145000000000387
483.293000000000388
483.432000000000388
483.576000000000388
483.709000000000388
483.723000000000388
483.853000000000388
483.993000000000388
484.138000000000388
484.279000000000388
484.419000000000389
484.560000000000389
484.832000000000389
484.966000000000389
485.108000000000389
485.246000000000389
485.270000000000389
485.388000000000389
485.52500000000039
485.66600000000039
485.81200000000039
485.97200000000039
486.10800000000039
486.26300000000039
486.39000000000039
486.55000000000039
486.690000000000391
486.840000000000391
486.963000000000391
487.102000000000391
487.620000000000391
487.809000000000392
487.845000000000392
487.947000000000392
487.973000000000392
488.089000000000392
488.231000000000392
488.373000000000392
488.391000000000392
488.516000000000392
488.667000000000392
488.805000000000392
488.949000000000393
489.093000000000393
489.117000000000393
489.241000000000393
490.725000000000394
490.855000000000394
491.002000000000394
491.145000000000395
491.297000000000395
491.434000000000395
491.583000000000395
491.642000000000395
491.735000000000395
491.869000000000395
492.021000000000395
492.151000000000395
492.569000000000396
492.633000000000396
492.697000000000396
492.855000000000396
492.991000000000396
493.140000000000396
493.273000000000396
493.389000000000397
493.752000000000397
493.831000000000397
493.964000000000397
494.111000000000397
494.191000000000397
494.255000000000397
494.319000000000397
494.413000000000397
494.467000000000398
494.550000000000398
495.071000000000398
495.215000000000398
495.356000000000398
495.491000000000398
495.649000000000399
495.689000000000399
495.706000000000399
495.787000000000399
495.914000000000399
496.072000000000399
496.135000000000399
496.217000000000399
496.365000000000399
496.500000000000399
496.658000000000399
496.7200000000004
496.8070000000004
496.9610000000004
497.1140000000004
497.998000000000401
498.142000000000401
498.291000000000401
498.422000000000401
498.554000000000401
499.107000000000402
499.260000000000402
499.416000000000402
501.919000000000404
577.888000000000472
577.958000000000472
578.067000000000472
578.187000000000472
578.322000000000472
578.452000000000472
578.569000000000472
578.699000000000472
578.822000000000472
578.953000000000473
579.081000000000473
579.215000000000473
579.344000000000473
579.474000000000473
579.611000000000473
579.739000000000473
579.884000000000473
580.020000000000474
580.141000000000474
580.269000000000474
580.396000000000474
580.543000000000474
580.671000000000474
580.824000000000474
580.958000000000474
581.088000000000474
581.235000000000475
581.366000000000475
581.508000000000475
581.648000000000475
581.792000000000475
581.944000000000475
582.072000000000475
582.206000000000475
582.332000000000476
582.909000000000476
583.043000000000476
583.182000000000476
583.324000000000476
583.459000000000476
583.613000000000477
583.750000000000477
583.871000000000477
583.995000000000477
584.132000000000477
584.291000000000477
584.420000000000477
584.547000000000478
584.690000000000478
584.834000000000478
584.982000000000478
585.128000000000478
585.274000000000478
585.416000000000478
585.559000000000478
585.699000000000478
585.845000000000479
586.004000000000479
586.163000000000479
586.285000000000479
586.452000000000479
586.591000000000479
586.751000000000479
586.87900000000048
587.02700000000048
587.19600000000048
587.32800000000048
587.43000000000048
587.59300000000048
587.72200000000048
587.86500000000048
588.015000000000481
588.030000000000481
588.161000000000481
588.320000000000481
588.439000000000481
588.589000000000481
588.738000000000481
588.883000000000481
588.999000000000481
589.174000000000482
589.304000000000482
589.479000000000482
589.600000000000482
589.757000000000482
589.893000000000482
589.987000000000482
590.813000000000483
590.956000000000483
591.097000000000483
591.244000000000483
591.388000000000484
591.539000000000484
591.702000000000484
591.820000000000484
591.967000000000484
592.107000000000484
592.269000000000484
592.428000000000484
592.594000000000485
592.736000000000485
592.873000000000485
593.808000000000486
593.944000000000486
594.088000000000486
594.236000000000486
594.392000000000486
594.542000000000486
594.687000000000486
594.697000000000486
594.848000000000487
594.983000000000487
595.136000000000487
595.287000000000487
595.441000000000487
595.590000000000487
595.744000000000487
595.771000000000487
595.893000000000488
596.314000000000488
596.461000000000488
596.602000000000488
596.751000000000488
596.937000000000488
597.057000000000489
597.585000000000489
597.710000000000489
597.922000000000489
598.68200000000049
598.71000000000049
598.83000000000049
598.97800000000049
599.12300000000049
599.270000000000491
599.424000000000491
599.581000000000491
599.753000000000491
599.880000000000491
599.939000000000491
600.028000000000491
600.180000000000491
600.338000000000492
600.726000000000492
600.907000000000492
601.019000000000492
601.179000000000492
601.336000000000492
601.409000000000492
601.491000000000493
602.153000000000493
602.294000000000493
602.438000000000493
602.592000000000494
602.801000000000494
602.882000000000494
603.069000000000494
603.175000000000494
603.319000000000494
603.457000000000494
603.600000000000494
603.751000000000495
603.910000000000495
604.060000000000495
604.209000000000495
604.354000000000495
604.672000000000495
604.853000000000496
605.004000000000496
605.146000000000496
605.262000000000496
605.291000000000496
605.417000000000496
605.444000000000496
605.573000000000496
605.733000000000496
605.903000000000496
607.180000000000498
607.322000000000498
607.466000000000498
607.612000000000498
607.768000000000498
607.916000000000498
608.212000000000498
608.367000000000499
608.520000000000499
608.656000000000499
608.800000000000499
608.950000000000499
609.097000000000499
609.246000000000499
609.3920000000005
609.5480000000005
609.6980000000005
609.8430000000005
609.9830000000005
610.1390000000005
610.2910000000005
610.4360000000005
610.587000000000501
611.932000000000502
612.075000000000502
612.221000000000502
612.362000000000502
612.503000000000502
612.645000000000502
612.783000000000503
612.931000000000503
613.076000000000503
613.233000000000503
613.377000000000503
613.521000000000503
613.669000000000503
613.804000000000504
614.222000000000504
614.294000000000504
614.364000000000504
614.499000000000504
614.637000000000504
614.778000000000504
614.936000000000504
615.077000000000505
615.219000000000505
615.360000000000505
615.526000000000505
615.696000000000505
615.796000000000505
615.834000000000505
615.934000000000505
615.987000000000505
616.068000000000506
616.142000000000506
616.250000000000506
616.345000000000506
616.466000000000506
616.603000000000506
616.623000000000506
616.754000000000506
616.868000000000506
617.003000000000506
617.133000000000506
617.269000000000507
617.415000000000507
617.564000000000507
617.702000000000507
617.841000000000507
617.968000000000507
618.118000000000507
618.267000000000507
618.416000000000508
618.578000000000508
618.723000000000508
618.855000000000508
618.867000000000508
619.008000000000508
619.143000000000508
619.310000000000508
619.433000000000508
619.581000000000509
619.714000000000509
619.853000000000509
627.271000000000515
627.413000000000516
627.532000000000516
627.674000000000516
627.800000000000516
627.961000000000516
628.018000000000516
628.094000000000516
628.239000000000516
628.377000000000516
628.525000000000517
628.806000000000517
628.928000000000517
629.069000000000517
629.213000000000517
629.387000000000517
629.530000000000517
629.668000000000518
629.830000000000518
629.964000000000518
630.109000000000518
630.240000000000518
630.384000000000518
630.519000000000518
630.668000000000518
630.810000000000519
630.948000000000519
631.096000000000519
631.245000000000519
631.394000000000519
631.549000000000519
631.688000000000519
631.83700000000052
631.98100000000052
632.12700000000052
632.52100000000052
632.68500000000052
632.83300000000052
637.990000000000525
733.67300000000061
733.78700000000061
733.85200000000061
733.90500000000061
734.03100000000061
734.15800000000061
734.18500000000061
734.29100000000061
734.418000000000611
734.549000000000611
734.685000000000611
734.819000000000611
734.949000000000611
734.965000000000611
735.097000000000611
735.220000000000611
735.353000000000611
735.482000000000612
735.627000000000612
735.772000000000612
735.901000000000612
736.044000000000612
736.173000000000612
736.315000000000612
736.449000000000612
736.468000000000612
736.572000000000612
736.709000000000613
736.733000000000613
736.849000000000613
736.980000000000613
736.999000000000613
737.121000000000613
737.243000000000613
737.382000000000613
737.527000000000613
737.659000000000613
737.806000000000614
737.940000000000614
738.090000000000614
738.263000000000614
738.361000000000614
738.524000000000614
738.656000000000614
738.664000000000614
738.807000000000614
738.938000000000615
739.082000000000615
739.238000000000615
739.375000000000615
739.523000000000615
739.658000000000615
739.798000000000615
739.947000000000616
740.107000000000616
740.252000000000616
740.568000000000616
740.652000000000616
740.721000000000616
740.838000000000616
740.952000000000616
741.121000000000617
742.054000000000617
742.146000000000618
742.251000000000618
742.309000000000618
742.387000000000618
742.525000000000618
742.552000000000618
742.663000000000618
742.692000000000618
742.719000000000618
742.807000000000618
742.829000000000618
742.966000000000618
743.028000000000618
743.104000000000618
743.242000000000618
743.265000000000618
743.298000000000618
743.386000000000619
743.454000000000619
743.548000000000619
743.581000000000619
743.665000000000619
743.727000000000619
743.834000000000619
743.970000000000619
744.132000000000619
744.318000000000619
744.45900000000062
744.60100000000062
744.75400000000062
744.89500000000062
745.09600000000062
745.19300000000062
745.32900000000062
745.48000000000062
745.52500000000062
745.636000000000621
745.664000000000621
745.699000000000621
745.817000000000621
745.845000000000621
745.986000000000621
746.265000000000621
746.390000000000621
746.537000000000621
746.821000000000622
747.049000000000622
747.120000000000622
747.934000000000623
747.989000000000623
748.061000000000623
748.124000000000623
748.355000000000623
749.113000000000624
749.255000000000624
749.269000000000624
749.388000000000624
749.533000000000624
749.593000000000624
749.678000000000624
749.741000000000624
749.890000000000624
750.028000000000624
750.165000000000625
750.301000000000625
750.465000000000625
750.563000000000625
750.619000000000625
750.758000000000625
750.914000000000625
751.208000000000626
751.459000000000626
751.500000000000626
751.657000000000626
751.953000000000626
752.250000000000626
752.357000000000626
752.531000000000627
752.680000000000627
752.958000000000627
753.096000000000627
753.237000000000627
753.386000000000627
753.496000000000628
754.476000000000628
754.534000000000628
754.680000000000629
754.914000000000629
755.179000000000629
756.74100000000063
756.874000000000631
757.017000000000631
757.160000000000631
757.300000000000631
757.442000000000631
757.480000000000631
757.501000000000631
757.587000000000631
757.723000000000631
757.867000000000631
758.007000000000632
758.153000000000632
758.307000000000632
758.374000000000632
758.458000000000632
758.608000000000632
758.834000000000632
758.987000000000632
759.086000000000632
759.256000000000633
759.382000000000633
759.449000000000633
759.674000000000633
759.695000000000633
759.716000000000633
759.812000000000633
759.963000000000633
760.020000000000633
760.134000000000633
760.246000000000634
760.310000000000634
760.393000000000634
760.546000000000634
760.691000000000634
760.752000000000634
760.867000000000634
760.890000000000634
760.982000000000634
761.038000000000634
761.163000000000634
761.301000000000634
761.440000000000635
761.905000000000635
762.752000000000636
765.390000000000638
819.473000000000686
819.592000000000686
819.616000000000686
819.710000000000686
819.838000000000686
819.872000000000686
819.971000000000687
820.000000000000687
820.032000000000687
820.106000000000687
820.132000000000687
820.167000000000687
820.244000000000687
820.263000000000687
820.379000000000687
820.532000000000687
820.644000000000687
820.668000000000687
820.708000000000687
820.790000000000687
820.814000000000687
820.935000000000687
820.960000000000687
821.064000000000688
821.211000000000688
821.244000000000688
821.355000000000688
821.392000000000688
821.558000000000688
821.627000000000688
821.663000000000688
821.766000000000688
821.829000000000688
821.906000000000688
822.110000000000688
822.177000000000688
822.247000000000689
822.397000000000689
822.521000000000689
822.605000000000689
822.625000000000689
822.736000000000689
822.800000000000689
822.877000000000689
822.944000000000689
823.031000000000689
823.118000000000689
823.174000000000689
823.24200000000069
823.32000000000069
823.38900000000069
823.45600000000069
823.52600000000069
823.60200000000069
823.62100000000069
823.67000000000069
823.80000000000069
823.87800000000069
823.94600000000069
824.02600000000069
824.09700000000069
824.23100000000069
824.31000000000069
824.33100000000069
824.521000000000691
824.605000000000691
824.669000000000691
824.759000000000691
824.834000000000691
824.966000000000691
825.075000000000691
825.244000000000691
825.392000000000691
825.470000000000692
825.542000000000692
825.651000000000692
825.824000000000692
825.891000000000692
825.964000000000692
826.112000000000692
826.217000000000692
826.322000000000692
826.395000000000692
826.532000000000692
826.640000000000693
826.755000000000693
826.820000000000693
826.976000000000693
827.121000000000693
827.255000000000693
827.329000000000693
827.398000000000693
827.538000000000693
827.618000000000693
827.685000000000693
827.837000000000694
827.943000000000694
827.988000000000694
828.093000000000694
828.756000000000694
828.912000000000694
829.024000000000695
829.049000000000695
829.234000000000695
829.337000000000695
829.511000000000695
829.652000000000695
829.728000000000695
829.797000000000695
829.882000000000695
829.957000000000696
830.042000000000696
830.057000000000696
830.211000000000696
830.431000000000696
830.504000000000696
830.560000000000696
830.634000000000696
830.881000000000696
831.579000000000697
832.148000000000697
832.241000000000698
832.322000000000698
832.543000000000698
832.558000000000698
832.828000000000698
832.900000000000698
832.995000000000698
833.579000000000699
833.877000000000699
834.048000000000699
834.069000000000699
834.4400000000007
835.0560000000007
835.5680000000007
835.716000000000701
835.774000000000701
835.860000000000701
836.023000000000701
836.149000000000701
836.620000000000701
836.674000000000701
836.761000000000702
836.799000000000702
836.980000000000702
837.070000000000702
837.148000000000702
837.239000000000702
837.259000000000702
837.399000000000702
838.149000000000703
838.289000000000703
838.437000000000703
838.454000000000703
838.592000000000703
838.621000000000703
838.648000000000703
838.739000000000703
838.800000000000703
838.882000000000703
838.903000000000703
838.945000000000703
839.030000000000704
839.059000000000704
839.092000000000704
839.176000000000704
839.198000000000704
839.248000000000704
839.351000000000704
839.595000000000704
839.665000000000704
839.809000000000704
840.022000000000704
840.090000000000704
840.247000000000705
840.481000000000705
841.988000000000706
842.334000000000706
842.570000000000707
843.011000000000707
843.071000000000707
843.158000000000707
843.205000000000707
843.302000000000707
843.566000000000708
843.583000000000708
843.717000000000708
843.729000000000708
843.868000000000708
843.887000000000708
843.932000000000708
844.030000000000708
844.216000000000708
844.471000000000708
844.542000000000708
844.659000000000709
844.767000000000709
844.914000000000709
845.070000000000709
845.244000000000709
845.368000000000709
845.420000000000709
845.508000000000709
845.660000000000709
846.49200000000071
846.65600000000071
846.82200000000071
847.690000000000711
874.916000000000735
875.036000000000736
875.161000000000736
875.295000000000736
875.311000000000736
875.422000000000736
875.548000000000736
875.678000000000736
875.805000000000736
875.931000000000736
876.056000000000736
876.180000000000737
876.327000000000737
876.449000000000737
876.707000000000737
876.837000000000737
876.973000000000737
877.104000000000737
877.234000000000738
877.383000000000738
877.510000000000738
877.653000000000738
877.783000000000738
877.919000000000738
878.054000000000738
878.193000000000738
878.206000000000738
878.333000000000738
878.468000000000739
878.611000000000739
878.754000000000739
878.894000000000739
879.041000000000739
879.171000000000739
879.296000000000739
879.430000000000739
880.911000000000741
881.037000000000741
881.175000000000741
881.309000000000741
881.444000000000741
881.582000000000741
881.729000000000741
881.864000000000742
881.994000000000742
882.129000000000742
882.272000000000742
882.407000000000742
882.547000000000742
882.693000000000742
882.828000000000742
882.975000000000742
883.108000000000743
883.763000000000743
883.937000000000743
884.136000000000744
884.327000000000744
887.556000000000747
887.838000000000747
887.962000000000747
888.095000000000747
888.225000000000747
888.360000000000747
888.494000000000747
888.634000000000748
888.767000000000748
888.921000000000748
889.058000000000748
889.199000000000748
889.336000000000748
889.480000000000748
889.626000000000748
889.762000000000749
889.901000000000749
890.052000000000749
890.187000000000749
890.318000000000749
890.462000000000749
890.606000000000749
890.744000000000749
890.88400000000075
891.02700000000075
891.15300000000075
891.28500000000075
891.42100000000075
891.56400000000075
891.69800000000075
891.84700000000075
891.985000000000751
892.117000000000751
892.263000000000751
892.412000000000751
892.553000000000751
892.705000000000751
892.858000000000751
892.989000000000751
893.134000000000752
893.292000000000752
893.418000000000752
893.563000000000752
893.704000000000752
893.866000000000752
893.978000000000752
894.120000000000752
894.290000000000753
894.433000000000753
894.578000000000753
894.722000000000753
894.843000000000753
898.001000000000756
898.135000000000756
898.150000000000756
898.276000000000756
898.412000000000756
898.547000000000756
898.680000000000756
923.291000000000778
923.410000000000778
923.540000000000779
923.668000000000779
923.795000000000779
923.933000000000779
924.074000000000779
924.207000000000779
924.348000000000779
924.480000000000779
924.494000000000779
924.61800000000078
924.74700000000078
924.78100000000078
924.88600000000078
925.02800000000078
925.19300000000078
925.30100000000078
925.43000000000078
925.45200000000078
925.57800000000078
925.69700000000078
925.842000000000781
925.975000000000781
925.997000000000781
926.115000000000781
926.249000000000781
926.905000000000782
927.364000000000782
927.832000000000782
927.946000000000782
927.981000000000782
928.087000000000783
928.217000000000783
928.353000000000783
928.490000000000783
928.631000000000783
928.770000000000783
928.917000000000783
929.054000000000783
929.189000000000784
929.333000000000784
929.351000000000784
929.484000000000784
929.624000000000784
929.759000000000784
929.801000000000784
929.814000000000784
929.906000000000784
930.052000000000784
930.173000000000784
930.315000000000785
930.340000000000785
930.449000000000785
930.471000000000785
930.605000000000785
930.715000000000785
930.830000000000785
931.116000000000785
931.261000000000785
931.287000000000785
931.405000000000786
931.433000000000786
931.560000000000786
931.579000000000786
931.702000000000786
931.720000000000786
931.844000000000786
931.857000000000786
931.991000000000786
932.132000000000786
932.278000000000786
932.421000000000786
932.566000000000787
932.692000000000787
932.837000000000787
932.990000000000787
933.126000000000787
933.239000000000787
972.552000000000822
972.644000000000822
972.759000000000822
972.876000000000822
973.013000000000823
973.140000000000823
973.266000000000823
973.392000000000823
973.516000000000823
973.643000000000823
973.779000000000823
973.908000000000823
974.043000000000823
974.170000000000824
974.302000000000824
974.445000000000824
974.587000000000824
974.718000000000824
974.844000000000824
974.992000000000824
975.129000000000824
975.268000000000824
975.426000000000825
975.559000000000825
975.699000000000825
975.837000000000825
975.984000000000825
976.122000000000825
976.257000000000825
976.396000000000826
976.526000000000826
976.669000000000826
976.798000000000826
976.955000000000826
977.088000000000826
977.238000000000826
977.377000000000826
977.520000000000826
977.666000000000827
977.803000000000827
977.951000000000827
978.081000000000827
978.227000000000827
978.362000000000827
978.480000000000827
978.909000000000828
979.040000000000828
979.181000000000828
979.318000000000828
979.460000000000828
979.606000000000828
979.739000000000828
979.887000000000829
980.019000000000829
980.155000000000829
980.293000000000829
980.434000000000829
980.559000000000829
980.714000000000829
980.852000000000829
981.00800000000083
981.14600000000083
981.28700000000083
981.57900000000083
981.71700000000083
981.85300000000083
981.99800000000083
982.129000000000831
982.273000000000831
982.412000000000831
982.563000000000831
982.692000000000831
982.850000000000831
983.002000000000831
983.139000000000832
983.278000000000832
983.419000000000832
983.571000000000832
983.712000000000832
983.853000000000832
983.996000000000832
984.148000000000832
984.287000000000832
984.431000000000833
984.582000000000833
984.738000000000833
984.876000000000833
985.017000000000833
985.153000000000833
985.298000000000833
985.434000000000834
985.572000000000834
985.731000000000834
985.880000000000834
986.015000000000834
986.163000000000834
986.297000000000834
986.451000000000834
986.597000000000835
986.743000000000835
986.882000000000835
987.029000000000835
987.175000000000835
987.317000000000835
987.461000000000835
987.624000000000836
987.770000000000836
987.918000000000836
988.065000000000836
988.202000000000836
989.128000000000837
989.258000000000837
989.402000000000837
989.549000000000837
989.708000000000837
989.852000000000837
989.998000000000838
990.132000000000838
990.278000000000838
990.417000000000838
990.561000000000838
990.710000000000838
991.440000000000839
991.581000000000839
991.727000000000839
991.870000000000839
992.023000000000839
992.17600000000084
992.31900000000084
992.47700000000084
992.61300000000084
992.77000000000084
992.88700000000084
993.04300000000084
993.19100000000084
993.338000000000841
993.465000000000841
993.630000000000841
994.603000000000842
994.755000000000842
994.900000000000842
995.027000000000842
995.165000000000842
995.300000000000842
995.436000000000842
995.589000000000843
995.622000000000843
995.730000000000843
995.869000000000843
996.018000000000843
996.159000000000843
996.295000000000843
996.455000000000843
996.597000000000844
996.739000000000844
996.883000000000844
997.037000000000844
997.195000000000844
997.325000000000844
997.455000000000844
997.614000000000844
997.653000000000844
997.756000000000844
997.891000000000845
998.030000000000845
998.170000000000845
998.314000000000845
998.457000000000845
998.590000000000845
998.736000000000845
998.881000000000846
1000.112000000000847
1000.260000000000847
1000.407000000000847
1000.542000000000847
1000.699000000000847
1000.831000000000847
1000.986000000000847
1001.045000000000847
1001.118000000000848
1001.277000000000848
1001.407000000000848
1001.551000000000848
1001.687000000000848
1001.847000000000848
1001.991000000000848
1002.120000000000848
1002.270000000000848
1002.414000000000849
1002.555000000000849
1002.704000000000849
1002.814000000000849
1003.107000000000849
1003.250000000000849
1003.41000000000085
1003.53700000000085
1003.69800000000085
1003.82900000000085
1003.97100000000085
1004.12000000000085
1004.27200000000085
1004.39800000000085
1004.517000000000851
1004.649000000000851
1004.795000000000851
1004.928000000000851
1005.074000000000851
1005.213000000000851
1005.337000000000851
1018.341000000000863
1018.465000000000863
1018.599000000000863
1018.734000000000863
1018.878000000000863
1019.022000000000863
1019.162000000000864
1019.300000000000864
1020.065000000000864
1020.217000000000864
1020.533000000000865
1021.045000000000865
1022.523000000000866
1178.61900000000101
1178.73100000000101
1178.85000000000101
1178.97700000000101
1179.11100000000101
1179.25400000000101
1179.39000000000101
1179.51800000000101
1179.65900000000101
1179.77800000000101
1180.86100000000101
1180.97300000000101
1181.46900000000101
1181.60300000000101
1182.15400000000101
1182.16400000000101
1182.19200000000101
1182.24400000000101
1182.59400000000101
1182.75100000000101
1182.86500000000101
1182.98800000000101
1183.11700000000101
1183.24600000000101
1183.38500000000101
1183.51900000000101
1183.65900000000101
1183.78400000000101
1183.92000000000101
1184.06000000000101
1184.19400000000101
1184.32100000000101
1184.76700000000101
1184.82700000000101
1184.97700000000101
1185.73800000000101
1233.73700000000105
1233.88000000000105
1234.02600000000105
1234.18400000000105
1234.33500000000105
1234.50400000000105
1234.66500000000105
1234.82500000000106
1234.98300000000106
1235.76700000000106
1235.88500000000106
1236.02600000000106
1236.14200000000106
1236.26400000000106
1236.39400000000106
1236.53400000000106
1236.65900000000106
1236.78900000000106
1237.22200000000106
1237.79700000000106
1237.89800000000106
1239.02100000000106
1316.38100000000113
1316.61600000000113
1316.72500000000113
1316.83900000000113
1316.95600000000113
1317.08200000000113
1317.21500000000113
1317.34600000000113
1317.47900000000113
1317.61700000000113
1317.74400000000113
1317.86800000000113
1317.99900000000113
1318.12500000000113
1318.24600000000113
1318.38100000000113
1318.51800000000113
1318.63300000000113
1411.87400000000121
1411.99900000000121
1412.13500000000121
1412.37300000000121
1412.49900000000121
1413.23800000000121
1413.40300000000121
1413.57000000000121
1413.88100000000121
1414.03500000000121
1414.20300000000121
1414.36200000000121
1416.87900000000122
1417.13700000000122
1417.86600000000122
1419.45400000000122
1419.60800000000122
1419.72700000000122
1419.86300000000122
1420.02700000000122
1420.13800000000122
1420.27300000000122
1420.41700000000122
1420.53500000000122
1420.65800000000122
1420.79300000000122
1420.95300000000122
1421.09900000000122
1421.60900000000122
1421.73600000000122
1422.02100000000122
1422.23400000000122
1422.38500000000122
1422.52700000000122
1422.67600000000122
1423.14800000000122
1423.26300000000122
1423.36900000000122
1423.47400000000122
1423.82900000000122
1424.06100000000122
1425.13800000000122
1517.56900000000131
1517.68600000000131
1517.83700000000131
1517.99700000000131
1518.12800000000131
1518.29300000000131
1518.48200000000131
1518.51800000000131
1518.60800000000131
1518.97400000000131
1520.18400000000131
1520.83600000000131
1533.16400000000132
1533.51000000000132
1533.96600000000132
1534.26200000000132
1535.17300000000132
1535.29500000000132
1560.98700000000134
1561.07800000000134
1561.19300000000134
1671.28400000000144
1671.66400000000144
1671.70500000000144
1673.47900000000144
1706.98100000000147
1707.28900000000147
1707.48700000000147
1707.61800000000147
1707.66100000000148
1707.74200000000148
1707.86700000000148
1707.98400000000148
2182.22599999998699
2185.55499999998663
2189.4159999999862
2193.77799999998572
2220.07399999998283
2220.3169999999828
2220.49699999998278
2222.76999999998253
2245.80499999997999
2438.56899999995876
2440.41099999995856
2446.31599999995791
2645.83699999993594
2646.25199999993589
2647.37799999993577
2647.85299999993571
2648.17499999993568
2648.32299999993566
2648.65699999993562
2648.95899999993559
2660.27099999993435
2676.68899999993254
2677.13399999993249
2677.58999999993244
2677.68899999993243
2681.67299999993199
2685.60599999993156
2740.53399999992551
2740.66799999992549
2741.55899999992539
2746.73199999992482
2747.13399999992478
2758.12399999992357
198
-3
23.1829999999999942
23.2539999999999942
23.3829999999999941
23.521999999999994
23.6729999999999938
23.8239999999999937
23.9689999999999936
24.1189999999999934
24.2829999999999933
24.4339999999999932
24.5759999999999931
24.7249999999999929
24.8879999999999928
25.0549999999999927
26.4629999999999915
26.5979999999999913
26.7459999999999912
26.9019999999999911
27.046999999999991
27.2049999999999908
28.0499999999999901
28.19299999999999
28.3509999999999899
28.5179999999999897
28.6799999999999896
28.8299999999999895
29.2949999999999891
29.404999999999989
29.5709999999999888
29.7099999999999887
29.8799999999999886
30.0319999999999884
30.2069999999999883
30.3789999999999881
31.5079999999999872
31.6459999999999871
31.7939999999999869
31.9469999999999868
32.1089999999999869
36.2939999999999906
36.4179999999999907
36.5679999999999908
36.724999999999991
36.8859999999999911
37.0429999999999913
37.1969999999999914
37.3479999999999915
37.5099999999999917
37.6759999999999918
37.832999999999992
37.9989999999999921
38.1669999999999923
38.3409999999999924
38.5139999999999926
38.7059999999999927
38.8689999999999929
39.036999999999993
39.2279999999999932
39.3749999999999933
39.5129999999999934
39.6869999999999936
39.8619999999999938
40.0299999999999939
40.2019999999999941
40.3699999999999942
40.5389999999999944
40.7169999999999945
40.8529999999999946
41.0519999999999948
41.1759999999999949
41.3349999999999951
41.5039999999999952
41.6819999999999954
42.1889999999999958
42.3159999999999959
42.4719999999999961
42.6409999999999962
42.8029999999999964
42.9759999999999965
43.1439999999999967
43.3079999999999968
43.466999999999997
43.6339999999999971
43.8189999999999973
43.9899999999999974
44.593999999999998
44.7479999999999981
44.9079999999999982
45.2119999999999985
45.3709999999999986
66.3090000000000172
66.8900000000000178
67.0290000000000179
67.185000000000018
67.3300000000000182
67.4890000000000183
67.6630000000000184
67.8630000000000186
68.0140000000000188
68.4620000000000192
68.6210000000000193
141.400000000000084
141.523000000000084
141.642000000000084
141.776000000000084
142.193000000000085
142.658000000000085
142.866000000000085
143.128000000000085
143.374000000000086
143.612000000000086
143.887000000000086
144.027000000000086
144.328000000000087
144.488000000000087
145.025000000000087
145.425000000000088
145.882000000000088
146.517000000000088
147.580000000000089
227.845000000000161
228.006000000000161
228.155000000000161
228.302000000000161
228.491000000000161
228.635000000000161
549.861000000000447
549.984000000000447
550.134000000000447
550.305000000000447
550.508000000000447
550.857000000000448
550.954000000000448
551.059000000000448
551.204000000000448
551.825000000000448
555.061000000000451
555.178000000000451
555.312000000000452
555.620000000000452
555.715000000000452
725.858000000000603
725.995000000000603
726.445000000000604
726.562000000000604
726.689000000000604
726.790000000000604
726.811000000000604
726.828000000000604
727.100000000000604
727.181000000000604
727.410000000000604
727.567000000000604
728.239000000000605
728.474000000000605
728.627000000000606
728.700000000000606
729.718000000000606
729.815000000000606
729.937000000000607
730.303000000000607
730.575000000000607
730.925000000000608
731.082000000000608
1033.87600000000088
1036.14000000000088
1036.25300000000088
1036.40400000000088
1036.54300000000088
1036.64200000000088
1036.79000000000088
1037.01000000000088
1037.76300000000088
1037.87000000000088
1037.98700000000088
1038.28600000000088
1038.52400000000088
1038.84100000000088
1039.03800000000088
1039.46000000000088
1039.64600000000088
1039.89000000000088
1040.09000000000088
1040.21400000000088
1040.93500000000088
1041.03500000000088
1041.27700000000088
1041.37700000000088
1041.51000000000088
1041.63900000000088
1042.08600000000088
1548.27600000000133
1548.46100000000133
1548.61500000000133
1548.76400000000133
1549.01800000000133
1549.20300000000133
1549.36700000000133
-4
23.2069999999999942
23.2899999999999941
23.430999999999994
23.5839999999999939
23.7319999999999938
23.8799999999999936
24.0309999999999935
24.1829999999999934
24.3359999999999933
24.4829999999999931
24.640999999999993
24.7989999999999929
24.9599999999999927
25.0999999999999926
26.5119999999999914
26.6619999999999913
26.8139999999999912
26.963999999999991
27.1199999999999909
27.2789999999999908
28.1089999999999901
28.2619999999999899
28.4329999999999898
28.5879999999999897
28.7469999999999895
28.8839999999999894
29.327999999999989
29.4809999999999889
29.6249999999999888
29.7889999999999886
29.9469999999999885
30.1089999999999884
30.2809999999999882
30.4439999999999881
31.5729999999999871
31.713999999999987
31.8639999999999869
32.0259999999999868
32.226999999999987
36.3459999999999906
36.4899999999999908
36.6469999999999909
36.799999999999991
36.9629999999999912
37.1169999999999913
37.2669999999999915
37.4269999999999916
37.5899999999999917
37.7489999999999919
37.914999999999992
38.0799999999999922
38.2529999999999923
38.4259999999999925
38.5969999999999926
38.7789999999999928
38.9459999999999929
39.1259999999999931
39.2839999999999932
39.4299999999999934
39.5989999999999935
39.7709999999999937
39.9409999999999938
40.115999999999994
40.2849999999999941
40.4509999999999943
40.6169999999999944
40.7749999999999946
40.9429999999999947
41.0829999999999948
41.256999999999995
41.4219999999999951
41.5929999999999953
41.7699999999999955
42.2499999999999959
42.392999999999996
42.5509999999999961
42.7219999999999963
42.8879999999999964
43.0479999999999966
43.2119999999999967
43.3809999999999969
43.548999999999997
43.7219999999999972
43.8969999999999973
44.0619999999999975
44.667999999999998
44.8219999999999982
44.9779999999999983
45.2889999999999986
45.4499999999999987
66.3670000000000173
66.9530000000000178
67.101000000000018
67.2520000000000181
67.4100000000000182
67.5800000000000184
67.7430000000000185
67.9500000000000187
68.0920000000000188
68.5370000000000192
68.6900000000000194
141.445000000000084
141.566000000000084
141.693000000000084
141.826000000000084
142.250000000000085
142.750000000000085
142.907000000000085
143.356000000000086
143.447000000000086
143.727000000000086
143.947000000000086
144.089000000000086
144.390000000000087
144.537000000000087
145.078000000000087
145.468000000000088
145.932000000000088
146.577000000000089
147.635000000000089
227.899000000000161
228.072000000000161
228.217000000000161
228.376000000000161
228.561000000000161
228.689000000000161
549.928000000000447
550.083000000000447
550.236000000000447
550.384000000000447
550.574000000000447
550.887000000000448
550.990000000000448
551.122000000000448
551.254000000000448
551.852000000000448
555.110000000000451
555.236000000000451
555.383000000000452
555.636000000000452
555.831000000000452
725.925000000000603
726.057000000000603
726.494000000000604
726.625000000000604
726.786000000000604
726.797000000000604
726.819000000000604
726.932000000000604
727.149000000000604
727.251000000000604
727.468000000000604
728.208000000000605
728.317000000000605
728.573000000000605
728.664000000000606
729.556000000000606
729.784000000000606
729.862000000000607
730.267000000000607
730.562000000000607
730.901000000000608
731.038000000000608
731.336000000000608
1033.90800000000088
1036.18900000000088
1036.32800000000088
1036.47100000000088
1036.61600000000088
1036.77100000000088
1036.91000000000088
1037.06600000000088
1037.82400000000088
1037.94400000000088
1038.23800000000088
1038.35000000000088
1038.57700000000088
1038.90000000000088
1039.28200000000088
1039.51000000000088
1039.87000000000088
1039.91200000000088
1040.14500000000088
1040.25100000000088
1040.99600000000088
1041.09800000000088
1041.32700000000088
1041.41100000000088
1041.56100000000088
1041.68000000000088
1042.15900000000088
1548.33400000000133
1548.52600000000133
1548.68400000000133
1548.85800000000133
1549.09500000000133
1549.28400000000133
1549.45500000000133
0
0
0
0
0
0
0
0
0
0
0
0
0
3600.00099999983085
0
0
0
0
0
0
