10
14
18
10
14
18
IPP2.14
test3
0
2
10
30
38
11
31
29
22
4
.3
1
228
228
1
1760
1760
1
1
1
1
1
1
1
1
1
1
1
1
1
1
1
1
1
1
1
1
227
-1
21.5359999999999956
21.7349999999999955
21.8679999999999954
22.6289999999999947
22.7509999999999946
22.8809999999999945
23.0199999999999944
23.1559999999999943
23.425999999999994
23.5709999999999939
23.9729999999999936
24.0929999999999935
24.2439999999999933
24.3849999999999932
24.5369999999999931
25.0579999999999927
25.1929999999999925
25.3529999999999924
25.4959999999999923
25.6509999999999921
26.0309999999999918
26.1859999999999917
26.3409999999999916
26.4859999999999914
26.6519999999999913
26.7969999999999912
26.9229999999999911
27.063999999999991
27.2329999999999908
27.3759999999999907
27.5319999999999906
27.6839999999999904
27.8249999999999903
28.5199999999999897
28.6549999999999896
28.8099999999999895
28.9659999999999893
29.1279999999999892
29.2859999999999891
29.4489999999999889
29.6259999999999888
29.7809999999999887
30.0769999999999884
30.2029999999999883
30.3699999999999882
30.531999999999988
30.6699999999999879
30.7969999999999878
30.9719999999999876
31.1419999999999875
31.3089999999999874
31.4569999999999872
31.8679999999999869
32.0339999999999868
32.223999999999987
32.3899999999999871
32.5579999999999873
32.7189999999999874
32.8939999999999876
33.0709999999999877
33.2379999999999879
33.408999999999988
33.5599999999999882
33.7319999999999883
33.8789999999999884
34.0539999999999886
34.2539999999999888
34.4189999999999889
34.5799999999999891
34.7509999999999892
34.8929999999999893
35.0739999999999895
35.2469999999999897
35.4389999999999898
35.60299999999999
35.7779999999999901
35.9439999999999903
36.1209999999999904
36.2979999999999906
36.4849999999999908
36.6479999999999909
36.810999999999991
36.9919999999999912
37.1729999999999914
37.3469999999999915
38.0809999999999922
38.2129999999999923
38.5029999999999926
38.6719999999999927
39.0979999999999931
39.2379999999999932
39.4089999999999934
39.5689999999999935
39.7229999999999936
39.8509999999999937
73.1930000000000234
73.3420000000000235
73.5220000000000237
73.6770000000000238
74.2100000000000243
74.3440000000000244
74.4780000000000245
74.6150000000000246
74.7700000000000248
74.9360000000000249
103.23800000000005
373.93500000000029
374.053000000000291
374.342000000000291
568.898000000000464
569.093000000000464
569.391000000000464
569.502000000000464
569.627000000000464
569.749000000000464
569.883000000000464
570.014000000000465
570.136000000000465
570.267000000000465
570.400000000000465
570.536000000000465
570.671000000000465
570.812000000000465
570.948000000000465
571.099000000000466
571.235000000000466
571.377000000000466
571.520000000000466
571.651000000000466
571.792000000000466
571.937000000000466
572.079000000000466
572.227000000000467
572.371000000000467
572.519000000000467
572.671000000000467
572.833000000000467
572.974000000000467
573.495000000000468
573.616000000000468
573.757000000000468
573.896000000000468
574.041000000000468
574.187000000000468
574.411000000000468
574.716000000000469
574.807000000000469
574.933000000000469
575.512000000000469
575.75200000000047
723.976000000000601
724.068000000000601
724.173000000000602
724.195000000000602
724.927000000000602
725.143000000000602
725.394000000000603
725.472000000000603
725.714000000000603
725.959000000000603
726.223000000000603
726.335000000000603
727.467000000000604
727.613000000000605
940.104000000000793
941.082000000000794
941.611000000000795
942.438000000000795
942.689000000000796
942.726000000000796
943.067000000000796
980.585000000000829
980.816000000000829
980.97900000000083
981.18900000000083
983.746000000000832
1254.58200000000107
1258.52000000000108
1260.55300000000108
1261.57400000000108
1261.95100000000108
1491.05200000000128
1491.29900000000128
1491.57800000000128
1491.89800000000128
1492.67600000000128
1493.01100000000128
1493.02000000000128
1493.15700000000128
1493.31200000000128
1493.32100000000128
1493.44900000000128
1493.60900000000128
1493.77700000000128
1493.95200000000129
1494.11700000000129
1494.42100000000129
1494.54100000000129
1494.73000000000129
1494.84900000000129
1495.00800000000129
1495.19300000000129
1495.33500000000129
1564.10100000000135
1564.40000000000135
1564.42300000000135
1564.56200000000135
1564.75500000000135
1565.03900000000135
1565.34000000000135
1565.65700000000135
1565.80700000000135
1565.96100000000135
1566.25700000000135
1566.67600000000135
1566.82300000000135
1566.95000000000135
1567.10200000000135
1784.82100000000154
2098.44099999999622
2603.95999999994055
2604.20799999994052
2961.03299999990122
3092.10999999988678
3092.46799999988675
3092.77599999988671
3487.54499999984323
-2
21.5659999999999956
21.7839999999999954
21.8959999999999953
22.6669999999999947
22.8029999999999946
22.9379999999999944
23.0769999999999943
23.2169999999999942
23.488999999999994
23.6269999999999939
24.0029999999999935
24.1559999999999934
24.3009999999999933
24.4519999999999932
24.594999999999993
25.1049999999999926
25.2669999999999925
25.4119999999999924
25.5629999999999922
25.6959999999999921
26.1009999999999918
26.2519999999999916
26.3979999999999915
26.5609999999999914
26.6849999999999913
26.8379999999999911
26.969999999999991
27.1379999999999909
27.2899999999999908
27.4439999999999906
27.5979999999999905
27.7369999999999904
27.8519999999999903
28.5699999999999897
28.7259999999999895
28.8809999999999894
29.0459999999999893
29.2019999999999891
29.363999999999989
29.5319999999999889
29.6909999999999887
29.8459999999999886
30.1169999999999884
30.2739999999999882
30.4379999999999881
30.581999999999988
30.7029999999999879
30.8799999999999877
31.0539999999999876
31.2209999999999874
31.3689999999999873
31.5089999999999872
31.9439999999999868
32.1159999999999869
32.303999999999987
32.4719999999999872
32.6319999999999873
32.8059999999999875
32.9809999999999876
33.1549999999999878
33.321999999999988
33.4449999999999881
33.6419999999999882
33.7929999999999884
33.9639999999999885
34.1379999999999887
34.3349999999999888
34.492999999999989
34.6629999999999891
34.8089999999999893
34.9829999999999894
35.1609999999999896
35.3349999999999897
35.5209999999999899
35.6929999999999901
35.8549999999999902
36.0349999999999904
36.2179999999999905
36.3889999999999907
36.5639999999999908
36.730999999999991
36.9029999999999911
37.0899999999999913
37.2599999999999914
37.4039999999999916
38.1359999999999922
38.2929999999999924
38.5599999999999926
38.7359999999999928
39.1549999999999931
39.3139999999999933
39.4759999999999934
39.6349999999999936
39.7609999999999937
39.9229999999999938
73.2260000000000234
73.3880000000000235
73.5720000000000237
73.7280000000000238
74.2610000000000243
74.3900000000000244
74.5350000000000246
74.6860000000000247
74.8390000000000248
74.988000000000025
103.2750000000000501
374.013000000000291
374.140000000000291
374.398000000000291
568.965000000000464
569.175000000000464
569.433000000000464
569.553000000000464
569.679000000000464
569.814000000000464
569.943000000000465
570.065000000000465
570.192000000000465
570.328000000000465
570.464000000000465
570.600000000000465
570.740000000000465
570.878000000000465
571.014000000000465
571.111000000000466
571.299000000000466
571.442000000000466
571.565000000000466
571.718000000000466
571.861000000000466
572.007000000000466
572.147000000000466
572.295000000000467
572.445000000000467
572.593000000000467
572.746000000000467
572.899000000000467
573.043000000000467
573.547000000000468
573.687000000000468
573.827000000000468
573.965000000000468
574.110000000000468
574.275000000000468
574.445000000000469
574.742000000000469
574.860000000000469
574.990000000000469
575.57600000000047
575.80700000000047
724.047000000000601
724.150000000000602
724.190000000000602
724.227000000000602
724.961000000000602
725.358000000000603
725.404000000000603
725.647000000000603
725.948000000000603
726.215000000000603
726.328000000000603
726.997000000000604
727.611000000000605
727.632000000000605
940.143000000000793
941.158000000000794
941.650000000000795
942.600000000000796
942.718000000000796
942.768000000000796
943.111000000000796
980.726000000000829
980.873000000000829
981.02900000000083
981.22300000000083
983.789000000000832
1254.59700000000107
1258.56100000000108
1260.62600000000108
1261.74000000000108
1262.12400000000108
1491.10200000000128
1491.34600000000128
1491.63900000000128
1491.94100000000128
1492.75900000000128
1493.01800000000128
1493.07600000000128
1493.21800000000128
1493.31800000000128
1493.39700000000128
1493.57100000000128
1493.64800000000128
1493.87700000000129
1494.02700000000129
1494.17800000000129
1494.53400000000129
1494.66400000000129
1494.83100000000129
1494.98600000000129
1495.14500000000129
1495.24500000000129
1495.45900000000129
1564.35500000000135
1564.41700000000135
1564.50800000000135
1564.59100000000135
1564.81600000000135
1565.31900000000135
1565.38500000000135
1565.68700000000135
1565.89300000000135
1566.00900000000135
1566.47200000000135
1566.78300000000135
1566.91200000000135
1567.05800000000135
1567.15000000000135
1784.85000000000154
2098.45599999999622
2603.98399999994054
2604.24599999994052
2961.07299999990122
3092.13699999988678
3092.53399999988674
3092.8439999998867
3487.57499999984323
1759
-3
49.3900000000000022
49.5080000000000023
49.5650000000000024
105.5710000000000521
105.6770000000000522
105.8010000000000523
105.9090000000000524
106.0310000000000525
106.1330000000000526
107.3780000000000537
107.4960000000000538
107.628000000000054
107.7660000000000541
107.9120000000000542
108.6680000000000549
108.813000000000055
108.9710000000000551
109.1060000000000553
109.2380000000000554
109.3740000000000555
109.5270000000000556
109.6700000000000558
109.7950000000000559
109.938000000000056
110.1000000000000561
111.2320000000000571
111.3780000000000573
111.5330000000000574
111.6790000000000576
111.8190000000000577
111.9840000000000578
112.1280000000000579
112.2790000000000581
112.4190000000000582
112.5580000000000583
112.7370000000000585
113.5760000000000592
113.7250000000000594
113.8740000000000595
114.0390000000000596
114.1900000000000598
114.3420000000000599
114.46300000000006
114.5890000000000601
114.7410000000000603
115.8610000000000613
116.0140000000000614
116.2000000000000616
116.3360000000000617
116.4790000000000618
116.640000000000062
117.4670000000000627
117.6070000000000628
117.780000000000063
117.9440000000000631
118.0940000000000632
118.2750000000000634
118.4210000000000635
118.5970000000000637
118.7600000000000638
118.920000000000064
119.0690000000000641
119.2260000000000642
119.3710000000000644
119.5060000000000645
119.6840000000000647
119.8520000000000648
120.014000000000065
120.1750000000000651
120.3340000000000652
120.4880000000000654
120.6280000000000655
121.3030000000000661
121.4600000000000662
121.6240000000000664
121.7840000000000665
121.9500000000000667
122.1030000000000668
122.274000000000067
122.4230000000000671
122.5790000000000672
122.7090000000000673
122.8490000000000675
123.0120000000000676
123.1840000000000678
123.3540000000000679
123.515000000000068
123.6860000000000682
123.8670000000000684
124.0300000000000685
124.2040000000000687
124.3600000000000688
124.533000000000069
124.7020000000000691
125.2500000000000696
125.4240000000000698
125.5930000000000699
125.7720000000000701
125.9440000000000702
126.1130000000000704
126.2650000000000705
126.4320000000000706
126.6050000000000708
126.778000000000071
126.9510000000000711
127.1200000000000712
127.2990000000000714
127.4620000000000716
127.6370000000000717
127.8010000000000719
127.963000000000072
128.094000000000072
128.936000000000073
129.098000000000073
129.274000000000073
129.429000000000073
129.593000000000073
129.761000000000074
129.914000000000074
130.098000000000074
130.274000000000074
130.445000000000074
130.623000000000074
130.806000000000075
130.966000000000075
131.137000000000075
131.314000000000075
131.459000000000075
131.614000000000075
131.778000000000075
131.940000000000076
132.092000000000076
132.267000000000076
132.443000000000076
132.615000000000076
132.785000000000076
132.937000000000076
133.094000000000077
133.281000000000077
133.455000000000077
133.621000000000077
133.795000000000077
133.961000000000077
134.103000000000077
134.203000000000078
134.284000000000078
134.447000000000078
134.624000000000078
134.791000000000078
134.939000000000078
135.076000000000078
135.237000000000078
135.407000000000079
135.596000000000079
135.769000000000079
135.920000000000079
136.079000000000079
136.261000000000079
136.40200000000008
136.53300000000008
136.71200000000008
136.85100000000008
136.99700000000008
137.13200000000008
137.30100000000008
137.49800000000008
137.651000000000081
137.819000000000081
137.985000000000081
138.152000000000081
138.322000000000081
138.487000000000081
138.646000000000081
138.806000000000082
138.957000000000082
139.125000000000082
139.309000000000082
139.483000000000082
139.653000000000082
139.803000000000083
140.902000000000083
141.049000000000084
141.206000000000084
141.358000000000084
141.516000000000084
141.676000000000084
141.832000000000084
141.988000000000084
142.153000000000085
142.317000000000085
142.476000000000085
142.644000000000085
142.795000000000085
142.957000000000085
143.137000000000085
143.296000000000086
143.455000000000086
143.603000000000086
143.771000000000086
143.923000000000086
144.076000000000086
144.244000000000086
144.429000000000087
144.593000000000087
144.725000000000087
145.447000000000088
145.577000000000088
145.745000000000088
145.918000000000088
146.073000000000088
146.245000000000088
146.414000000000088
146.615000000000089
146.769000000000089
146.932000000000089
147.102000000000089
147.262000000000089
147.412000000000089
147.574000000000089
147.75500000000009
147.93900000000009
148.11000000000009
148.26400000000009
148.42000000000009
148.56600000000009
148.74300000000009
148.909000000000091
149.093000000000091
149.255000000000091
149.427000000000091
149.599000000000091
150.253000000000092
150.403000000000092
150.580000000000092
150.729000000000092
150.898000000000092
151.074000000000093
151.242000000000093
151.411000000000093
151.593000000000093
151.758000000000093
151.934000000000093
152.085000000000093
152.246000000000094
152.399000000000094
152.537000000000094
152.703000000000094
152.875000000000094
153.041000000000094
153.215000000000094
153.384000000000095
153.544000000000095
153.704000000000095
153.873000000000095
154.066000000000095
154.237000000000095
154.411000000000096
154.579000000000096
154.731000000000096
154.883000000000096
155.055000000000096
155.216000000000096
155.401000000000096
155.565000000000097
155.719000000000097
155.879000000000097
156.044000000000097
156.202000000000097
156.366000000000097
156.537000000000097
156.700000000000098
156.875000000000098
157.051000000000098
157.231000000000098
157.398000000000098
157.565000000000098
157.735000000000098
157.884000000000099
158.054000000000099
158.220000000000099
158.400000000000099
158.558000000000099
158.704000000000099
158.866000000000099
159.0330000000001
159.2270000000001
159.3870000000001
159.5450000000001
159.6990000000001
159.8570000000001
160.0310000000001
160.206000000000101
160.383000000000101
160.562000000000101
160.733000000000101
160.893000000000101
161.048000000000101
161.209000000000102
161.374000000000102
161.552000000000102
161.716000000000102
161.918000000000102
162.076000000000102
162.244000000000102
162.411000000000103
162.565000000000103
162.728000000000103
162.887000000000103
163.044000000000103
163.198000000000103
163.378000000000103
163.538000000000104
163.719000000000104
163.881000000000104
164.707000000000105
164.862000000000105
165.019000000000105
165.192000000000105
165.367000000000105
165.540000000000105
165.720000000000106
165.884000000000106
166.046000000000106
166.207000000000106
166.362000000000106
166.512000000000106
166.691000000000106
166.851000000000107
167.042000000000107
167.202000000000107
167.373000000000107
167.528000000000107
167.669000000000107
167.826000000000107
167.976000000000108
168.144000000000108
168.302000000000108
168.464000000000108
168.644000000000108
168.790000000000108
168.933000000000108
169.090000000000109
169.248000000000109
169.414000000000109
169.576000000000109
169.741000000000109
169.905000000000109
170.075000000000109
170.23300000000011
170.39000000000011
170.54200000000011
170.68500000000011
170.84400000000011
171.01500000000011
171.16300000000011
171.30300000000011
171.723000000000111
171.865000000000111
172.027000000000111
172.187000000000111
172.369000000000111
172.514000000000112
172.664000000000112
172.818000000000112
172.969000000000112
173.138000000000112
173.294000000000112
173.453000000000112
173.609000000000113
173.773000000000113
173.959000000000113
174.124000000000113
174.295000000000113
174.444000000000113
174.605000000000113
174.780000000000114
174.954000000000114
175.130000000000114
175.314000000000114
175.474000000000114
175.631000000000114
175.813000000000115
175.977000000000115
176.142000000000115
176.327000000000115
176.486000000000115
176.663000000000115
176.832000000000115
176.978000000000116
178.572000000000117
178.697000000000117
178.841000000000117
178.995000000000117
179.158000000000117
179.303000000000118
179.464000000000118
179.617000000000118
179.759000000000118
179.931000000000118
180.088000000000118
180.259000000000118
180.398000000000119
180.560000000000119
180.746000000000119
180.878000000000119
181.051000000000119
181.210000000000119
181.361000000000119
181.50600000000012
181.65100000000012
181.81800000000012
181.98100000000012
182.14400000000012
182.32500000000012
183.606000000000121
183.746000000000122
183.899000000000122
184.065000000000122
184.220000000000122
184.385000000000122
184.941000000000123
185.072000000000123
185.223000000000123
185.671000000000123
185.812000000000123
185.974000000000124
186.105000000000124
186.257000000000124
186.406000000000124
186.563000000000124
186.724000000000124
186.888000000000124
187.022000000000124
187.193000000000125
187.329000000000125
187.489000000000125
187.655000000000125
187.820000000000125
187.975000000000125
188.126000000000125
188.301000000000126
188.456000000000126
188.590000000000126
188.736000000000126
188.921000000000126
189.071000000000126
189.244000000000126
189.408000000000127
189.574000000000127
189.740000000000127
189.896000000000127
190.054000000000127
190.218000000000127
190.369000000000127
190.523000000000128
190.678000000000128
190.814000000000128
190.985000000000128
191.142000000000128
191.315000000000128
191.609000000000129
191.776000000000129
191.928000000000129
192.062000000000129
192.213000000000129
192.378000000000129
192.551000000000129
192.72100000000013
192.86400000000013
193.00300000000013
193.16500000000013
193.33400000000013
193.64600000000013
193.79600000000013
195.867000000000132
195.988000000000132
196.155000000000133
196.291000000000133
196.437000000000133
196.593000000000133
196.750000000000133
196.900000000000133
197.046000000000133
197.202000000000134
198.257000000000134
198.386000000000135
198.537000000000135
198.699000000000135
198.852000000000135
199.007000000000135
199.163000000000135
199.316000000000135
199.456000000000136
199.609000000000136
200.013000000000136
200.157000000000136
200.314000000000136
200.480000000000136
200.649000000000137
200.812000000000137
200.954000000000137
201.111000000000137
201.283000000000137
201.465000000000137
201.600000000000137
201.730000000000138
201.892000000000138
202.047000000000138
217.894000000000152
218.016000000000152
218.160000000000152
218.304000000000152
218.444000000000152
218.572000000000152
218.720000000000153
218.860000000000153
219.751000000000154
219.886000000000154
220.062000000000154
220.184000000000154
220.333000000000154
220.494000000000154
220.644000000000154
220.792000000000154
220.943000000000155
221.073000000000155
221.227000000000155
221.383000000000155
221.526000000000155
221.683000000000155
221.839000000000155
221.980000000000156
222.117000000000156
222.236000000000156
222.421000000000156
222.572000000000156
222.736000000000156
222.883000000000156
223.033000000000156
223.172000000000157
223.324000000000157
223.486000000000157
223.633000000000157
223.786000000000157
223.960000000000157
224.123000000000157
224.277000000000158
224.437000000000158
226.111000000000159
226.226000000000159
226.376000000000159
226.52900000000016
226.81200000000016
226.95000000000016
227.09800000000016
227.24500000000016
227.39300000000016
227.54000000000016
227.692000000000161
227.849000000000161
228.002000000000161
228.136000000000161
228.287000000000161
228.435000000000161
228.614000000000161
228.753000000000162
228.908000000000162
229.063000000000162
229.215000000000162
229.370000000000162
229.518000000000162
230.475000000000163
230.612000000000163
230.777000000000163
230.925000000000163
231.091000000000164
231.271000000000164
231.429000000000164
231.591000000000164
231.750000000000164
231.880000000000164
232.013000000000164
232.198000000000165
232.348000000000165
232.520000000000165
232.710000000000165
232.887000000000165
233.061000000000165
233.228000000000166
233.393000000000166
233.561000000000166
233.732000000000166
233.904000000000166
234.097000000000166
234.262000000000166
234.432000000000167
234.580000000000167
234.731000000000167
234.878000000000167
235.027000000000167
236.587000000000168
236.718000000000169
236.870000000000169
237.031000000000169
237.174000000000169
237.330000000000169
237.480000000000169
237.652000000000169
237.77800000000017
237.95200000000017
311.726000000000235
311.746000000000235
311.766000000000235
311.786000000000235
311.806000000000235
311.826000000000235
311.846000000000235
311.866000000000235
311.886000000000235
311.906000000000235
311.926000000000235
311.946000000000235
311.966000000000235
311.986000000000235
312.007000000000235
312.027000000000235
312.047000000000236
312.067000000000236
312.087000000000236
312.107000000000236
312.127000000000236
312.147000000000236
312.167000000000236
312.187000000000236
312.207000000000236
312.227000000000236
312.248000000000236
312.268000000000236
312.288000000000236
312.308000000000236
312.328000000000236
312.348000000000236
312.368000000000236
312.388000000000236
312.408000000000236
312.428000000000236
312.448000000000236
312.468000000000236
312.488000000000236
312.509000000000236
312.529000000000236
312.549000000000236
312.569000000000236
312.589000000000236
312.609000000000236
312.629000000000236
312.649000000000236
322.396000000000245
322.551000000000245
374.929000000000291
374.949000000000291
374.969000000000291
374.989000000000291
375.009000000000291
375.029000000000291
375.049000000000291
375.069000000000291
375.089000000000292
375.109000000000292
375.129000000000292
375.149000000000292
375.169000000000292
375.189000000000292
375.209000000000292
375.229000000000292
375.249000000000292
375.269000000000292
375.289000000000292
375.309000000000292
375.329000000000292
375.349000000000292
375.370000000000292
375.390000000000292
375.410000000000292
375.430000000000292
375.450000000000292
375.470000000000292
375.490000000000292
375.510000000000292
375.530000000000292
375.550000000000292
375.570000000000292
375.590000000000292
375.610000000000292
375.630000000000292
375.650000000000292
375.670000000000292
375.690000000000292
375.710000000000292
375.730000000000292
375.751000000000292
375.771000000000292
375.791000000000292
375.811000000000292
375.831000000000292
375.851000000000292
375.871000000000292
379.339000000000295
379.353000000000295
379.600000000000296
400.608000000000314
400.628000000000314
400.648000000000314
400.669000000000314
400.689000000000314
400.709000000000314
400.729000000000314
400.749000000000314
400.769000000000314
400.789000000000314
400.809000000000314
400.829000000000314
400.849000000000314
400.869000000000314
400.889000000000314
400.910000000000314
400.930000000000314
400.950000000000314
400.970000000000314
400.990000000000314
401.010000000000314
401.031000000000315
401.051000000000315
401.071000000000315
401.091000000000315
401.111000000000315
401.131000000000315
401.151000000000315
401.171000000000315
401.191000000000315
401.211000000000315
402.328000000000316
402.509000000000316
402.530000000000316
402.608000000000316
402.786000000000316
413.531000000000326
413.551000000000326
413.571000000000326
413.591000000000326
413.611000000000326
413.631000000000326
413.651000000000326
413.672000000000326
413.712000000000326
413.732000000000326
413.752000000000326
413.772000000000326
413.792000000000326
413.812000000000326
413.832000000000326
413.852000000000326
413.872000000000326
413.893000000000326
413.913000000000326
413.933000000000326
413.953000000000326
413.973000000000326
413.993000000000326
414.013000000000326
414.033000000000326
414.053000000000326
414.073000000000326
414.093000000000326
414.113000000000326
414.133000000000326
414.153000000000326
414.173000000000326
414.193000000000326
414.213000000000326
414.233000000000326
414.253000000000326
414.274000000000326
414.294000000000326
414.314000000000326
414.333000000000326
414.353000000000326
414.393000000000326
414.414000000000326
414.434000000000326
470.329000000000376
481.106000000000386
495.073000000000398
506.646000000000408
520.837000000000421
520.857000000000421
520.878000000000421
520.898000000000421
520.918000000000421
520.938000000000421
520.958000000000421
520.978000000000421
520.998000000000421
521.019000000000421
521.039000000000421
521.059000000000421
521.079000000000421
521.099000000000421
521.119000000000421
521.139000000000421
521.159000000000421
521.180000000000421
521.200000000000421
521.220000000000421
521.240000000000421
521.260000000000421
521.280000000000421
521.300000000000421
521.320000000000421
521.341000000000421
521.361000000000421
589.352000000000482
589.478000000000482
658.238000000000543
658.459000000000543
659.070000000000544
659.246000000000544
659.479000000000544
659.836000000000544
672.653000000000556
675.081000000000558
677.97100000000056
681.987000000000564
729.725000000000606
765.722000000000638
765.806000000000638
765.925000000000639
765.993000000000639
861.157000000000723
861.285000000000723
861.388000000000723
866.469000000000728
919.902000000000775
920.003000000000775
920.233000000000776
936.77900000000079
989.398000000000837
989.417000000000837
989.436000000000837
989.455000000000837
989.495000000000837
1034.33400000000088
1034.45400000000088
1034.65900000000088
1034.72800000000088
1035.22700000000088
1035.43900000000088
1035.75900000000088
1035.85400000000088
1036.09500000000088
1036.62300000000088
1036.63100000000088
1036.78800000000088
1036.88100000000088
1037.29100000000088
1037.31200000000088
1037.35700000000088
1037.63700000000088
1037.78600000000088
1037.91800000000088
1038.10500000000088
1038.24600000000088
1038.37500000000088
1038.52200000000088
1038.62600000000088
1038.72700000000088
1038.87500000000088
1038.98000000000088
1040.79700000000088
1040.90100000000088
1057.5840000000009
1059.7290000000009
1060.0830000000009
1282.9060000000011
1283.0280000000011
1283.1570000000011
1283.2920000000011
1283.4120000000011
1283.5470000000011
1283.6820000000011
1283.8260000000011
1283.9520000000011
1284.0890000000011
1284.2440000000011
1284.3820000000011
1284.5330000000011
1284.6300000000011
1329.21200000000114
1329.26500000000114
1333.81000000000114
1340.02700000000115
1340.16500000000115
1341.07800000000115
1341.29000000000115
1348.89500000000116
1379.19600000000118
1392.18600000000119
1396.8380000000012
1396.9340000000012
1397.0530000000012
1397.7370000000012
1398.2650000000012
1398.3740000000012
1403.4010000000012
1403.5010000000012
1403.6020000000012
1405.06300000000121
1405.57600000000121
1405.82000000000121
1406.14400000000121
1406.66100000000121
1406.67100000000121
1406.87100000000121
1407.16600000000121
1407.27200000000121
1407.44600000000121
1407.46800000000121
1407.78000000000121
1459.99600000000126
1460.39800000000126
1460.52300000000126
1460.66100000000126
1461.65200000000126
1461.79300000000126
1461.93300000000126
1462.05500000000126
1462.54500000000126
1462.77900000000126
1463.06400000000126
1463.40300000000126
1463.80600000000126
1463.98400000000126
1464.29100000000126
1464.55400000000126
1464.84900000000126
1465.87700000000126
1499.65200000000129
1500.33500000000129
1501.07400000000129
1501.27500000000129
1550.84700000000134
1551.96300000000134
1552.10800000000134
1552.39100000000134
1552.74800000000134
1552.87200000000134
1553.27200000000134
1559.13600000000134
1559.22300000000134
1559.84200000000134
1669.19800000000144
1669.88500000000144
1669.99400000000144
1670.11400000000144
1670.24800000000144
1670.38500000000144
1670.52400000000144
1670.67000000000144
1670.78500000000144
1670.90300000000144
1671.05000000000144
1671.20100000000144
1671.33600000000144
1671.47700000000144
1671.61800000000144
1672.07300000000144
1672.21500000000144
1672.36400000000144
1672.51900000000144
1672.64100000000144
1672.77500000000144
1672.92200000000144
1673.07700000000144
1673.23600000000144
1673.39200000000144
1673.54400000000144
1673.69500000000144
1673.83100000000144
1673.96000000000144
1674.14300000000145
1674.29700000000145
1674.46300000000145
1674.59900000000145
1674.76100000000145
1674.93000000000145
1675.07900000000145
1675.25100000000145
1675.40800000000145
1675.54000000000145
1675.71300000000145
1675.84300000000145
1676.03400000000145
1676.19800000000145
1676.32600000000145
1676.47400000000145
1676.60700000000145
1676.74400000000145
1676.92800000000145
1677.08900000000145
1677.27000000000145
1677.40500000000145
1677.58600000000145
1678.09400000000145
1678.23100000000145
1678.39700000000145
1678.56200000000145
1678.72700000000145
1678.88900000000145
1679.04800000000145
1679.22300000000145
1679.73900000000145
1679.91000000000145
1680.08300000000145
1680.24100000000145
1680.40700000000145
1680.57900000000145
1680.75400000000145
1680.92700000000145
1681.32600000000145
1681.49300000000145
1681.66700000000145
1681.85000000000145
1681.99700000000145
1682.15100000000145
1682.30600000000145
1682.48500000000145
1682.67700000000145
1682.84300000000145
1683.01800000000145
1683.15900000000145
1683.30200000000145
1683.48300000000145
1683.66000000000145
1683.82800000000145
1684.51600000000145
1684.67900000000145
1684.84400000000145
1685.01100000000145
1685.18500000000146
1685.34100000000146
1685.54000000000146
1685.70700000000146
1685.88000000000146
1686.13400000000146
1686.31100000000146
1686.48900000000146
1686.67100000000146
1686.85000000000146
1687.01500000000146
1687.20000000000146
1687.39500000000146
1687.56400000000146
1687.69400000000146
1687.82700000000146
1687.98800000000146
1688.16800000000146
1688.34500000000146
1688.52400000000146
1688.72500000000146
1688.91500000000146
1689.04400000000146
1689.18000000000146
1689.37900000000146
1689.69400000000146
1689.89100000000146
1690.04500000000146
1690.25600000000146
1690.43400000000146
1690.63000000000146
1690.78100000000146
1690.98400000000146
1691.13600000000146
1691.40300000000146
1691.59600000000146
1691.76700000000146
1691.97700000000146
1692.16800000000146
1692.30100000000146
1692.48100000000146
1693.78900000000146
1693.93500000000146
1694.09900000000146
1694.25500000000146
1694.42600000000146
1694.60500000000146
1694.78600000000146
1694.95500000000146
1695.13600000000146
1695.32500000000146
1695.51000000000146
1695.69200000000146
1696.34000000000146
1696.50100000000146
1696.69100000000147
1696.86900000000147
1697.04200000000147
1697.22100000000147
1716.68500000000148
1716.80200000000148
1716.94500000000148
1717.04800000000148
1717.19300000000148
1717.33600000000148
1717.49700000000148
1717.64500000000148
1717.80000000000148
1717.95100000000148
1718.13400000000148
1718.27100000000148
1718.43200000000148
1718.60800000000148
1718.76900000000148
1718.90000000000148
1719.05500000000148
1719.22200000000149
1719.38000000000149
1719.53800000000149
1719.70000000000149
1719.87200000000149
1720.01000000000149
1720.16900000000149
1720.35000000000149
1720.50300000000149
1720.68300000000149
1720.83800000000149
1721.00900000000149
1721.19700000000149
1721.32400000000149
1721.48600000000149
1721.65600000000149
1721.83400000000149
1722.01500000000149
1722.16900000000149
1722.36500000000149
1722.53000000000149
1722.68900000000149
1722.81500000000149
1722.94500000000149
1723.11700000000149
1723.24200000000149
1723.41400000000149
1723.56600000000149
1723.73900000000149
1723.89500000000149
1724.08600000000149
1724.24300000000149
1724.40400000000149
1724.53300000000149
1724.66200000000149
1724.83600000000149
1725.00900000000149
1725.18700000000149
1725.35600000000149
1725.51500000000149
1725.70600000000149
1725.87300000000149
1726.00500000000149
1726.18400000000149
1726.36400000000149
1726.53000000000149
1726.70800000000149
1726.87500000000149
1727.05600000000149
1727.21800000000149
1727.37200000000149
1727.54700000000149
1727.71900000000149
1727.87400000000149
1728.07000000000149
1728.20200000000149
1728.38300000000149
1728.54300000000149
1728.73700000000149
1728.90300000000149
1729.07900000000149
1729.24500000000149
1729.41400000000149
1729.57100000000149
1729.73100000000149
1729.90900000000149
1730.07700000000149
1730.2570000000015
1730.4520000000015
1730.5760000000015
1730.7060000000015
1730.8690000000015
1731.0400000000015
1731.2230000000015
1731.4080000000015
1731.5810000000015
1731.7530000000015
1731.8840000000015
1732.0390000000015
1732.2030000000015
1732.3850000000015
1732.5660000000015
1732.7360000000015
1732.9100000000015
1733.0950000000015
1733.2590000000015
1733.4440000000015
1733.6450000000015
1733.8260000000015
1735.1200000000015
1735.2830000000015
1735.4590000000015
1735.6140000000015
1735.7870000000015
1735.9520000000015
1736.1250000000015
1736.3060000000015
1736.4730000000015
1736.6420000000015
1736.8020000000015
1736.9700000000015
1737.1620000000015
1737.2910000000015
1737.4610000000015
1737.6290000000015
1737.8020000000015
1737.9840000000015
1738.1520000000015
1738.2800000000015
1738.6780000000015
1738.8460000000015
1738.9830000000015
1739.1860000000015
1739.3440000000015
1739.5360000000015
1740.1270000000015
1740.2880000000015
1740.4600000000015
1740.6360000000015
1740.8110000000015
1740.9530000000015
1741.1330000000015
1741.2960000000015
1741.4620000000015
1741.63000000000151
1742.44200000000151
1742.60700000000151
1742.80100000000151
1742.96000000000151
1743.13200000000151
1743.31800000000151
1743.45100000000151
1743.62600000000151
1743.78200000000151
1743.94500000000151
1744.11600000000151
1746.31800000000151
1794.14700000000155
1794.26000000000155
1794.39300000000155
1794.52700000000155
1794.66400000000155
1794.80000000000155
1794.93900000000155
1795.09100000000155
1795.22200000000155
1795.37200000000155
1795.53500000000155
1795.70600000000155
1795.82800000000155
1796.00800000000155
1796.12200000000155
1796.28600000000155
1796.44700000000155
1796.57500000000155
1796.73600000000155
1796.90600000000155
1797.06600000000155
1797.22900000000155
1797.39200000000155
1797.57300000000155
1797.73600000000156
1797.90100000000156
1798.04600000000156
1798.20800000000156
1798.37900000000156
1798.54900000000156
1798.71400000000156
1798.88000000000156
1799.04000000000156
1799.21600000000156
1799.36600000000156
1799.53000000000156
1799.69800000000156
1799.82200000000156
1799.99100000000156
1800.15800000000156
1800.32100000000156
1800.49500000000156
1800.65000000000156
1800.83200000000156
1801.00400000000156
1801.40900000000156
1801.72300000000156
1801.88900000000156
1802.06100000000156
1802.22600000000156
1803.16200000000156
1803.29900000000156
1803.45400000000156
1803.60900000000156
1803.76800000000156
1803.90000000000156
1804.05000000000156
1804.21400000000156
1804.38100000000156
1804.56700000000156
1810.32500000000157
1810.45300000000157
1810.59300000000157
1810.73300000000157
1810.87700000000157
1811.02300000000157
1811.17300000000157
1811.37900000000157
1811.49500000000157
1811.67800000000157
1811.81100000000157
1811.97800000000157
1812.14300000000157
1812.31700000000157
1812.48200000000157
1812.64800000000157
1814.55700000000157
1814.68400000000157
1814.84000000000157
1814.98100000000157
1815.15100000000157
1815.28100000000157
1815.43800000000157
1815.61700000000157
1816.98200000000157
1817.11400000000157
1817.41000000000157
1817.57300000000157
1817.73200000000157
1817.90400000000157
1818.06900000000157
2012.82000000000175
2012.93900000000175
2013.07200000000175
2013.21500000000175
2013.35200000000175
2013.49600000000175
2013.64400000000175
2014.34900000000175
2014.48800000000175
2014.65100000000175
2014.80000000000175
2014.92300000000175
2015.20400000000175
2015.36300000000175
2015.52600000000175
2015.69500000000175
2015.82800000000175
2016.39800000000175
2016.56300000000175
2016.73700000000175
2016.88500000000175
2017.05000000000175
2017.22200000000175
2017.39100000000175
2017.56900000000175
2017.72600000000175
2017.87900000000175
2018.04700000000175
2018.21500000000175
2018.38500000000175
2018.50800000000175
2018.68900000000175
2018.86600000000175
2018.98800000000175
2019.38800000000175
2019.56900000000175
2019.76500000000175
2019.89100000000175
2020.06000000000175
2020.22200000000175
2020.38900000000175
2020.56400000000175
2020.74100000000175
2020.90100000000175
2021.06700000000175
2021.74700000000175
2021.90000000000175
2022.07300000000175
2022.23700000000175
2022.40500000000175
2022.56900000000175
2022.75200000000175
2022.88200000000175
2023.01500000000176
2023.19600000000176
2023.37900000000176
2023.58100000000176
2023.72100000000176
2023.85300000000176
2024.01800000000176
2024.17400000000176
2024.35100000000176
2024.52600000000176
2024.68600000000176
2024.86600000000176
2025.00300000000176
2025.55700000000176
2025.72600000000176
2025.91700000000176
2026.18800000000176
2026.38300000000176
2026.53000000000176
2026.70500000000176
2026.89600000000176
2027.09600000000176
2027.23300000000176
2027.54600000000176
2027.73300000000176
2027.90600000000176
2028.08400000000176
2028.25800000000176
2028.42900000000176
2028.59900000000176
2029.15800000000176
2029.33000000000176
2029.51200000000176
2029.63500000000176
2029.81200000000176
2030.12600000000176
2030.30400000000176
2030.46800000000176
2030.67000000000176
2030.83600000000176
2031.24100000000176
2031.42800000000176
2031.61500000000176
2031.74000000000176
2031.88100000000176
2032.07900000000176
2032.45400000000176
2032.88500000000176
2033.06300000000176
2033.24900000000176
2033.40900000000176
2033.59700000000176
2033.79200000000176
2033.91800000000176
2034.11100000000176
2034.30300000000176
2034.49100000000177
2035.63600000000177
2035.79400000000177
2035.96300000000177
2036.13200000000177
2036.30100000000177
2036.47300000000177
2036.64300000000177
2045.10000000000177
2045.22600000000177
2045.37600000000178
2045.49100000000178
2045.63900000000178
2045.78800000000178
2045.93100000000178
2046.09400000000178
2046.25200000000178
2046.42400000000178
2046.59000000000178
2046.76100000000178
2049.68000000000159
2049.80500000000158
2049.94600000000156
2050.09900000000155
2050.23900000000153
2050.40200000000151
2050.5520000000015
2050.71500000000148
2050.87400000000146
2051.04300000000144
2051.24200000000142
2051.36600000000141
2051.54900000000139
2051.66900000000137
2051.83300000000136
2052.01200000000134
2052.18100000000132
2052.3630000000013
2052.52700000000128
2052.70400000000126
2052.86400000000124
2053.54300000000117
2053.70500000000115
2053.87400000000113
2054.03600000000111
2054.20800000000109
2054.38700000000107
2054.55400000000106
2054.73900000000104
2054.91400000000102
2055.089000000001
2055.27000000000098
2055.43800000000096
2055.60300000000094
2056.40900000000085
2056.56600000000083
2056.73300000000082
2056.9080000000008
2057.09400000000078
2057.25300000000076
2057.42900000000074
2057.59600000000072
2057.7680000000007
2057.94800000000068
2058.11700000000066
2058.29000000000064
2058.46400000000062
2058.63600000000061
2058.80500000000059
2058.99100000000057
2059.16400000000055
2060.61600000000039
2060.77500000000037
2060.94000000000035
2061.12400000000033
2061.26200000000032
2061.4420000000003
2061.57400000000028
2061.76000000000026
2061.93400000000024
2062.09900000000022
2062.2910000000002
2063.2690000000001
2063.44400000000008
2063.62900000000006
2063.79800000000004
2063.97000000000002
2064.146
2064.34199999999998
2064.50699999999996
2064.69699999999994
2065.0909999999999
2065.27699999999987
2065.46099999999985
2065.63999999999983
2065.82299999999981
2066.01599999999979
2066.20599999999977
2066.38399999999975
2066.55899999999973
2066.72299999999972
2067.25299999999966
2067.44399999999964
2067.63399999999961
2067.83899999999959
2068.01099999999957
2068.16999999999956
2068.29899999999954
2068.48399999999952
2068.6519999999995
2068.82699999999948
2069.00399999999946
2069.18799999999944
2069.51299999999941
2069.67799999999939
2069.86599999999937
2070.04899999999935
2070.21899999999933
2070.40499999999931
2070.57899999999929
2070.76399999999927
2073.92099999999892
2074.04799999999891
2074.22699999999889
2074.35599999999887
2074.51899999999886
2074.68999999999884
2074.87099999999882
2075.0289999999988
2075.20499999999878
2075.37099999999876
2301.92199999997381
2302.0439999999738
2302.19099999997378
2302.32799999997377
2302.46499999997375
2302.61899999997374
2302.76599999997372
2302.9139999999737
2303.07399999997368
2303.21799999997367
2303.67799999997362
2303.8219999999736
2303.98099999997358
2304.10499999997357
2304.26599999997355
2304.41999999997354
2304.57799999997352
2304.7399999999735
2304.90299999997348
2305.06599999997347
2305.19599999997345
2305.32799999997344
2305.50399999997342
2305.6709999999734
2305.80799999997338
2305.98399999997336
2306.13299999997335
2306.27899999997333
2306.47599999997331
2306.63599999997329
2306.80399999997327
2306.93299999997326
2307.11199999997324
2307.28199999997322
2307.4459999999732
2307.61599999997318
2307.79299999997317
2307.92099999997315
2308.07799999997313
2308.25599999997311
2308.4169999999731
2308.61499999997307
2308.74499999997306
2309.80599999997294
2309.96499999997293
2310.13499999997291
2310.30899999997289
2310.47599999997287
2310.65299999997285
2310.83299999997283
2310.98099999997281
2311.1249999999728
2311.30199999997278
2311.47499999997276
2311.65299999997274
2311.82599999997272
2311.9919999999727
2312.16499999997268
2312.30399999997267
2312.49899999997265
2312.67399999997263
2312.80299999997261
2312.97799999997259
2313.14299999997258
2313.31799999997256
2313.47899999997254
2313.63799999997252
2313.8149999999725
2313.97599999997248
2314.16699999997246
2314.33499999997244
2314.46699999997243
2315.02299999997237
2315.18899999997235
2315.36199999997233
2315.52899999997231
2315.70999999997229
2315.90899999997227
2316.20499999997224
2316.38699999997222
2316.5689999999722
2316.74399999997218
2316.91499999997216
2317.09599999997214
2317.64699999997208
2317.81899999997206
2317.99999999997204
2318.17499999997202
2318.357999999972
2318.52799999997198
2318.69999999997196
2318.89199999997194
2319.04899999997193
2319.22099999997191
2319.39899999997189
2319.55599999997187
2319.73299999997185
2319.90599999997183
2320.47999999997177
2320.64599999997175
2320.83799999997173
2323.54799999997143
2323.70999999997141
2323.88999999997139
2324.04899999997137
2324.18699999997136
2324.39999999997134
2324.58199999997132
2324.7409999999713
2326.44099999997111
2326.5829999999711
2326.74899999997108
2978.4769999998993
2978.60899999989929
2978.75999999989927
2978.89099999989925
2979.01499999989924
2979.15899999989922
2979.28399999989921
2979.4109999998992
2979.57199999989918
2979.69699999989917
2979.96899999989914
2980.10999999989912
2980.2689999998991
2980.43299999989908
2980.55799999989907
2981.96099999989892
2982.0969999998989
2982.25299999989888
2982.39999999989887
2982.53499999989885
2982.67199999989884
2982.85399999989882
2982.9839999998988
2983.12499999989879
2983.26899999989877
2983.45199999989875
2983.56999999989874
2983.74799999989872
2983.8929999998987
2984.05899999989868
2984.19499999989867
2984.36899999989865
2985.01599999989858
2985.17899999989856
2985.33899999989854
2985.51999999989852
2985.68799999989851
2985.99899999989847
2986.15599999989845
2986.47499999989842
2986.6059999998984
2987.15299999989834
2987.34299999989832
2987.5159999998983
2987.66099999989829
2987.78999999989827
2987.95499999989826
2988.25899999989822
2988.54899999989819
2989.07899999989813
2989.22799999989812
2989.43099999989809
2990.15499999989801
2990.310999999898
2993.30799999989767
-4
49.4140000000000022
49.5450000000000024
49.5850000000000024
105.6070000000000522
105.7200000000000522
105.8340000000000524
105.9510000000000525
106.0580000000000526
106.1830000000000527
107.4060000000000537
107.5420000000000539
107.684000000000054
107.8280000000000541
107.9560000000000542
108.7210000000000549
108.8810000000000551
109.0240000000000552
109.1500000000000553
109.2810000000000554
109.4340000000000556
109.5830000000000557
109.7070000000000558
109.8360000000000559
110.0090000000000561
110.1650000000000562
111.2950000000000572
111.4460000000000573
111.5930000000000575
111.7360000000000576
111.8920000000000577
112.0410000000000579
112.187000000000058
112.3280000000000581
112.4670000000000582
112.6240000000000584
112.7700000000000585
113.6350000000000593
113.7900000000000594
113.9520000000000596
114.1050000000000597
114.2570000000000598
114.3800000000000599
114.50100000000006
114.6510000000000602
114.7750000000000603
115.9240000000000613
116.0880000000000615
116.2540000000000616
116.3930000000000617
116.5490000000000619
116.702000000000062
117.5040000000000627
117.6780000000000629
117.840000000000063
118.0060000000000632
118.1750000000000633
118.3300000000000634
118.5010000000000636
118.6620000000000638
118.8070000000000639
118.976000000000064
119.1300000000000642
119.2810000000000643
119.4160000000000644
119.5940000000000646
119.7650000000000647
119.9250000000000649
120.073000000000065
120.2460000000000652
120.3990000000000653
120.5270000000000654
120.6420000000000655
121.3670000000000662
121.5340000000000663
121.6930000000000664
121.8630000000000666
122.0120000000000667
122.1800000000000669
122.334000000000067
122.4870000000000671
122.6130000000000673
122.7450000000000674
122.9250000000000675
123.0970000000000677
123.2690000000000678
123.434000000000068
123.6070000000000681
123.7730000000000683
123.9270000000000684
124.1150000000000686
124.2730000000000687
124.4440000000000689
124.613000000000069
124.7490000000000692
125.3300000000000697
125.5090000000000698
125.68100000000007
125.8570000000000701
126.0230000000000703
126.1580000000000704
126.3460000000000706
126.5200000000000707
126.6930000000000709
126.869000000000071
127.0390000000000712
127.2140000000000714
127.3940000000000715
127.5490000000000716
127.7050000000000718
127.8740000000000719
127.992000000000072
128.116000000000072
129.011000000000073
129.184000000000073
129.346000000000073
129.513000000000073
129.682000000000074
129.831000000000074
130.006000000000074
130.192000000000074
130.366000000000074
130.544000000000074
130.714000000000074
130.884000000000075
131.056000000000075
131.226000000000075
131.377000000000075
131.553000000000075
131.687000000000075
131.830000000000075
132.009000000000076
132.180000000000076
132.355000000000076
132.528000000000076
132.697000000000076
132.852000000000076
133.008000000000076
133.183000000000077
133.371000000000077
133.542000000000077
133.710000000000077
133.877000000000077
134.016000000000077
134.185000000000078
134.213000000000078
134.365000000000078
134.539000000000078
134.707000000000078
134.853000000000078
134.985000000000078
135.150000000000078
135.323000000000079
135.505000000000079
135.687000000000079
135.836000000000079
135.992000000000079
136.159000000000079
136.307000000000079
136.44700000000008
136.62200000000008
136.76300000000008
136.90700000000008
137.04200000000008
137.21800000000008
137.39400000000008
137.573000000000081
137.733000000000081
137.895000000000081
138.063000000000081
138.240000000000081
138.399000000000081
138.563000000000081
138.716000000000082
138.870000000000082
139.046000000000082
139.218000000000082
139.402000000000082
139.572000000000082
139.714000000000082
139.836000000000083
140.964000000000084
141.119000000000084
141.279000000000084
141.435000000000084
141.592000000000084
141.752000000000084
141.906000000000084
142.067000000000085
142.233000000000085
142.392000000000085
142.553000000000085
142.717000000000085
142.870000000000085
143.046000000000085
143.219000000000086
143.372000000000086
143.520000000000086
143.683000000000086
143.841000000000086
143.989000000000086
144.158000000000086
144.343000000000087
144.512000000000087
144.655000000000087
144.759000000000087
145.505000000000088
145.664000000000088
145.832000000000088
145.996000000000088
146.159000000000088
146.327000000000088
146.504000000000088
146.680000000000089
146.842000000000089
147.004000000000089
147.171000000000089
147.318000000000089
147.487000000000089
147.66400000000009
147.84700000000009
148.02300000000009
148.18000000000009
148.33600000000009
148.47000000000009
148.65000000000009
148.825000000000091
149.002000000000091
149.167000000000091
149.344000000000091
149.510000000000091
149.642000000000091
150.321000000000092
150.485000000000092
150.642000000000092
150.807000000000092
150.980000000000092
151.154000000000093
151.322000000000093
151.491000000000093
151.677000000000093
151.848000000000093
152.000000000000093
152.157000000000094
152.310000000000094
152.438000000000094
152.621000000000094
152.790000000000094
152.961000000000094
153.125000000000094
153.307000000000095
153.453000000000095
153.620000000000095
153.789000000000095
153.968000000000095
154.155000000000095
154.329000000000095
154.494000000000096
154.640000000000096
154.796000000000096
154.970000000000096
155.129000000000096
155.300000000000096
155.477000000000096
155.641000000000097
155.793000000000097
155.959000000000097
156.108000000000097
156.275000000000097
156.433000000000097
156.617000000000097
156.790000000000098
156.972000000000098
157.148000000000098
157.319000000000098
157.482000000000098
157.637000000000098
157.793000000000098
157.967000000000099
158.137000000000099
158.317000000000099
158.476000000000099
158.622000000000099
158.780000000000099
158.9410000000001
159.1230000000001
159.3060000000001
159.4560000000001
159.6030000000001
159.7700000000001
159.9460000000001
160.121000000000101
160.294000000000101
160.471000000000101
160.649000000000101
160.815000000000101
160.960000000000101
161.120000000000101
161.287000000000102
161.466000000000102
161.624000000000102
161.810000000000102
161.990000000000102
162.162000000000102
162.323000000000103
162.482000000000103
162.642000000000103
162.802000000000103
162.957000000000103
163.112000000000103
163.278000000000103
163.459000000000104
163.632000000000104
163.799000000000104
163.934000000000104
164.775000000000105
164.939000000000105
165.111000000000105
165.278000000000105
165.455000000000105
165.631000000000105
165.803000000000106
165.964000000000106
166.123000000000106
166.274000000000106
166.425000000000106
166.598000000000106
166.760000000000106
166.939000000000107
167.118000000000107
167.290000000000107
167.445000000000107
167.578000000000107
167.737000000000107
167.891000000000107
168.055000000000108
168.214000000000108
168.380000000000108
168.549000000000108
168.707000000000108
168.850000000000108
169.000000000000108
169.162000000000109
169.326000000000109
169.485000000000109
169.659000000000109
169.824000000000109
169.989000000000109
170.150000000000109
170.30500000000011
170.45800000000011
170.59500000000011
170.75500000000011
170.91500000000011
171.07700000000011
171.21600000000011
171.345000000000111
171.776000000000111
171.939000000000111
172.103000000000111
172.267000000000111
172.431000000000112
172.579000000000112
172.729000000000112
172.882000000000112
173.048000000000112
173.205000000000112
173.366000000000112
173.520000000000112
173.686000000000113
173.862000000000113
174.043000000000113
174.212000000000113
174.358000000000113
174.524000000000113
174.694000000000114
174.870000000000114
175.046000000000114
175.217000000000114
175.392000000000114
175.551000000000114
175.724000000000114
175.897000000000115
176.064000000000115
176.228000000000115
176.407000000000115
176.581000000000115
176.762000000000115
176.899000000000115
177.029000000000116
178.617000000000117
178.764000000000117
178.916000000000117
179.068000000000117
179.217000000000118
179.375000000000118
179.527000000000118
179.673000000000118
179.831000000000118
180.005000000000118
180.174000000000118
180.316000000000118
180.474000000000119
180.633000000000119
180.795000000000119
180.968000000000119
181.125000000000119
181.273000000000119
181.411000000000119
181.56100000000012
181.73300000000012
181.90300000000012
182.06100000000012
182.22500000000012
182.36700000000012
183.667000000000121
183.825000000000122
183.987000000000122
184.148000000000122
184.300000000000122
184.405000000000122
184.984000000000123
185.127000000000123
185.263000000000123
185.730000000000123
185.888000000000123
186.020000000000124
186.173000000000124
186.318000000000124
186.480000000000124
186.638000000000124
186.781000000000124
186.939000000000124
187.103000000000125
187.244000000000125
187.404000000000125
187.569000000000125
187.729000000000125
187.895000000000125
188.044000000000125
188.209000000000126
188.359000000000126
188.503000000000126
188.649000000000126
188.825000000000126
188.996000000000126
189.157000000000126
189.328000000000126
189.487000000000127
189.647000000000127
189.818000000000127
189.967000000000127
190.139000000000127
190.287000000000127
190.454000000000128
190.600000000000128
190.735000000000128
190.886000000000128
191.068000000000128
191.230000000000128
191.527000000000128
191.691000000000129
191.839000000000129
191.988000000000129
192.129000000000129
192.297000000000129
192.468000000000129
192.638000000000129
192.78600000000013
192.93700000000013
193.08200000000013
193.25100000000013
193.55800000000013
193.72500000000013
193.832000000000131
195.913000000000132
196.068000000000132
196.213000000000133
196.361000000000133
196.515000000000133
196.674000000000133
196.817000000000133
196.965000000000133
197.120000000000133
197.266000000000134
198.305000000000134
198.456000000000135
198.607000000000135
198.765000000000135
198.924000000000135
199.080000000000135
199.223000000000135
199.370000000000135
199.519000000000136
199.649000000000136
200.065000000000136
200.228000000000136
200.395000000000136
200.560000000000136
200.727000000000137
200.856000000000137
201.021000000000137
201.191000000000137
201.376000000000137
201.518000000000137
201.628000000000137
201.797000000000138
201.962000000000138
202.090000000000138
217.929000000000152
218.066000000000152
218.221000000000152
218.362000000000152
218.485000000000152
218.627000000000153
218.768000000000153
218.884000000000153
219.802000000000154
219.945000000000154
220.099000000000154
220.248000000000154
220.401000000000154
220.559000000000154
220.712000000000154
220.857000000000155
220.991000000000155
221.145000000000155
221.303000000000155
221.448000000000155
221.602000000000155
221.757000000000155
221.895000000000155
222.024000000000156
222.145000000000156
222.316000000000156
222.491000000000156
222.654000000000156
222.814000000000156
222.961000000000156
223.092000000000156
223.245000000000157
223.403000000000157
223.553000000000157
223.708000000000157
223.866000000000157
224.040000000000157
224.205000000000157
224.352000000000158
224.479000000000158
226.154000000000159
226.295000000000159
226.452000000000159
226.59700000000016
226.86300000000016
227.01700000000016
227.16600000000016
227.31800000000016
227.46600000000016
227.615000000000161
227.773000000000161
227.916000000000161
228.059000000000161
228.212000000000161
228.358000000000161
228.519000000000161
228.675000000000161
228.823000000000162
228.978000000000162
229.135000000000162
229.288000000000162
229.438000000000162
229.596000000000162
230.537000000000163
230.694000000000163
230.842000000000163
231.005000000000164
231.164000000000164
231.342000000000164
231.509000000000164
231.660000000000164
231.793000000000164
231.921000000000164
232.101000000000164
232.264000000000165
232.437000000000165
232.611000000000165
232.804000000000165
232.976000000000165
233.148000000000165
233.314000000000166
233.488000000000166
233.652000000000166
233.832000000000166
234.003000000000166
234.183000000000166
234.348000000000166
234.499000000000167
234.654000000000167
234.797000000000167
234.938000000000167
235.090000000000167
236.651000000000169
236.800000000000169
236.948000000000169
237.093000000000169
237.251000000000169
237.402000000000169
237.559000000000169
237.703000000000169
237.86900000000017
311.725000000000235
311.745000000000235
311.765000000000235
311.785000000000235
311.805000000000235
311.825000000000235
311.845000000000235
311.865000000000235
311.885000000000235
311.905000000000235
311.925000000000235
311.945000000000235
311.965000000000235
311.985000000000235
312.004000000000235
312.024000000000235
312.044000000000236
312.064000000000236
312.083000000000236
312.103000000000236
312.123000000000236
312.143000000000236
312.163000000000236
312.183000000000236
312.203000000000236
312.223000000000236
312.236000000000236
312.256000000000236
312.276000000000236
312.296000000000236
312.315000000000236
312.335000000000236
312.355000000000236
312.375000000000236
312.395000000000236
312.415000000000236
312.435000000000236
312.454000000000236
312.474000000000236
312.494000000000236
312.514000000000236
312.534000000000236
312.554000000000236
312.574000000000236
312.593000000000236
312.612000000000236
312.632000000000236
312.651000000000236
322.479000000000245
374.928000000000291
374.947000000000291
374.967000000000291
374.987000000000291
375.007000000000291
375.027000000000291
375.047000000000291
375.067000000000291
375.086000000000292
375.106000000000292
375.126000000000292
375.146000000000292
375.166000000000292
375.186000000000292
375.206000000000292
375.226000000000292
375.246000000000292
375.266000000000292
375.285000000000292
375.305000000000292
375.325000000000292
375.345000000000292
375.365000000000292
375.385000000000292
375.399000000000292
375.418000000000292
375.438000000000292
375.458000000000292
375.478000000000292
375.498000000000292
375.518000000000292
375.537000000000292
375.557000000000292
375.577000000000292
375.597000000000292
375.617000000000292
375.637000000000292
375.657000000000292
375.677000000000292
375.696000000000292
375.716000000000292
375.736000000000292
375.756000000000292
375.776000000000292
375.796000000000292
375.816000000000292
375.835000000000292
375.854000000000292
375.874000000000292
379.346000000000295
379.551000000000295
400.607000000000314
400.627000000000314
400.647000000000314
400.667000000000314
400.687000000000314
400.707000000000314
400.726000000000314
400.746000000000314
400.766000000000314
400.786000000000314
400.806000000000314
400.826000000000314
400.845000000000314
400.865000000000314
400.885000000000314
400.905000000000314
400.919000000000314
400.939000000000314
400.958000000000314
400.978000000000314
400.998000000000314
401.017000000000315
401.037000000000315
401.057000000000315
401.077000000000315
401.097000000000315
401.117000000000315
401.137000000000315
401.157000000000315
401.176000000000315
401.194000000000315
401.214000000000315
402.501000000000316
402.515000000000316
402.532000000000316
402.784000000000316
413.530000000000326
413.550000000000326
413.570000000000326
413.590000000000326
413.610000000000326
413.630000000000326
413.649000000000326
413.669000000000326
413.709000000000326
413.729000000000326
413.748000000000326
413.768000000000326
413.788000000000326
413.808000000000326
413.827000000000326
413.842000000000326
413.861000000000326
413.881000000000326
413.901000000000326
413.921000000000326
413.940000000000326
413.960000000000326
413.980000000000326
414.000000000000326
414.020000000000326
414.040000000000326
414.060000000000326
414.080000000000326
414.100000000000326
414.119000000000326
414.139000000000326
414.159000000000326
414.179000000000326
414.199000000000326
414.219000000000326
414.239000000000326
414.259000000000326
414.278000000000326
414.298000000000326
414.317000000000326
414.339000000000326
414.359000000000326
414.398000000000326
414.417000000000326
414.436000000000326
480.501000000000385
481.653000000000386
504.529000000000406
520.836000000000421
520.856000000000421
520.876000000000421
520.896000000000421
520.916000000000421
520.935000000000421
520.955000000000421
520.975000000000421
520.995000000000421
521.015000000000421
521.035000000000421
521.055000000000421
521.074000000000421
521.094000000000421
521.108000000000421
521.127000000000421
521.147000000000421
521.167000000000421
521.187000000000421
521.206000000000421
521.226000000000421
521.246000000000421
521.266000000000421
521.286000000000421
521.306000000000421
521.326000000000421
521.344000000000421
521.363000000000421
589.406000000000482
591.881000000000484
658.280000000000543
658.478000000000543
659.084000000000544
659.304000000000544
659.591000000000544
672.170000000000555
673.490000000000556
675.087000000000558
681.908000000000564
682.126000000000564
730.632000000000607
765.745000000000638
765.861000000000638
765.962000000000639
779.873000000000651
861.201000000000723
861.312000000000723
866.413000000000728
870.254000000000731
919.953000000000775
920.192000000000776
936.25500000000079
936.79500000000079
989.405000000000837
989.434000000000837
989.454000000000837
989.494000000000837
1003.91400000000085
1034.38400000000088
1034.47700000000088
1034.71900000000088
1034.83300000000088
1035.23500000000088
1035.50300000000088
1035.80300000000088
1035.91600000000088
1036.47900000000088
1036.63000000000088
1036.73200000000088
1036.84100000000088
1036.99700000000088
1037.30700000000088
1037.31800000000088
1037.58900000000088
1037.73700000000088
1037.90200000000088
1038.04800000000088
1038.19800000000088
1038.34700000000088
1038.47400000000088
1038.58100000000088
1038.71100000000088
1038.82600000000088
1038.94000000000088
1039.06900000000088
1040.81800000000088
1057.5450000000009
1058.0790000000009
1060.0750000000009
1060.0880000000009
1282.9530000000011
1283.0750000000011
1283.2110000000011
1283.3350000000011
1283.4640000000011
1283.5990000000011
1283.7390000000011
1283.8650000000011
1283.9980000000011
1284.1520000000011
1284.2930000000011
1284.4370000000011
1284.5940000000011
1329.18800000000114
1329.26200000000114
1329.30700000000114
1333.86900000000114
1340.06600000000115
1340.21300000000115
1341.09400000000115
1348.82900000000116
1369.28400000000117
1392.10200000000119
1392.5080000000012
1396.8980000000012
1397.0180000000012
1397.1400000000012
1397.9690000000012
1398.3120000000012
1399.2260000000012
1403.4500000000012
1403.5880000000012
1404.08800000000121
1405.13400000000121
1405.81900000000121
1406.09000000000121
1406.14700000000121
1406.67000000000121
1406.67800000000121
1406.94100000000121
1407.23300000000121
1407.34700000000121
1407.45600000000121
1407.75000000000121
1408.45300000000121
1460.31800000000126
1460.44800000000126
1460.58800000000126
1460.70700000000126
1461.70500000000126
1461.84400000000126
1461.96900000000126
1462.08400000000126
1462.62500000000126
1462.86900000000126
1463.14000000000126
1463.43700000000126
1463.84100000000126
1464.08600000000126
1464.39000000000126
1464.67800000000126
1465.28100000000126
1466.05600000000126
1499.68600000000129
1500.40500000000129
1501.10800000000129
1501.31300000000129
1550.87900000000134
1552.06000000000134
1552.18900000000134
1552.50700000000134
1552.79300000000134
1552.88700000000134
1553.67500000000134
1559.15200000000134
1559.27100000000134
1559.88800000000134
1669.26400000000144
1669.91300000000144
1670.03200000000144
1670.17200000000144
1670.30300000000144
1670.44100000000144
1670.57500000000144
1670.69200000000144
1670.82000000000144
1670.96400000000144
1671.10900000000144
1671.24500000000144
1671.38500000000144
1671.52700000000144
1671.67400000000144
1672.11000000000144
1672.27400000000144
1672.42000000000144
1672.54400000000144
1672.67500000000144
1672.82800000000144
1672.98400000000144
1673.14300000000144
1673.29700000000144
1673.44900000000144
1673.60300000000144
1673.73900000000144
1673.87100000000144
1674.03300000000145
1674.20900000000145
1674.36600000000145
1674.51100000000145
1674.66900000000145
1674.83100000000145
1674.98600000000145
1675.15500000000145
1675.31100000000145
1675.45100000000145
1675.61900000000145
1675.75800000000145
1675.92200000000145
1676.09900000000145
1676.23500000000145
1676.37900000000145
1676.51600000000145
1676.65600000000145
1676.82800000000145
1676.99900000000145
1677.16400000000145
1677.31400000000145
1677.46800000000145
1677.62300000000145
1678.13800000000145
1678.30700000000145
1678.47500000000145
1678.63900000000145
1678.80000000000145
1678.95900000000145
1679.12100000000145
1679.25000000000145
1679.81300000000145
1679.98600000000145
1680.15200000000145
1680.31500000000145
1680.49100000000145
1680.66100000000145
1680.82600000000145
1680.95200000000145
1681.39800000000145
1681.57400000000145
1681.74500000000145
1681.90300000000145
1682.05400000000145
1682.20700000000145
1682.38600000000145
1682.56300000000145
1682.75100000000145
1682.92600000000145
1683.06000000000145
1683.19600000000145
1683.38900000000145
1683.56600000000145
1683.74000000000145
1683.87200000000145
1684.58600000000145
1684.75100000000145
1684.92300000000145
1685.09300000000146
1685.25500000000146
1685.43000000000146
1685.61700000000146
1685.78800000000146
1685.92500000000146
1686.20900000000146
1686.39100000000146
1686.57500000000146
1686.75400000000146
1686.92100000000146
1687.10200000000146
1687.28500000000146
1687.47200000000146
1687.60800000000146
1687.73900000000146
1687.88800000000146
1688.06800000000146
1688.25000000000146
1688.42600000000146
1688.60600000000146
1688.80400000000146
1688.94400000000146
1689.07900000000146
1689.27000000000146
1689.46100000000146
1689.78200000000146
1689.93400000000146
1690.13200000000146
1690.33400000000146
1690.51600000000146
1690.67900000000146
1690.87100000000146
1691.02700000000146
1691.14900000000146
1691.49300000000146
1691.67200000000146
1691.85900000000146
1692.05600000000146
1692.19600000000146
1692.39000000000146
1692.51700000000146
1693.85300000000146
1694.01200000000146
1694.16900000000146
1694.33700000000146
1694.50900000000146
1694.68800000000146
1694.86400000000146
1695.04000000000146
1695.21000000000146
1695.40900000000146
1695.58900000000146
1695.71000000000146
1696.40700000000146
1696.58200000000147
1696.77100000000147
1696.95100000000147
1697.12400000000147
1697.30100000000147
1716.73200000000148
1716.85800000000148
1716.96800000000148
1717.10800000000148
1717.25100000000148
1717.41400000000148
1717.56300000000148
1717.71100000000148
1717.86400000000148
1718.03300000000148
1718.18300000000148
1718.33600000000148
1718.49900000000148
1718.66900000000148
1718.81300000000148
1718.96500000000148
1719.13300000000149
1719.29000000000149
1719.44900000000149
1719.60900000000149
1719.77400000000149
1719.92200000000149
1720.07600000000149
1720.24800000000149
1720.40900000000149
1720.58000000000149
1720.75600000000149
1720.91600000000149
1721.09400000000149
1721.23700000000149
1721.39100000000149
1721.56600000000149
1721.74100000000149
1721.91900000000149
1722.08000000000149
1722.26700000000149
1722.43600000000149
1722.59500000000149
1722.72100000000149
1722.84800000000149
1723.00600000000149
1723.15000000000149
1723.31900000000149
1723.47200000000149
1723.65100000000149
1723.80800000000149
1723.97500000000149
1724.15600000000149
1724.31300000000149
1724.43700000000149
1724.56100000000149
1724.73800000000149
1724.91600000000149
1725.09500000000149
1725.26700000000149
1725.42700000000149
1725.59300000000149
1725.78700000000149
1725.91900000000149
1726.08600000000149
1726.26700000000149
1726.43700000000149
1726.61500000000149
1726.78500000000149
1726.96300000000149
1727.13100000000149
1727.27600000000149
1727.45200000000149
1727.62400000000149
1727.79000000000149
1727.96400000000149
1728.10500000000149
1728.28800000000149
1728.45400000000149
1728.63100000000149
1728.78500000000149
1728.98500000000149
1729.15500000000149
1729.31800000000149
1729.48300000000149
1729.64200000000149
1729.81500000000149
1729.98800000000149
1730.1640000000015
1730.3490000000015
1730.4900000000015
1730.6100000000015
1730.7680000000015
1730.9430000000015
1731.1310000000015
1731.3120000000015
1731.4910000000015
1731.6600000000015
1731.7890000000015
1731.9060000000015
1732.1070000000015
1732.2850000000015
1732.4720000000015
1732.6510000000015
1732.8160000000015
1732.9960000000015
1733.1640000000015
1733.3500000000015
1733.5340000000015
1733.7320000000015
1733.9080000000015
1735.1880000000015
1735.3570000000015
1735.5200000000015
1735.6910000000015
1735.8620000000015
1736.0330000000015
1736.2020000000015
1736.3620000000015
1736.5470000000015
1736.7070000000015
1736.8770000000015
1737.0520000000015
1737.1860000000015
1737.3630000000015
1737.5340000000015
1737.7030000000015
1737.8730000000015
1738.0570000000015
1738.1960000000015
1738.3200000000015
1738.7410000000015
1738.8770000000015
1739.0580000000015
1739.2530000000015
1739.4240000000015
1739.5660000000015
1740.1920000000015
1740.3660000000015
1740.5450000000015
1740.7150000000015
1740.8690000000015
1741.0360000000015
1741.1920000000015
1741.3730000000015
1741.5370000000015
1741.66600000000151
1742.51000000000151
1742.68300000000151
1742.86600000000151
1743.03600000000151
1743.21900000000151
1743.32800000000151
1743.53100000000151
1743.69200000000151
1743.85300000000151
1744.02200000000151
1744.19900000000151
1746.36600000000151
1794.18800000000155
1794.31400000000155
1794.45000000000155
1794.58300000000155
1794.71900000000155
1794.85500000000155
1795.00300000000155
1795.14000000000155
1795.28000000000155
1795.44200000000155
1795.58900000000155
1795.73800000000155
1795.90400000000155
1796.04100000000155
1796.18700000000155
1796.34800000000155
1796.48700000000155
1796.65000000000155
1796.80800000000155
1796.97000000000155
1797.14800000000155
1797.29700000000155
1797.45700000000155
1797.65700000000155
1797.80600000000156
1797.96100000000156
1798.11900000000156
1798.29000000000156
1798.46100000000156
1798.62600000000156
1798.81000000000156
1798.95200000000156
1799.11200000000156
1799.27800000000156
1799.43200000000156
1799.60100000000156
1799.73600000000156
1799.89700000000156
1800.06500000000156
1800.23200000000156
1800.39700000000156
1800.56400000000156
1800.72200000000156
1800.90800000000156
1801.05900000000156
1801.48200000000156
1801.79200000000156
1801.96000000000156
1802.13500000000156
1802.29700000000156
1803.21400000000156
1803.36600000000156
1803.52500000000156
1803.67500000000156
1803.81500000000156
1803.96200000000156
1804.12100000000156
1804.28500000000156
1804.45400000000156
1804.60500000000156
1810.37100000000157
1810.50500000000157
1810.64500000000157
1810.78800000000157
1810.93300000000157
1811.08400000000157
1811.24700000000157
1811.39100000000157
1811.56800000000157
1811.70800000000157
1811.88600000000157
1812.05100000000157
1812.22100000000157
1812.39000000000157
1812.55000000000157
1812.68900000000157
1814.60000000000157
1814.75000000000157
1814.89200000000157
1815.04500000000157
1815.19100000000157
1815.34400000000157
1815.51100000000157
1815.68600000000157
1817.03600000000157
1817.18000000000157
1817.47800000000157
1817.63900000000157
1817.80600000000157
1817.97600000000157
1818.12700000000157
2012.85200000000175
2012.98100000000175
2013.11900000000175
2013.27000000000175
2013.40300000000175
2013.55000000000175
2013.68500000000175
2014.38700000000175
2014.54700000000175
2014.69800000000175
2014.82400000000175
2014.97700000000175
2015.26300000000175
2015.42200000000175
2015.59300000000175
2015.73500000000175
2015.89300000000175
2016.45200000000175
2016.63400000000175
2016.78900000000175
2016.95100000000175
2017.11700000000175
2017.28600000000175
2017.44700000000175
2017.62700000000175
2017.78100000000175
2017.94100000000175
2018.11900000000175
2018.28500000000175
2018.40800000000175
2018.57000000000175
2018.76500000000175
2018.89100000000175
2019.02200000000175
2019.46100000000175
2019.63300000000175
2019.78900000000175
2019.96100000000175
2020.12200000000175
2020.28900000000175
2020.46700000000175
2020.62700000000175
2020.80800000000175
2020.97300000000175
2021.09500000000175
2021.80300000000175
2021.96900000000175
2022.14000000000175
2022.30300000000175
2022.47300000000175
2022.64500000000175
2022.79200000000175
2022.91800000000175
2023.09500000000176
2023.27600000000176
2023.46200000000176
2023.63800000000176
2023.76200000000176
2023.92000000000176
2024.08000000000176
2024.25100000000176
2024.42400000000176
2024.58800000000176
2024.76100000000176
2024.91000000000176
2025.03800000000176
2025.62600000000176
2025.80000000000176
2025.97100000000176
2026.26400000000176
2026.42000000000176
2026.60600000000176
2026.78100000000176
2026.97400000000176
2027.12200000000176
2027.30200000000176
2027.63000000000176
2027.80900000000176
2027.98800000000176
2028.16400000000176
2028.33300000000176
2028.50200000000176
2028.62800000000176
2029.23600000000176
2029.40500000000176
2029.55800000000176
2029.71200000000176
2029.88000000000176
2030.20000000000176
2030.36400000000176
2030.54400000000176
2030.73200000000176
2030.86900000000176
2031.32100000000176
2031.49900000000176
2031.63500000000176
2031.77300000000176
2031.97100000000176
2032.17000000000176
2032.53200000000176
2032.95300000000176
2033.13600000000176
2033.31200000000176
2033.49500000000176
2033.67200000000176
2033.80800000000176
2034.00800000000176
2034.18600000000176
2034.38800000000177
2034.56500000000177
2035.69700000000177
2035.86600000000177
2036.03500000000177
2036.20600000000177
2036.37200000000177
2036.54500000000177
2036.70900000000177
2045.12600000000177
2045.27900000000177
2045.41000000000177
2045.55100000000178
2045.69900000000178
2045.84300000000178
2045.99900000000178
2046.15800000000178
2046.32500000000178
2046.49100000000178
2046.66300000000178
2046.82800000000178
2049.72200000000159
2049.86300000000157
2050.00600000000156
2050.14900000000154
2050.30500000000152
2050.45400000000151
2050.61500000000149
2050.77500000000147
2050.94500000000145
2051.11900000000143
2051.27400000000142
2051.4410000000014
2051.56900000000138
2051.73100000000137
2051.91200000000135
2052.08400000000133
2052.26700000000131
2052.43800000000129
2052.60200000000127
2052.76500000000125
2052.93900000000123
2053.59800000000116
2053.77200000000114
2053.94100000000112
2054.1140000000011
2054.29500000000108
2054.45900000000107
2054.63600000000105
2054.81600000000103
2054.99600000000101
2055.17200000000099
2055.33100000000097
2055.51700000000095
2055.65800000000093
2056.47500000000084
2056.63400000000083
2056.81200000000081
2056.98200000000079
2057.15600000000077
2057.33000000000075
2057.50300000000073
2057.67700000000071
2057.85100000000069
2058.02200000000067
2058.19600000000065
2058.36600000000064
2058.53900000000062
2058.7150000000006
2058.88900000000058
2059.07400000000056
2059.39200000000052
2060.67700000000038
2060.83800000000036
2061.00700000000034
2061.15500000000033
2061.33000000000031
2061.46900000000029
2061.65400000000027
2061.83300000000025
2061.99400000000024
2062.17600000000022
2062.3570000000002
2063.34700000000009
2063.52500000000007
2063.69800000000005
2063.87300000000003
2064.05300000000001
2064.22699999999999
2064.40899999999997
2064.58899999999995
2064.72899999999993
2065.17499999999989
2065.35899999999987
2065.53799999999985
2065.72499999999982
2065.9079999999998
2066.08299999999979
2066.28299999999976
2066.46499999999974
2066.63599999999972
2066.76299999999971
2067.34099999999965
2067.53399999999963
2067.7279999999996
2067.91499999999958
2068.07599999999957
2068.20699999999955
2068.37999999999953
2068.55399999999951
2068.72499999999949
2068.91499999999947
2069.09599999999945
2069.26499999999944
2069.5659999999994
2069.75799999999938
2069.94799999999936
2070.11499999999934
2070.29299999999932
2070.4719999999993
2070.65599999999928
2070.83999999999926
2073.96799999999892
2074.1139999999989
2074.25499999999889
2074.42599999999887
2074.59699999999885
2074.76899999999883
2074.93499999999881
2075.10799999999879
2075.27599999999877
2075.44299999999875
2301.95899999997381
2302.09399999997379
2302.23399999997378
2302.37799999997376
2302.52699999997375
2302.67399999997373
2302.81799999997371
2302.9799999999737
2303.11999999997368
2303.27899999997366
2303.72199999997361
2303.8709999999736
2304.00699999997358
2304.16999999997356
2304.32299999997355
2304.47899999997353
2304.63799999997351
2304.80899999997349
2304.96599999997348
2305.08999999997346
2305.22499999997345
2305.41499999997343
2305.57499999997341
2305.71599999997339
2305.88599999997338
2306.03899999997336
2306.18599999997334
2306.35499999997332
2306.5449999999733
2306.70299999997329
2306.83999999997327
2307.01199999997325
2307.17699999997323
2307.34699999997321
2307.5189999999732
2307.69799999997318
2307.82499999997316
2307.97899999997314
2308.15499999997313
2308.32699999997311
2308.48999999997309
2308.66099999997307
2308.81399999997305
2309.86099999997294
2310.03199999997292
2310.2009999999729
2310.36899999997288
2310.55399999997286
2310.72999999997284
2310.88299999997282
2311.03699999997281
2311.20599999997279
2311.37599999997277
2311.55599999997275
2311.72899999997273
2311.89799999997271
2312.06499999997269
2312.21199999997268
2312.38299999997266
2312.56699999997264
2312.70799999997262
2312.87699999997261
2313.05699999997259
2313.22099999997257
2313.38199999997255
2313.54199999997253
2313.71799999997251
2313.88299999997249
2314.04999999997248
2314.23799999997246
2314.37299999997244
2314.50499999997243
2315.09299999997236
2315.26299999997234
2315.43199999997232
2315.6129999999723
2315.78799999997228
2315.97499999997226
2316.28499999997223
2316.46599999997221
2316.63999999997219
2316.81999999997217
2316.99699999997215
2317.13899999997214
2317.71799999997207
2317.89599999997205
2318.07299999997203
2318.25399999997201
2318.42999999997199
2318.60099999997197
2318.78699999997195
2318.95299999997194
2319.12399999997192
2319.3049999999719
2319.46099999997188
2319.63599999997186
2319.81599999997184
2319.94599999997183
2320.54599999997176
2320.73599999997174
2323.44299999997144
2323.61599999997142
2323.7919999999714
2323.95199999997139
2324.09499999997137
2324.27499999997135
2324.47499999997133
2324.64399999997131
2324.82699999997129
2326.49299999997111
2326.64899999997109
2326.81199999997107
2978.4999999998993
2978.65299999989928
2978.79099999989927
2978.91899999989925
2979.07199999989923
2979.19099999989922
2979.31799999989921
2979.47499999989919
2979.60299999989918
2979.74599999989916
2980.00499999989913
2980.16599999989911
2980.3189999998991
2980.45399999989908
2980.62099999989906
2981.99999999989891
2982.1549999998989
2982.29899999989888
2982.43599999989886
2982.57799999989885
2982.73399999989883
2982.88499999989881
2983.0149999998988
2983.16299999989878
2983.34099999989876
2983.47399999989875
2983.63799999989873
2983.79299999989871
2983.9519999998987
2984.10099999989868
2984.26099999989866
2984.39299999989865
2985.04499999989858
2985.23199999989856
2985.40799999989854
2985.57999999989852
2985.7619999998985
2986.05499999989847
2986.22499999989845
2986.50799999989842
2986.6359999998984
2987.22499999989834
2987.39999999989832
2987.5549999998983
2987.69499999989828
2987.85999999989827
2988.03199999989825
2988.32799999989822
2988.56599999989819
2989.11999999989813
2989.30499999989811
2989.47699999989809
2990.20499999989801
2990.36699999989799
2993.35299999989766
0
0
0
0
0
0
0
0
0
0
0
0
0
3600.00099999983085
0
0
0
0
0
0
