10
16
18
10
16
18
IPP2.14
test5
0
2
11
33
17
12
35
00
22
4
.3
1
503
503
1
1274
1274
1
1
1
1
1
1
1
1
1
1
1
1
1
1
1
1
1
1
1
1
502
-1
149.821000000000091
149.943000000000092
150.060000000000092
150.307000000000092
150.469000000000092
150.618000000000092
150.782000000000092
150.916000000000092
151.070000000000093
151.221000000000093
151.361000000000093
151.515000000000093
151.675000000000093
151.805000000000093
152.117000000000093
152.262000000000094
152.413000000000094
156.586000000000097
156.711000000000098
156.857000000000098
157.012000000000098
157.169000000000098
157.331000000000098
157.484000000000098
157.655000000000098
157.817000000000099
157.987000000000099
158.139000000000099
158.303000000000099
158.591000000000099
158.760000000000099
158.9200000000001
159.0830000000001
159.2490000000001
159.4130000000001
159.5680000000001
159.7550000000001
159.9150000000001
160.078000000000101
160.236000000000101
160.408000000000101
160.561000000000101
160.724000000000101
160.893000000000101
161.042000000000101
161.214000000000102
161.381000000000102
161.559000000000102
161.729000000000102
161.876000000000102
162.053000000000102
162.225000000000102
162.400000000000103
162.556000000000103
162.730000000000103
162.849000000000103
163.011000000000103
163.174000000000103
163.343000000000103
163.511000000000104
163.680000000000104
219.437000000000153
219.617000000000153
219.758000000000154
219.905000000000154
220.046000000000154
220.190000000000154
220.331000000000154
220.492000000000154
220.628000000000154
220.786000000000154
220.941000000000155
221.096000000000155
221.265000000000155
221.380000000000155
221.550000000000155
221.675000000000155
221.831000000000155
221.978000000000156
222.140000000000156
222.304000000000156
222.471000000000156
222.628000000000156
222.769000000000156
222.940000000000156
223.064000000000156
223.232000000000157
223.377000000000157
223.535000000000157
223.689000000000157
223.856000000000157
223.989000000000157
224.147000000000157
224.288000000000158
224.452000000000158
224.614000000000158
224.763000000000158
224.920000000000158
225.095000000000158
225.265000000000158
225.398000000000159
226.303000000000159
226.449000000000159
226.58900000000016
226.73800000000016
226.89700000000016
227.05700000000016
227.21900000000016
227.39600000000016
227.55300000000016
227.714000000000161
227.880000000000161
228.049000000000161
228.211000000000161
228.390000000000161
228.558000000000161
228.715000000000161
228.894000000000162
229.039000000000162
229.211000000000162
229.371000000000162
229.547000000000162
229.730000000000162
229.884000000000163
230.042000000000163
230.214000000000163
230.376000000000163
230.544000000000163
230.756000000000163
230.899000000000163
231.058000000000164
231.196000000000164
231.352000000000164
231.514000000000164
231.676000000000164
231.836000000000164
231.995000000000164
232.303000000000165
232.419000000000165
232.578000000000165
232.747000000000165
232.917000000000165
233.091000000000165
233.236000000000166
233.407000000000166
233.573000000000166
233.730000000000166
233.889000000000166
234.044000000000166
234.220000000000166
234.387000000000167
234.549000000000167
234.715000000000167
234.872000000000167
235.047000000000167
235.223000000000167
235.412000000000167
235.590000000000168
235.757000000000168
235.879000000000168
236.039000000000168
236.201000000000168
236.355000000000168
236.520000000000168
236.685000000000169
236.861000000000169
237.016000000000169
237.178000000000169
237.335000000000169
237.506000000000169
237.683000000000169
237.87000000000017
238.02600000000017
238.18700000000017
238.35300000000017
238.52600000000017
238.68500000000017
322.001000000000244
322.135000000000244
322.296000000000245
322.555000000000245
322.899000000000245
323.022000000000245
323.154000000000245
323.288000000000245
323.420000000000246
323.555000000000246
323.695000000000246
323.838000000000246
323.985000000000246
324.131000000000246
324.273000000000246
324.418000000000246
324.569000000000247
324.721000000000247
324.876000000000247
325.031000000000247
325.185000000000247
325.352000000000247
325.759000000000248
327.097000000000249
327.224000000000249
327.358000000000249
640.391000000000527
640.883000000000528
641.020000000000528
641.156000000000528
641.303000000000528
641.454000000000528
641.607000000000528
641.765000000000528
641.922000000000528
642.076000000000529
642.235000000000529
642.399000000000529
642.976000000000529
643.40100000000053
643.82400000000053
644.18700000000053
644.318000000000531
644.479000000000531
644.621000000000531
644.772000000000531
644.902000000000531
645.051000000000531
645.194000000000531
645.346000000000532
645.490000000000532
645.645000000000532
645.801000000000532
645.953000000000532
646.117000000000532
646.266000000000532
646.419000000000532
646.585000000000533
646.732000000000533
646.895000000000533
647.063000000000533
647.227000000000533
647.402000000000533
647.528000000000533
647.685000000000534
647.825000000000534
647.989000000000534
648.156000000000534
648.438000000000534
648.603000000000534
648.758000000000534
648.920000000000535
649.083000000000535
649.258000000000535
649.435000000000535
649.619000000000535
649.834000000000535
650.005000000000536
650.158000000000536
650.708000000000536
650.850000000000536
651.172000000000537
651.335000000000537
651.521000000000537
651.712000000000537
651.908000000000537
652.102000000000538
652.242000000000538
652.424000000000538
654.032000000000539
654.071000000000539
654.32500000000054
655.659000000000541
655.853000000000541
655.987000000000541
656.129000000000541
656.347000000000541
656.522000000000541
656.672000000000542
656.832000000000542
656.983000000000542
657.144000000000542
657.302000000000542
657.446000000000542
657.994000000000543
742.589000000000618
968.660000000000819
1077.18500000000092
1081.36600000000092
1103.16000000000094
1184.58700000000101
1870.92800000000162
1871.18600000000162
1878.31900000000163
1878.58800000000163
1878.86200000000163
1879.13900000000163
1879.43100000000163
1879.72700000000163
1880.22200000000163
1880.52300000000163
1881.12200000000163
2196.62199999998541
2196.74999999998539
2196.88699999998538
2197.00599999998537
2197.27599999998534
2197.41499999998532
2197.55799999998531
2197.70999999998529
2197.83099999998528
2197.98699999998526
2198.13599999998524
2198.28699999998523
2198.43799999998521
2198.56799999998519
2198.71999999998518
2199.32499999998511
2199.4709999999851
2199.62899999998508
2199.78399999998506
2199.92999999998504
2200.45599999998499
2200.62499999998497
2200.78299999998495
2200.94299999998493
2201.09799999998492
2201.2499999999849
2201.53399999998487
2201.69099999998485
2201.84999999998483
2202.01599999998481
2202.1759999999848
2202.36299999998478
2202.52399999998476
2202.67299999998474
2202.85399999998472
2203.0219999999847
2203.19199999998469
2203.36499999998467
2203.53399999998465
2203.71599999998463
2203.86399999998461
2204.03899999998459
2204.21399999998457
2204.37699999998455
2204.55299999998454
2204.72399999998452
2204.8999999999845
2205.66599999998441
2205.7979999999844
2205.95599999998438
2206.12299999998436
2206.29699999998434
2206.47599999998432
2206.6519999999843
2206.80399999998429
2206.98899999998427
2207.18899999998425
2207.37599999998422
2207.5769999999842
2207.75399999998418
2207.93299999998416
2208.24899999998413
2208.40799999998411
2208.58499999998409
2208.75199999998407
2208.91699999998405
2209.408999999984
2209.62999999998398
2209.71799999998397
2209.85399999998395
2209.97099999998394
2210.13699999998392
2210.22299999998391
2210.3309999999839
2210.44799999998389
2210.56399999998387
2210.68299999998386
2210.87099999998384
2211.01099999998382
2211.16299999998381
2211.31399999998379
2211.47799999998377
2212.46699999998366
2213.15599999998359
2213.28499999998357
2213.43599999998356
2213.58999999998354
2213.73599999998352
2213.89399999998351
2214.06399999998349
2214.60899999998343
2214.93399999998339
2215.03099999998338
2215.31499999998335
2215.44999999998334
2215.7829999999833
2215.93999999998328
2216.10899999998326
2216.28799999998324
2218.54699999998299
2218.61999999998299
2218.81299999998296
2219.75399999998286
2220.00399999998283
2220.42299999998279
2220.89599999998274
2224.27899999998236
2226.25999999998214
2226.87399999998208
2227.90699999998196
2228.36999999998191
2228.65599999998188
2229.09399999998183
2233.81299999998131
2234.23699999998127
2234.59099999998123
2234.64599999998122
2234.8749999999812
2235.00299999998118
2235.04599999998118
2235.25099999998115
2236.24599999998104
2236.26799999998104
2237.5189999999809
2237.96199999998086
2242.0909999999804
2242.62399999998034
2262.61599999997814
2270.54699999997727
2270.93399999997722
2271.1229999999772
2271.43499999997717
2271.60499999997715
2274.47599999997683
2277.96699999997645
2279.3279999999763
2283.05099999997589
2283.27099999997587
2283.43699999997585
2283.77399999997581
2284.10199999997577
2284.71999999997571
2285.7299999999756
2285.89999999997558
2286.6079999999755
2293.29499999997476
2294.48899999997463
2295.51799999997452
2299.2689999999741
2301.23599999997389
2301.65799999997384
2301.85099999997382
2302.10099999997379
2302.53599999997374
2302.81699999997371
2303.59399999997363
2304.04199999997358
2308.3469999999731
2310.2059999999729
2310.41699999997288
2310.57499999997286
2310.63199999997285
2310.70599999997284
2310.81299999997283
2311.19299999997279
2313.48899999997254
2315.27999999997234
2324.12699999997137
2326.31799999997112
2326.5869999999711
2327.86899999997095
2329.14299999997081
2330.02199999997072
2331.22299999997058
2331.30699999997058
2641.39099999993642
2641.74799999993639
2669.95999999993328
2670.31099999993324
2670.58999999993321
2670.7009999999332
2675.57299999993266
2676.87999999993252
2678.08099999993238
2679.09699999993227
2681.97299999993196
2683.3829999999318
2684.90699999993163
2688.8439999999312
2692.39599999993081
2763.54699999992297
2767.8049999999225
2767.96399999992248
2768.11099999992247
2769.98999999992226
2771.35399999992211
2773.56099999992187
2774.2089999999218
2776.07199999992159
3301.02399999986378
3394.09699999985353
3399.44599999985294
3408.16799999985198
-2
149.866000000000091
149.986000000000092
150.121000000000092
150.374000000000092
150.532000000000092
150.684000000000092
150.828000000000092
150.977000000000092
151.127000000000093
151.269000000000093
151.422000000000093
151.577000000000093
151.719000000000093
151.881000000000093
152.171000000000094
152.323000000000094
152.488000000000094
156.635000000000097
156.769000000000098
156.924000000000098
157.081000000000098
157.241000000000098
157.401000000000098
157.564000000000098
157.719000000000098
157.895000000000099
158.048000000000099
158.212000000000099
158.384000000000099
158.663000000000099
158.831000000000099
158.9920000000001
159.1570000000001
159.3230000000001
159.4780000000001
159.6430000000001
159.8250000000001
159.9890000000001
160.147000000000101
160.320000000000101
160.475000000000101
160.638000000000101
160.802000000000101
160.947000000000101
161.119000000000101
161.289000000000102
161.459000000000102
161.635000000000102
161.783000000000102
161.954000000000102
162.116000000000102
162.308000000000102
162.467000000000103
162.636000000000103
162.759000000000103
162.915000000000103
163.087000000000103
163.252000000000103
163.421000000000104
163.588000000000104
163.756000000000104
219.467000000000153
219.657000000000153
219.814000000000154
219.963000000000154
220.105000000000154
220.247000000000154
220.397000000000154
220.541000000000154
220.695000000000154
220.850000000000154
221.009000000000155
221.166000000000155
221.292000000000155
221.459000000000155
221.590000000000155
221.742000000000155
221.891000000000155
222.041000000000156
222.209000000000156
222.362000000000156
222.538000000000156
222.678000000000156
222.848000000000156
222.967000000000156
223.139000000000157
223.291000000000157
223.452000000000157
223.604000000000157
223.763000000000157
223.886000000000157
224.062000000000157
224.200000000000157
224.364000000000158
224.526000000000158
224.671000000000158
224.827000000000158
225.000000000000158
225.164000000000158
225.317000000000158
225.480000000000159
226.361000000000159
226.50400000000016
226.65100000000016
226.80900000000016
226.96500000000016
227.12800000000016
227.29200000000016
227.46200000000016
227.623000000000161
227.792000000000161
227.960000000000161
228.120000000000161
228.283000000000161
228.469000000000161
228.629000000000161
228.800000000000162
228.953000000000162
229.118000000000162
229.280000000000162
229.449000000000162
229.622000000000162
229.797000000000162
229.950000000000163
230.122000000000163
230.283000000000163
230.449000000000163
230.635000000000163
230.815000000000163
230.967000000000164
231.105000000000164
231.259000000000164
231.426000000000164
231.584000000000164
231.747000000000164
231.908000000000164
232.066000000000164
232.335000000000165
232.492000000000165
232.656000000000165
232.832000000000165
233.001000000000165
233.161000000000165
233.322000000000166
233.480000000000166
233.646000000000166
233.804000000000166
233.959000000000166
234.114000000000166
234.298000000000166
234.463000000000167
234.622000000000167
234.782000000000167
234.949000000000167
235.140000000000167
235.318000000000167
235.487000000000168
235.665000000000168
235.799000000000168
235.951000000000168
236.113000000000168
236.266000000000168
236.432000000000168
236.594000000000168
236.760000000000169
236.933000000000169
237.092000000000169
237.246000000000169
237.415000000000169
237.590000000000169
237.76600000000017
237.94400000000017
238.09900000000017
238.26000000000017
238.43600000000017
238.59700000000017
238.74800000000017
322.023000000000244
322.170000000000244
322.326000000000245
322.601000000000245
322.952000000000245
323.080000000000245
323.216000000000245
323.348000000000246
323.484000000000246
323.624000000000246
323.760000000000246
323.902000000000246
324.048000000000246
324.187000000000246
324.330000000000246
324.482000000000247
324.638000000000247
324.787000000000247
324.947000000000247
325.094000000000247
325.262000000000247
325.421000000000247
325.795000000000248
327.142000000000249
327.277000000000249
327.416000000000249
640.441000000000527
640.924000000000528
641.070000000000528
641.216000000000528
641.361000000000528
641.520000000000528
641.674000000000528
641.834000000000528
641.992000000000528
642.151000000000529
642.310000000000529
642.479000000000529
643.043000000000529
643.46100000000053
643.87000000000053
644.24100000000053
644.376000000000531
644.538000000000531
644.683000000000531
644.846000000000531
644.978000000000531
645.114000000000531
645.258000000000531
645.404000000000532
645.562000000000532
645.707000000000532
645.865000000000532
646.019000000000532
646.169000000000532
646.323000000000532
646.484000000000532
646.632000000000533
646.795000000000533
646.964000000000533
647.128000000000533
647.282000000000533
647.442000000000533
647.586000000000534
647.728000000000534
647.893000000000534
648.064000000000534
648.215000000000534
648.504000000000534
648.658000000000534
648.817000000000535
648.983000000000535
649.156000000000535
649.338000000000535
649.515000000000535
649.715000000000535
649.915000000000536
650.062000000000536
650.221000000000536
650.756000000000536
650.904000000000536
651.246000000000537
651.428000000000537
651.617000000000537
651.801000000000537
651.995000000000537
652.149000000000538
652.277000000000538
652.492000000000538
654.068000000000539
654.202000000000539
654.34200000000054
655.706000000000541
655.900000000000541
656.045000000000541
656.188000000000541
656.421000000000541
656.590000000000542
656.744000000000542
656.903000000000542
657.062000000000542
657.211000000000542
657.359000000000542
657.517000000000542
658.059000000000543
742.619000000000618
968.731000000000819
1077.21500000000092
1081.37600000000092
1103.19500000000094
1184.63300000000101
1870.96200000000162
1871.21600000000162
1878.36700000000163
1878.63100000000163
1878.93700000000163
1879.24200000000163
1879.54100000000163
1879.83900000000163
1880.27300000000163
1880.58700000000163
1881.23400000000163
2196.65599999998541
2196.78599999998539
2196.91899999998538
2197.05699999998536
2197.33199999998533
2197.47099999998532
2197.6129999999853
2197.74399999998529
2197.89699999998527
2198.05299999998525
2198.20099999998523
2198.35099999998522
2198.4789999999852
2198.62699999998519
2198.76099999998517
2199.37099999998511
2199.52999999998509
2199.67399999998507
2199.83299999998506
2199.98699999998504
2200.52299999998498
2200.69099999998496
2200.85099999998494
2201.00199999998493
2201.15799999998491
2201.32199999998489
2201.59399999998486
2201.75699999998484
2201.91699999998483
2202.07499999998481
2202.23699999998479
2202.42699999998477
2202.57499999998475
2202.75099999998473
2202.91799999998472
2203.0879999999847
2203.27099999998468
2203.43699999998466
2203.61899999998464
2203.77299999998462
2203.9419999999846
2204.11099999998458
2204.28799999998456
2204.45999999998455
2204.62699999998453
2204.80599999998451
2204.97099999998449
2205.71599999998441
2205.86499999998439
2206.02499999998437
2206.21099999998435
2206.38399999998433
2206.55299999998432
2206.7049999999843
2206.89199999998428
2207.07799999998426
2207.27599999998424
2207.46299999998422
2207.65699999998419
2207.83599999998417
2208.01599999998415
2208.31499999998412
2208.4829999999841
2208.64599999998408
2208.82999999998406
2208.99599999998405
2209.433999999984
2209.67699999998397
2209.78199999998396
2209.90799999998395
2210.03899999998393
2210.16299999998392
2210.2809999999839
2210.38599999998389
2210.49799999998388
2210.61899999998387
2210.71199999998386
2210.91599999998383
2211.07199999998382
2211.2319999999838
2211.39099999998378
2211.55699999998376
2212.57099999998365
2213.20999999998358
2213.34999999998357
2213.50899999998355
2213.65699999998353
2213.80599999998352
2213.9659999999835
2214.14099999998348
2214.66499999998342
2214.98499999998339
2215.07699999998338
2215.37599999998334
2215.51899999998333
2215.85099999998329
2216.01499999998327
2216.18999999998325
2216.34199999998324
2218.60799999998299
2218.72799999998297
2218.88199999998296
2219.86199999998285
2220.19799999998281
2220.50699999998278
2220.97399999998273
2224.8949999999823
2226.48899999998212
2227.82399999998197
2227.99199999998195
2228.4969999999819
2229.00699999998184
2231.28499999998159
2234.22899999998127
2234.36699999998125
2234.62699999998122
2234.69199999998122
2234.98399999998118
2235.03499999998118
2235.15299999998117
2235.52499999998112
2236.25499999998104
2236.72199999998099
2237.5449999999809
2238.02699999998085
2242.30299999998038
2242.67899999998034
2262.83399999997812
2270.79599999997724
2270.99399999997722
2271.31799999997718
2271.56799999997715
2271.81699999997713
2274.49999999997683
2278.03999999997644
2279.45599999997629
2283.18599999997588
2283.43599999997585
2283.45999999997584
2284.00899999997578
2284.38899999997574
2285.19699999997565
2285.79899999997559
2286.5649999999755
2288.70799999997527
2294.37599999997464
2294.7919999999746
2295.59399999997451
2299.3259999999741
2301.52899999997386
2301.79199999997383
2301.9869999999738
2302.41999999997376
2302.70899999997372
2303.22699999997367
2303.72099999997361
2304.17799999997356
2308.3769999999731
2310.27299999997289
2310.47199999997287
2310.62999999997285
2310.64499999997285
2310.80999999997283
2311.0979999999728
2311.33499999997278
2315.11199999997236
2315.34499999997233
2326.29699999997113
2326.37699999997112
2326.65499999997109
2329.11499999997082
2329.2919999999708
2330.34699999997068
2331.27799999997058
2331.40599999997056
2641.40899999993642
2641.79099999993638
2669.98599999993328
2670.35199999993324
2670.6539999999332
2670.80799999993318
2675.60299999993266
2678.02999999993239
2678.12399999993238
2679.19699999993226
2682.00099999993195
2683.45999999993179
2685.65099999993155
2690.27599999993104
2692.4219999999308
2763.59699999992297
2767.90899999992249
2768.02999999992248
2768.14999999992246
2771.06799999992214
2772.11899999992203
2773.56799999992187
2774.59499999992175
2776.31899999992156
3301.07799999986377
3394.13799999985352
3399.47599999985293
3408.19499999985197
1273
-3
18.0979999999999985
18.2149999999999984
18.3179999999999984
18.4469999999999982
18.5799999999999981
18.706999999999998
18.8459999999999979
18.9659999999999978
19.1079999999999977
19.2429999999999976
19.3959999999999974
19.5229999999999973
19.6709999999999972
19.8079999999999971
19.950999999999997
20.0979999999999968
20.4809999999999965
21.2629999999999959
21.4249999999999957
21.5649999999999956
21.7279999999999955
21.8779999999999953
22.0439999999999952
22.1919999999999951
22.3589999999999949
22.5149999999999948
22.6809999999999947
22.8339999999999945
22.9789999999999944
23.1429999999999943
23.2769999999999942
23.455999999999994
23.5929999999999939
23.7279999999999938
23.8679999999999937
24.0569999999999935
24.1789999999999934
24.3519999999999932
24.4879999999999931
24.9379999999999928
25.0939999999999926
25.2549999999999925
25.4319999999999923
26.5889999999999914
26.7189999999999912
27.050999999999991
27.1929999999999908
27.3439999999999907
27.5129999999999906
27.6639999999999904
27.8369999999999903
27.9739999999999902
28.17899999999999
28.2949999999999899
28.4679999999999898
28.6069999999999896
28.7819999999999895
61.4430000000000129
61.557000000000013
61.6980000000000132
61.8150000000000133
61.9430000000000134
62.0970000000000135
62.2170000000000136
62.3700000000000138
62.5060000000000139
62.663000000000014
62.7990000000000141
62.9670000000000143
63.0990000000000144
63.2630000000000145
63.4130000000000147
63.5750000000000148
63.7010000000000149
63.8770000000000151
64.0120000000000152
64.9850000000000161
65.1200000000000162
65.5320000000000166
65.7050000000000167
65.8590000000000168
66.026000000000017
66.1650000000000171
66.3370000000000173
66.4690000000000174
66.9060000000000178
67.191000000000018
67.3480000000000182
67.5070000000000183
67.6740000000000185
67.8300000000000186
68.0030000000000188
68.2110000000000189
68.336000000000019
68.4970000000000192
68.6750000000000194
68.8310000000000195
68.9900000000000196
69.1260000000000198
69.3040000000000199
69.44000000000002
69.6310000000000202
69.7430000000000203
69.9200000000000205
70.0650000000000206
70.2530000000000208
70.4230000000000209
70.563000000000021
70.7440000000000212
70.8660000000000213
76.6310000000000264
76.7480000000000265
77.0270000000000268
77.325000000000027
77.6400000000000273
77.8160000000000275
77.9470000000000276
78.1150000000000277
78.2850000000000279
78.402000000000028
78.5870000000000282
78.7110000000000283
78.8930000000000284
79.0320000000000286
79.1970000000000287
79.3470000000000288
79.521000000000029
79.6470000000000291
79.8300000000000293
79.9640000000000294
80.1450000000000295
80.3070000000000297
80.4690000000000298
80.63300000000003
80.7820000000000301
80.9450000000000302
81.0990000000000304
81.2780000000000305
81.4190000000000307
81.6100000000000308
81.770000000000031
81.9440000000000311
82.0700000000000312
82.2500000000000314
82.3920000000000315
82.5720000000000317
82.7210000000000318
83.4250000000000324
83.6210000000000326
83.7710000000000328
83.9260000000000329
84.065000000000033
84.2380000000000332
84.3930000000000333
84.5760000000000335
84.7200000000000336
84.8860000000000337
85.0630000000000339
85.213000000000034
85.3900000000000342
86.2330000000000349
86.3840000000000351
86.5430000000000352
86.7090000000000354
86.8770000000000355
87.0460000000000357
87.2320000000000358
87.3580000000000359
87.5360000000000361
87.6610000000000362
87.8680000000000364
88.0070000000000365
88.1830000000000367
88.3150000000000368
88.4820000000000369
88.6350000000000371
88.8140000000000372
88.9710000000000374
89.1640000000000376
89.3240000000000377
89.4880000000000378
89.668000000000038
89.8060000000000381
89.9820000000000383
90.1590000000000384
91.8320000000000399
91.97600000000004
92.1070000000000402
92.2860000000000403
92.4330000000000404
92.5950000000000406
92.7430000000000407
92.9130000000000409
108.1310000000000544
108.2750000000000545
108.4080000000000546
108.5390000000000548
108.6790000000000549
108.831000000000055
108.9640000000000551
109.1340000000000553
109.2640000000000554
109.4460000000000556
109.5510000000000556
109.7560000000000558
109.8620000000000559
110.0280000000000561
110.1630000000000562
110.3310000000000563
110.4600000000000565
110.7570000000000567
110.9050000000000568
111.089000000000057
111.2510000000000572
111.3830000000000573
111.5600000000000574
111.8140000000000577
111.9970000000000578
112.1230000000000579
112.2800000000000581
112.8160000000000586
112.9830000000000587
113.1160000000000588
113.289000000000059
113.4220000000000591
113.5930000000000592
113.7580000000000594
113.9240000000000595
114.0880000000000597
114.2140000000000598
114.39500000000006
114.5320000000000601
114.7090000000000602
114.8510000000000604
115.0390000000000605
115.1960000000000607
115.3520000000000608
115.529000000000061
115.6570000000000611
115.8130000000000612
115.9890000000000614
116.1160000000000615
116.3020000000000616
116.4510000000000618
116.5940000000000619
116.719000000000062
116.8870000000000622
117.0630000000000623
117.2040000000000624
117.3920000000000626
117.5210000000000627
117.6910000000000629
117.846000000000063
118.0200000000000632
118.1550000000000633
118.3350000000000634
118.4960000000000636
118.6880000000000638
118.8410000000000639
118.979000000000064
119.1420000000000642
120.092000000000065
120.2370000000000652
120.3790000000000653
120.5380000000000654
120.6980000000000656
120.8620000000000657
121.0340000000000658
121.191000000000066
121.3440000000000661
121.4960000000000663
121.6460000000000664
126.6680000000000709
126.782000000000071
126.9210000000000711
127.0680000000000712
127.2080000000000713
127.3590000000000715
127.5090000000000716
127.6730000000000718
127.8420000000000719
128.002000000000072
128.156000000000072
128.323000000000072
128.494000000000072
128.645000000000073
128.822000000000073
128.973000000000073
129.157000000000073
129.328000000000073
129.504000000000073
129.670000000000074
130.573000000000074
130.879000000000075
131.011000000000075
131.149000000000075
131.302000000000075
131.452000000000075
131.625000000000075
131.787000000000075
131.960000000000076
132.140000000000076
132.327000000000076
132.486000000000076
132.655000000000076
132.816000000000076
132.979000000000076
133.158000000000077
133.898000000000077
134.052000000000077
134.203000000000078
134.371000000000078
134.478000000000078
134.640000000000078
134.792000000000078
134.959000000000078
136.277000000000079
136.41400000000008
136.58000000000008
138.185000000000081
138.310000000000081
138.456000000000081
197.839000000000134
197.947000000000134
198.074000000000134
198.214000000000134
198.350000000000135
199.061000000000135
199.071000000000135
199.366000000000135
199.854000000000136
200.035000000000136
200.152000000000136
200.278000000000136
200.421000000000136
212.726000000000147
212.843000000000147
243.619000000000175
243.738000000000175
243.877000000000175
244.018000000000175
244.182000000000175
244.322000000000175
244.461000000000175
244.625000000000176
244.772000000000176
244.914000000000176
245.070000000000176
245.215000000000176
245.687000000000177
246.066000000000177
246.200000000000177
246.732000000000178
246.873000000000178
247.008000000000178
247.158000000000178
247.303000000000178
247.444000000000178
247.589000000000178
247.750000000000178
247.920000000000179
248.084000000000179
248.231000000000179
248.396000000000179
249.36100000000018
249.48700000000018
250.287000000000181
250.425000000000181
250.569000000000181
250.635000000000181
250.729000000000181
250.874000000000181
251.037000000000181
251.190000000000181
255.801000000000186
255.981000000000186
256.044000000000186
298.008000000000223
298.121000000000223
298.251000000000223
298.818000000000224
299.164000000000224
299.334000000000224
299.515000000000224
299.639000000000224
299.775000000000225
299.909000000000225
300.579000000000225
300.713000000000225
300.857000000000226
301.003000000000226
301.156000000000226
301.308000000000226
301.451000000000226
301.608000000000226
302.685000000000227
303.011000000000227
303.279000000000228
303.473000000000228
304.570000000000229
304.911000000000229
305.131000000000229
305.250000000000229
305.43500000000023
305.73200000000023
305.82700000000023
305.98700000000023
306.737000000000231
307.271000000000231
307.621000000000232
308.175000000000232
308.467000000000232
309.218000000000233
309.681000000000233
309.970000000000234
310.088000000000234
310.247000000000234
310.330000000000234
310.633000000000234
310.734000000000234
310.968000000000235
311.378000000000235
311.693000000000235
311.861000000000235
355.863000000000274
355.948000000000274
356.070000000000275
356.161000000000275
356.492000000000275
356.620000000000275
356.779000000000275
357.029000000000275
357.135000000000276
357.424000000000276
357.654000000000276
357.770000000000276
357.953000000000276
359.436000000000278
359.556000000000278
359.818000000000278
359.960000000000278
367.964000000000285
368.092000000000285
368.458000000000286
368.745000000000286
369.160000000000286
371.096000000000288
371.149000000000288
371.288000000000288
371.344000000000288
371.466000000000288
371.713000000000288
372.299000000000289
372.359000000000289
372.95500000000029
373.58100000000029
374.025000000000291
388.538000000000303
389.193000000000304
389.383000000000304
389.675000000000304
390.251000000000305
390.432000000000305
390.894000000000306
391.200000000000306
391.814000000000306
391.941000000000306
392.383000000000307
392.520000000000307
392.840000000000307
393.277000000000308
393.524000000000308
393.908000000000308
394.951000000000309
395.045000000000309
395.174000000000309
395.257000000000309
395.38600000000031
395.58700000000031
395.90400000000031
396.05000000000031
396.14800000000031
396.37000000000031
396.51000000000031
396.638000000000311
396.772000000000311
397.028000000000311
397.162000000000311
397.316000000000311
397.449000000000311
397.592000000000311
397.749000000000312
397.894000000000312
398.053000000000312
398.190000000000312
398.338000000000312
398.492000000000312
398.618000000000312
398.775000000000313
398.921000000000313
399.070000000000313
399.216000000000313
399.362000000000313
399.527000000000313
399.690000000000313
399.852000000000314
400.009000000000314
400.185000000000314
400.318000000000314
400.476000000000314
400.652000000000314
400.806000000000314
400.973000000000314
401.146000000000315
401.310000000000315
401.461000000000315
401.644000000000315
401.803000000000315
401.961000000000315
402.138000000000316
402.307000000000316
402.459000000000316
402.630000000000316
402.795000000000316
402.962000000000316
403.138000000000316
403.311000000000317
403.491000000000317
403.665000000000317
403.862000000000317
404.055000000000317
404.244000000000317
404.416000000000318
404.560000000000318
404.709000000000318
404.870000000000318
405.354000000000318
405.709000000000319
406.336000000000319
406.474000000000319
406.87300000000032
407.23800000000032
407.865000000000321
407.996000000000321
408.166000000000321
408.302000000000321
408.448000000000321
408.597000000000321
408.748000000000321
408.899000000000322
409.061000000000322
409.224000000000322
409.397000000000322
409.561000000000322
409.717000000000322
409.898000000000322
410.051000000000323
410.145000000000323
410.171000000000323
410.257000000000323
410.378000000000323
410.541000000000323
411.130000000000324
411.535000000000324
411.928000000000324
412.366000000000325
412.504000000000325
412.658000000000325
412.953000000000325
413.363000000000326
413.947000000000326
414.383000000000326
414.525000000000326
415.041000000000327
415.153000000000327
415.867000000000328
416.269000000000328
416.478000000000328
416.953000000000329
417.306000000000329
417.538000000000329
418.85400000000033
419.02600000000033
419.257000000000331
419.389000000000331
419.535000000000331
419.691000000000331
419.830000000000331
419.976000000000331
420.120000000000332
420.264000000000332
420.420000000000332
420.563000000000332
420.712000000000332
420.859000000000332
421.368000000000333
421.407000000000333
422.535000000000334
422.814000000000334
423.302000000000334
423.654000000000335
423.851000000000335
424.386000000000335
424.899000000000336
425.838000000000337
425.958000000000337
426.004000000000337
426.118000000000337
544.104000000000442
545.088000000000442
545.227000000000443
545.258000000000443
545.458000000000443
545.731000000000443
546.190000000000443
546.278000000000444
546.374000000000444
546.494000000000444
548.435000000000445
548.658000000000446
549.016000000000446
549.073000000000446
549.475000000000446
549.877000000000447
549.894000000000447
549.959000000000447
550.167000000000447
550.321000000000447
550.513000000000447
550.765000000000447
550.969000000000448
551.114000000000448
551.272000000000448
551.460000000000448
552.284000000000449
552.517000000000449
552.779000000000449
553.39700000000045
554.06100000000045
554.522000000000451
557.768000000000454
558.112000000000454
558.512000000000454
559.412000000000455
559.760000000000455
560.503000000000456
560.999000000000457
561.236000000000457
561.845000000000457
562.190000000000458
562.263000000000458
562.824000000000458
563.148000000000458
578.920000000000472
579.050000000000473
579.162000000000473
579.288000000000473
579.433000000000473
579.533000000000473
579.665000000000473
579.807000000000473
579.917000000000473
580.066000000000474
580.200000000000474
580.333000000000474
580.485000000000474
580.623000000000474
580.785000000000474
580.889000000000474
581.006000000000474
581.160000000000474
581.316000000000475
581.466000000000475
581.624000000000475
581.784000000000475
581.938000000000475
582.092000000000475
582.258000000000475
582.423000000000476
582.572000000000476
582.732000000000476
582.896000000000476
583.071000000000476
583.260000000000476
583.410000000000476
584.187000000000477
584.323000000000477
584.495000000000477
584.954000000000478
585.113000000000478
585.561000000000478
585.702000000000479
585.848000000000479
585.996000000000479
586.153000000000479
586.99200000000048
587.14000000000048
587.41800000000048
587.56700000000048
587.72200000000048
587.87400000000048
588.037000000000481
588.222000000000481
588.378000000000481
588.537000000000481
588.709000000000481
589.626000000000482
589.763000000000482
589.926000000000482
590.077000000000482
590.235000000000482
590.393000000000483
590.558000000000483
590.753000000000483
590.929000000000483
591.783000000000484
591.918000000000484
592.077000000000484
592.869000000000485
593.068000000000485
593.362000000000485
593.883000000000486
594.022000000000486
594.177000000000486
594.331000000000486
594.775000000000487
594.886000000000487
595.148000000000487
595.416000000000487
596.119000000000488
596.268000000000488
662.756000000000547
662.882000000000547
663.020000000000547
663.521000000000548
663.806000000000548
663.932000000000548
664.070000000000548
664.217000000000548
664.357000000000548
664.508000000000548
664.664000000000549
664.820000000000549
664.967000000000549
665.128000000000549
665.283000000000549
666.67200000000055
667.277000000000551
667.417000000000551
667.575000000000551
667.753000000000551
667.919000000000552
668.077000000000552
668.644000000000552
668.777000000000552
668.943000000000552
669.115000000000553
669.305000000000553
670.006000000000553
670.147000000000554
671.176000000000554
671.309000000000555
671.458000000000555
672.118000000000555
672.429000000000556
672.595000000000556
748.432000000000623
748.548000000000623
748.679000000000623
748.824000000000623
748.960000000000624
749.128000000000624
749.936000000000624
750.079000000000625
778.20300000000065
778.32900000000065
778.82400000000065
815.558000000000683
815.969000000000683
816.076000000000683
816.292000000000683
816.699000000000684
816.939000000000684
818.044000000000685
818.332000000000685
819.208000000000686
819.267000000000686
819.545000000000686
820.139000000000687
820.609000000000687
820.686000000000687
821.097000000000688
821.471000000000688
821.562000000000688
821.796000000000688
821.976000000000688
822.066000000000688
822.235000000000689
822.576000000000689
1892.07600000000164
1892.18800000000164
1892.30200000000164
1892.41200000000164
1892.55100000000164
1893.35000000000164
1893.46800000000164
1893.59900000000164
1893.83000000000164
1893.96400000000164
1894.24200000000164
1894.36900000000164
1894.50300000000164
1894.64100000000164
1894.78500000000164
1895.05500000000164
1895.18500000000164
1895.34100000000164
1895.50600000000164
1895.65600000000164
1895.79800000000164
1895.94000000000164
1896.09800000000164
1896.25300000000164
1896.42000000000164
1896.55600000000164
1896.72100000000164
1896.88000000000164
1897.04600000000164
1897.20200000000164
1897.35100000000164
1897.50200000000164
1897.68000000000164
1897.94300000000164
1898.08000000000164
1898.24300000000164
1898.40300000000164
1898.55500000000164
1898.70200000000164
1898.86300000000164
1899.02400000000164
1899.18500000000164
1899.34900000000165
1899.53300000000165
1899.67600000000165
1899.83700000000165
1900.02200000000165
1900.24700000000165
1900.36400000000165
1900.52600000000165
1900.84800000000165
1901.01000000000165
1901.17700000000165
1901.34000000000165
1901.50900000000165
1901.67300000000165
1901.84500000000165
1902.02400000000165
1902.19500000000165
1902.38600000000165
1902.55300000000165
1903.01500000000165
1903.14600000000165
1903.31600000000165
1903.72200000000165
1903.87100000000165
1904.03700000000165
1904.20100000000165
1904.37300000000165
1904.54300000000165
1904.71100000000165
1904.88500000000165
1905.04900000000165
1905.85800000000165
1905.98500000000165
1906.14900000000165
1906.33000000000165
1906.47700000000165
1906.63200000000165
1906.79600000000165
1906.96300000000165
1907.14000000000165
1907.31400000000165
1907.47200000000165
1908.47000000000165
1908.65500000000165
1908.77600000000165
1908.92700000000165
1909.08700000000165
1909.25600000000165
1909.42600000000165
1909.59800000000165
1912.89800000000166
1913.01800000000166
1913.15700000000166
1913.31200000000166
1913.54500000000166
1913.67800000000166
1913.94900000000166
1914.10000000000166
1914.25700000000166
1914.41800000000166
1914.57800000000166
1914.73000000000166
1914.89700000000166
1915.06800000000166
1915.25400000000166
1915.88600000000166
1919.85500000000166
1919.99700000000166
1920.14900000000166
1920.28800000000166
1924.30900000000167
1928.34500000000167
1928.50100000000167
1928.67300000000167
1940.27700000000168
1951.27300000000169
1951.43200000000169
1952.67500000000169
1952.81600000000169
1952.96500000000169
1953.17000000000169
1953.35100000000169
1953.55400000000169
1953.75200000000169
1953.88700000000169
1954.04900000000169
1954.85400000000169
1954.97800000000169
1955.7910000000017
1955.9230000000017
1956.0880000000017
1956.2280000000017
1956.3790000000017
1957.0770000000017
1957.3450000000017
1957.6960000000017
1957.9010000000017
1958.1280000000017
1958.2700000000017
1958.4320000000017
1958.6100000000017
1959.7140000000017
1959.9540000000017
1960.1160000000017
1961.1530000000017
1961.1800000000017
1961.9310000000017
1962.0350000000017
1962.2020000000017
1962.3550000000017
1962.5020000000017
1962.6600000000017
1962.8220000000017
1963.0090000000017
1963.1820000000017
1963.3440000000017
1963.5180000000017
1963.6830000000017
1964.5140000000017
1964.6110000000017
1968.15200000000171
1968.17800000000171
1968.31000000000171
1968.53700000000171
1969.37000000000171
1970.11700000000171
1970.40800000000171
1970.56400000000171
1971.22200000000171
1971.25900000000171
1971.30200000000171
1971.36600000000171
1971.50900000000171
1971.78700000000171
1973.50000000000171
1973.87000000000171
1974.03100000000171
1974.19400000000171
1975.36100000000171
1975.50500000000171
1978.42200000000172
1984.80500000000172
1991.01900000000173
1992.99500000000173
1993.15100000000173
1993.32300000000173
1996.02900000000173
2001.55900000000174
2001.83000000000174
2005.37000000000174
2005.84600000000174
2008.82200000000174
2010.14900000000174
2011.42400000000174
2013.66900000000175
2014.30500000000175
2014.81000000000175
2015.47800000000175
2016.23400000000175
2018.45800000000175
2018.62900000000175
2018.81100000000175
2020.07000000000175
2024.02200000000176
2024.30000000000176
2024.31000000000176
2024.32600000000176
2024.74400000000176
2025.15300000000176
2025.95000000000176
2026.87800000000176
2026.99300000000176
2027.13500000000176
2027.27100000000176
2027.42400000000176
2027.60000000000176
2027.74300000000176
2027.93800000000176
2028.08900000000176
2028.27100000000176
2028.96900000000176
2033.46600000000176
2033.96700000000176
2034.35500000000177
2035.56100000000177
2035.68600000000177
2037.04900000000177
2037.47300000000177
2037.63000000000177
2039.39600000000177
2039.72100000000177
2044.47900000000177
2046.03100000000178
2046.20300000000178
2051.4550000000014
2051.87300000000135
2053.34500000000119
2053.46200000000118
2055.11100000000099
2055.15100000000099
2055.31400000000097
2055.86100000000091
2055.9810000000009
2056.21600000000087
2056.8780000000008
2057.02400000000078
2057.20700000000076
2058.11400000000066
2058.16200000000066
2059.18900000000054
2059.33600000000053
2060.5210000000004
2060.59700000000039
2061.53000000000029
2061.66000000000027
2061.84600000000025
2062.14500000000022
2063.41600000000008
2065.52799999999985
2066.75899999999971
2066.95899999999969
2067.69299999999961
2068.6789999999995
2069.41699999999942
2069.67999999999939
2070.4719999999993
2070.60899999999929
2071.3749999999992
2072.83299999999904
2073.33299999999899
2074.44399999999886
2074.92399999999881
2075.73599999999872
2075.84699999999871
2076.52499999999864
2077.31899999999855
2077.55799999999852
2077.92299999999848
2078.76799999999839
2078.91099999999837
2079.05899999999836
2079.21699999999834
2079.37799999999832
2079.5359999999983
2079.70099999999829
2079.90299999999826
2081.70799999999806
2081.89999999999804
2133.96399999999231
2136.21699999999206
2137.53599999999192
2139.10099999999174
2139.60599999999169
2139.74399999999167
2139.90899999999165
2141.00299999999153
2141.63599999999146
2142.2209999999914
2142.53799999999137
2142.82899999999133
2142.96199999999132
2144.0219999999912
2145.45399999999104
2145.48899999999104
2146.48699999999093
2148.73199999999068
2149.29099999999062
2152.41399999999028
2153.06499999999021
2153.65999999999014
2154.38499999999006
2154.52099999999005
2155.03799999998999
2155.73099999998991
2155.89499999998989
2156.02699999998988
2156.7509999999898
2166.87799999998868
2166.90399999998868
2167.14999999998865
2167.19499999998865
2167.6149999999886
2168.08899999998855
2168.20399999998854
2168.33899999998852
2168.47299999998851
2168.62199999998849
2168.75999999998848
2168.91999999998846
2169.07299999998844
2169.23899999998842
2169.39899999998841
2169.57299999998839
2169.74299999998837
2169.89299999998835
2171.08299999998822
2171.64899999998816
2172.57999999998806
2172.90399999998802
2173.03699999998801
2175.31899999998776
2406.69699999996227
2408.79599999996204
2513.70499999995049
2514.11999999995044
2514.26699999995043
2514.39899999995041
2514.80199999995037
2514.92199999995035
2515.05499999995034
2515.19299999995032
2515.73199999995026
2515.85499999995025
2516.10799999995022
2516.60599999995017
2517.04099999995012
2517.06199999995012
2517.63199999995005
2517.82699999995003
2517.97899999995002
2536.14199999994802
2536.254999999948
2536.38099999994799
2536.40899999994799
2536.66399999994796
2536.80599999994794
2536.93499999994793
2537.06999999994791
2537.2139999999479
2539.78899999994761
2540.97499999994748
2541.16099999994746
2542.47499999994732
2542.6779999999473
2542.6909999999473
2543.84499999994717
2544.4459999999471
2545.16099999994702
2545.42799999994699
2545.56399999994698
2545.85899999994695
2545.99099999994693
3089.36199999988709
3093.51099999988663
3093.68699999988661
3093.84599999988659
3094.35899999988654
3094.49699999988652
3094.6619999998865
3094.81999999988649
3095.19999999988644
3095.50299999988641
3096.5229999998863
3106.69199999988518
3106.86599999988516
3313.00699999986246
3313.11699999986244
3313.24999999986243
3313.46099999986241
3313.58999999986239
3313.71399999986238
3313.85299999986236
3313.98399999986235
3314.12399999986233
3314.25799999986232
3314.4029999998623
3314.54799999986229
3314.69599999986227
3314.85099999986225
3314.98699999986224
3315.14699999986222
3315.3049999998622
3315.45399999986219
3315.61099999986217
3315.77899999986215
3315.93699999986213
3316.09399999986212
3316.2409999998621
3316.41099999986208
3316.56599999986206
3316.73399999986205
3316.90099999986203
3317.05999999986201
3317.24499999986199
3318.0519999998619
3318.17899999986189
3318.34399999986187
3319.0149999998618
3319.15799999986178
3319.36299999986176
3320.21499999986166
3320.33699999986165
3320.47699999986163
3320.62599999986162
3320.7849999998616
3320.99499999986158
3321.12699999986156
3321.27699999986155
3321.43799999986153
3321.62899999986151
3321.77899999986149
3321.93999999986147
3322.10599999986145
3322.27499999986144
3322.42399999986142
3322.5909999998614
3322.75499999986138
3322.92499999986136
3324.30699999986121
3324.67099999986117
3324.80899999986116
3324.95899999986114
3325.12199999986112
3325.3039999998611
3325.59299999986107
3325.79999999986105
3326.14499999986101
3326.15499999986101
3326.44399999986098
3326.71899999986095
3326.85499999986093
3327.01899999986091
3328.27199999986078
3413.15999999985143
3413.27799999985141
3413.4069999998514
3413.53599999985138
3414.14699999985132
3414.39899999985129
3414.52099999985128
3414.65199999985126
3414.80499999985125
-4
18.1299999999999985
18.2409999999999984
18.3539999999999983
18.4929999999999982
18.6209999999999981
18.758999999999998
18.8829999999999979
19.0249999999999978
19.1589999999999976
19.3069999999999975
19.4329999999999974
19.5779999999999973
19.7129999999999972
19.8539999999999971
20.0059999999999969
20.1289999999999968
20.5549999999999965
21.3199999999999958
21.4689999999999957
21.6269999999999956
21.7849999999999954
21.9429999999999953
22.0929999999999952
22.258999999999995
22.4179999999999949
22.5829999999999947
22.7339999999999946
22.8679999999999945
23.0489999999999944
23.1829999999999942
23.3549999999999941
23.495999999999994
23.6319999999999939
23.7709999999999937
23.9449999999999936
24.0829999999999935
24.2489999999999933
24.3949999999999932
24.5649999999999931
24.9859999999999927
25.1539999999999926
25.3289999999999924
25.4549999999999923
26.6359999999999913
26.7919999999999912
27.0909999999999909
27.2499999999999908
27.4149999999999907
27.5689999999999905
27.7419999999999904
27.8759999999999903
28.0549999999999901
28.20699999999999
28.3689999999999898
28.5089999999999897
28.6839999999999896
28.8429999999999894
61.476000000000013
61.6090000000000131
61.7240000000000132
61.8600000000000133
62.0080000000000134
62.1290000000000135
62.2830000000000137
62.4140000000000138
62.5700000000000139
62.700000000000014
62.8690000000000142
63.0010000000000143
63.1650000000000145
63.3190000000000146
63.4760000000000147
63.6050000000000148
63.772000000000015
63.9160000000000151
64.0990000000000153
65.0280000000000161
65.1990000000000163
65.5950000000000166
65.7650000000000168
65.9290000000000169
66.070000000000017
66.2410000000000172
66.3790000000000173
66.5450000000000175
66.9740000000000178
67.2490000000000181
67.4130000000000182
67.5750000000000184
67.7340000000000185
67.9060000000000187
68.0890000000000188
68.252000000000019
68.4020000000000191
68.5750000000000193
68.7380000000000194
68.8910000000000195
69.0270000000000197
69.2020000000000198
69.3450000000000199
69.5250000000000201
69.6520000000000202
69.8190000000000204
69.9650000000000205
70.1330000000000206
70.3270000000000208
70.4710000000000209
70.6480000000000211
70.7720000000000212
70.9570000000000214
76.6680000000000264
76.8070000000000266
77.0990000000000268
77.3990000000000271
77.7090000000000274
77.8570000000000275
78.0230000000000276
78.1860000000000278
78.3080000000000279
78.476000000000028
78.6130000000000282
78.7990000000000283
78.9250000000000284
79.1020000000000286
79.2570000000000288
79.4240000000000289
79.559000000000029
79.7350000000000292
79.8740000000000293
80.0510000000000294
80.2170000000000296
80.3800000000000297
80.5420000000000299
80.69700000000003
80.8570000000000302
81.0040000000000303
81.1790000000000305
81.3280000000000306
81.4990000000000307
81.6840000000000309
81.852000000000031
81.9760000000000312
82.1480000000000313
82.2980000000000314
82.4750000000000316
82.6330000000000318
82.8220000000000319
83.4980000000000325
83.6850000000000327
83.8330000000000328
83.9720000000000329
84.1370000000000331
84.3020000000000332
84.4810000000000334
84.6300000000000335
84.7940000000000337
84.9640000000000338
85.139000000000034
85.2970000000000341
85.4150000000000342
86.297000000000035
86.4530000000000351
86.6210000000000353
86.7880000000000354
86.9540000000000356
87.1300000000000357
87.2720000000000359
87.442000000000036
87.5700000000000361
87.7490000000000363
87.9410000000000365
88.0930000000000366
88.2390000000000367
88.3890000000000369
88.550000000000037
88.7220000000000372
88.8870000000000373
89.0540000000000374
89.2370000000000376
89.4010000000000378
89.5750000000000379
89.719000000000038
89.8880000000000382
90.0550000000000383
90.2150000000000385
91.89300000000004
92.0320000000000401
92.1840000000000402
92.3460000000000404
92.5000000000000405
92.6540000000000406
92.8220000000000408
92.9770000000000409
108.1770000000000544
108.3070000000000546
108.4400000000000547
108.5950000000000548
108.7430000000000549
108.8810000000000551
109.0390000000000552
109.1800000000000553
109.3460000000000555
109.4660000000000556
109.6330000000000557
109.7690000000000558
109.936000000000056
110.0770000000000561
110.2430000000000563
110.3770000000000564
110.5550000000000565
110.8180000000000568
110.9880000000000569
111.1730000000000571
111.2990000000000572
111.4660000000000574
111.5960000000000575
111.9110000000000578
112.0510000000000579
112.199000000000058
112.3400000000000581
112.8860000000000586
113.0250000000000587
113.1930000000000589
113.338000000000059
113.5060000000000592
113.6710000000000593
113.8410000000000595
113.9950000000000596
114.1240000000000597
114.2950000000000599
114.43800000000006
114.6100000000000601
114.7650000000000603
114.9300000000000604
115.1100000000000606
115.2650000000000607
115.4370000000000609
115.582000000000061
115.7230000000000611
115.8940000000000613
116.0420000000000614
116.2070000000000616
116.3680000000000617
116.5090000000000618
116.649000000000062
116.7970000000000621
116.9720000000000622
117.1270000000000624
117.2890000000000625
117.4380000000000627
117.6020000000000628
117.765000000000063
117.9380000000000631
118.0780000000000632
118.2450000000000634
118.4140000000000635
118.5850000000000637
118.7520000000000638
118.898000000000064
119.0510000000000641
119.1850000000000642
120.1510000000000651
120.2950000000000652
120.4540000000000653
120.6110000000000655
120.7750000000000656
120.9390000000000658
121.1060000000000659
121.256000000000066
121.4070000000000662
121.5570000000000663
121.7230000000000665
126.7080000000000709
126.830000000000071
126.9820000000000711
127.1280000000000713
127.2780000000000714
127.4260000000000715
127.5890000000000717
127.7490000000000718
127.915000000000072
128.071000000000072
128.230000000000072
128.399000000000072
128.553000000000073
128.727000000000073
128.881000000000073
129.057000000000073
129.233000000000073
129.399000000000073
129.575000000000073
129.738000000000074
130.637000000000074
130.915000000000075
131.064000000000075
131.220000000000075
131.369000000000075
131.536000000000075
131.698000000000075
131.867000000000075
132.048000000000076
132.228000000000076
132.395000000000076
132.566000000000076
132.729000000000076
132.890000000000076
133.062000000000077
133.228000000000077
133.949000000000077
134.103000000000077
134.262000000000078
134.400000000000078
134.556000000000078
134.704000000000078
134.872000000000078
135.036000000000078
136.330000000000079
136.48100000000008
136.62700000000008
138.241000000000081
138.361000000000081
138.494000000000081
197.875000000000134
197.992000000000134
198.123000000000134
198.265000000000134
198.405000000000135
199.066000000000135
199.077000000000135
199.556000000000136
199.909000000000136
200.080000000000136
200.202000000000136
200.325000000000136
200.465000000000136
212.768000000000147
212.888000000000147
243.665000000000175
243.793000000000175
243.930000000000175
244.080000000000175
244.243000000000175
244.375000000000175
244.541000000000176
244.689000000000176
244.830000000000176
244.981000000000176
245.120000000000176
245.241000000000176
245.761000000000177
246.117000000000177
246.259000000000177
246.784000000000178
246.923000000000178
247.072000000000178
247.221000000000178
247.362000000000178
247.501000000000178
247.667000000000178
247.828000000000178
248.000000000000179
248.146000000000179
248.313000000000179
248.476000000000179
249.40000000000018
249.53000000000018
250.339000000000181
250.484000000000181
250.623000000000181
250.648000000000181
250.792000000000181
250.948000000000181
251.115000000000181
251.264000000000182
255.868000000000186
256.037000000000186
256.062000000000186
298.048000000000223
298.165000000000223
298.305000000000223
298.910000000000224
299.304000000000224
299.357000000000224
299.568000000000224
299.691000000000224
299.825000000000225
299.992000000000225
300.623000000000225
300.778000000000225
300.914000000000226
301.068000000000226
301.227000000000226
301.372000000000226
301.530000000000226
301.683000000000226
302.795000000000227
303.101000000000228
303.342000000000228
303.506000000000228
304.745000000000229
304.945000000000229
305.188000000000229
305.35300000000023
305.58800000000023
305.78600000000023
305.97300000000023
306.06700000000023
306.783000000000231
307.332000000000231
308.056000000000232
308.204000000000232
308.515000000000232
309.630000000000233
309.872000000000234
310.007000000000234
310.134000000000234
310.269000000000234
310.395000000000234
310.689000000000234
310.811000000000234
311.027000000000235
311.515000000000235
311.854000000000235
311.991000000000235
355.882000000000274
355.993000000000275
356.145000000000275
356.218000000000275
356.545000000000275
356.677000000000275
356.798000000000275
357.133000000000276
357.149000000000276
357.497000000000276
357.665000000000276
357.895000000000276
358.084000000000276
359.468000000000278
359.636000000000278
359.880000000000278
360.001000000000278
368.028000000000285
368.141000000000285
368.595000000000286
368.784000000000286
369.899000000000287
371.105000000000288
371.230000000000288
371.321000000000288
371.366000000000288
371.524000000000288
372.148000000000289
372.353000000000289
372.93500000000029
373.13700000000029
373.63800000000029
374.337000000000291
388.573000000000303
389.203000000000304
389.536000000000304
389.722000000000304
390.270000000000305
390.452000000000305
391.150000000000306
391.467000000000306
391.865000000000306
391.992000000000306
392.495000000000307
392.542000000000307
392.977000000000307
393.481000000000308
393.887000000000308
394.140000000000308
394.976000000000309
395.083000000000309
395.206000000000309
395.305000000000309
395.42000000000031
395.60800000000031
395.97300000000031
396.07800000000031
396.19200000000031
396.42800000000031
396.560000000000311
396.701000000000311
396.834000000000311
397.099000000000311
397.230000000000311
397.360000000000311
397.507000000000311
397.666000000000312
397.813000000000312
397.965000000000312
398.105000000000312
398.254000000000312
398.409000000000312
398.520000000000312
398.679000000000312
398.832000000000313
398.981000000000313
399.130000000000313
399.272000000000313
399.439000000000313
399.606000000000313
399.763000000000313
399.927000000000314
400.081000000000314
400.240000000000314
400.387000000000314
400.556000000000314
400.727000000000314
400.885000000000314
401.056000000000315
401.234000000000315
401.370000000000315
401.546000000000315
401.711000000000315
401.867000000000315
402.039000000000315
402.212000000000316
402.369000000000316
402.533000000000316
402.712000000000316
402.876000000000316
403.037000000000316
403.216000000000316
403.398000000000317
403.563000000000317
403.753000000000317
403.951000000000317
404.143000000000317
404.330000000000317
404.473000000000318
404.622000000000318
404.777000000000318
404.942000000000318
405.426000000000318
405.868000000000319
406.392000000000319
406.524000000000319
407.17100000000032
407.43300000000032
407.920000000000321
408.060000000000321
408.215000000000321
408.366000000000321
408.513000000000321
408.668000000000321
408.821000000000321
408.972000000000322
409.143000000000322
409.309000000000322
409.471000000000322
409.630000000000322
409.800000000000322
409.956000000000322
410.144000000000323
410.151000000000323
410.190000000000323
410.298000000000323
410.452000000000323
410.608000000000323
411.235000000000324
411.662000000000324
412.006000000000324
412.414000000000325
412.570000000000325
412.719000000000325
413.039000000000325
413.458000000000326
413.987000000000326
414.445000000000326
414.588000000000327
415.077000000000327
415.231000000000327
415.973000000000328
416.286000000000328
416.571000000000328
417.218000000000329
417.487000000000329
418.53700000000033
418.90400000000033
419.058000000000331
419.314000000000331
419.444000000000331
419.595000000000331
419.752000000000331
419.903000000000331
420.043000000000331
420.188000000000332
420.335000000000332
420.484000000000332
420.627000000000332
420.768000000000332
420.918000000000332
421.400000000000333
421.414000000000333
422.779000000000334
423.112000000000334
423.627000000000335
423.700000000000335
423.906000000000335
424.758000000000336
424.947000000000336
425.919000000000337
425.975000000000337
426.023000000000337
426.216000000000337
544.124000000000442
545.113000000000442
545.232000000000443
545.299000000000443
545.618000000000443
545.799000000000443
546.248000000000444
546.322000000000444
546.441000000000444
546.511000000000444
548.514000000000445
548.701000000000446
549.070000000000446
549.142000000000446
549.571000000000446
549.891000000000447
549.948000000000447
549.987000000000447
550.216000000000447
550.361000000000447
550.587000000000447
550.811000000000448
551.106000000000448
551.153000000000448
551.370000000000448
551.537000000000448
552.328000000000449
552.578000000000449
553.23400000000045
553.99600000000045
554.437000000000451
554.578000000000451
557.804000000000454
558.282000000000454
558.675000000000455
559.692000000000455
559.854000000000456
560.836000000000456
561.155000000000457
561.696000000000457
562.168000000000458
562.220000000000458
562.598000000000458
563.082000000000458
563.839000000000459
578.973000000000473
579.085000000000473
579.215000000000473
579.345000000000473
579.456000000000473
579.585000000000473
579.719000000000473
579.839000000000473
579.978000000000473
580.111000000000474
580.243000000000474
580.394000000000474
580.534000000000474
580.679000000000474
580.802000000000474
580.912000000000474
581.071000000000474
581.221000000000475
581.377000000000475
581.537000000000475
581.698000000000475
581.847000000000475
582.002000000000475
582.163000000000475
582.336000000000476
582.483000000000476
582.635000000000476
582.805000000000476
582.976000000000476
583.159000000000476
583.326000000000476
583.490000000000477
584.237000000000477
584.397000000000477
584.543000000000478
585.032000000000478
585.141000000000478
585.611000000000478
585.764000000000479
585.909000000000479
586.062000000000479
586.205000000000479
587.05000000000048
587.21400000000048
587.47800000000048
587.63700000000048
587.79000000000048
587.95000000000048
588.122000000000481
588.291000000000481
588.447000000000481
588.612000000000481
588.779000000000481
589.682000000000482
589.833000000000482
589.991000000000482
590.154000000000482
590.310000000000483
590.473000000000483
590.648000000000483
590.821000000000483
590.949000000000483
591.892000000000484
592.018000000000484
592.241000000000484
592.917000000000485
593.263000000000485
593.413000000000485
593.926000000000486
594.088000000000486
594.243000000000486
594.396000000000486
594.827000000000487
594.948000000000487
595.271000000000487
595.441000000000487
596.180000000000488
596.320000000000488
662.804000000000547
662.932000000000547
663.076000000000547
663.568000000000548
663.867000000000548
663.996000000000548
664.141000000000548
664.288000000000548
664.439000000000548
664.585000000000549
664.743000000000549
664.890000000000549
665.050000000000549
665.194000000000549
665.357000000000549
666.74200000000055
667.327000000000551
667.489000000000551
667.659000000000551
667.831000000000551
667.991000000000552
668.167000000000552
668.687000000000552
668.855000000000552
669.029000000000553
669.209000000000553
669.402000000000553
670.135000000000554
670.189000000000554
671.235000000000554
671.375000000000555
671.541000000000555
672.203000000000555
672.493000000000556
672.622000000000556
748.479000000000623
748.597000000000623
748.727000000000623
748.887000000000623
749.031000000000624
749.166000000000624
749.994000000000624
750.131000000000625
778.24400000000065
778.37800000000065
778.88300000000065
815.592000000000683
816.008000000000683
816.116000000000683
816.384000000000683
816.763000000000684
816.972000000000684
818.100000000000685
818.495000000000685
819.223000000000686
819.311000000000686
819.603000000000686
820.237000000000687
820.640000000000687
820.706000000000687
821.124000000000688
821.509000000000688
821.606000000000688
821.890000000000688
822.024000000000688
822.152000000000688
822.429000000000689
822.676000000000689
1892.10900000000164
1892.21500000000164
1892.35100000000164
1892.47500000000164
1892.61000000000164
1893.38200000000164
1893.51600000000164
1893.63600000000164
1893.88100000000164
1894.01800000000164
1894.28100000000164
1894.41500000000164
1894.55000000000164
1894.69200000000164
1894.82600000000164
1895.08700000000164
1895.24800000000164
1895.42500000000164
1895.56400000000164
1895.70600000000164
1895.84300000000164
1896.00300000000164
1896.15900000000164
1896.32300000000164
1896.46800000000164
1896.61000000000164
1896.78200000000164
1896.96600000000164
1897.10800000000164
1897.25400000000164
1897.40700000000164
1897.57800000000164
1897.70000000000164
1897.98100000000164
1898.14500000000164
1898.31600000000164
1898.46500000000164
1898.60800000000164
1898.76900000000164
1898.93400000000164
1899.08800000000164
1899.25200000000165
1899.41900000000165
1899.58100000000165
1899.74400000000165
1899.91100000000165
1900.08900000000165
1900.28000000000165
1900.43100000000165
1900.59100000000165
1900.93400000000165
1901.08700000000165
1901.24500000000165
1901.41700000000165
1901.58400000000165
1901.75100000000165
1901.93000000000165
1902.10700000000165
1902.29100000000165
1902.45500000000165
1902.60100000000165
1903.06600000000165
1903.22500000000165
1903.38200000000165
1903.78600000000165
1903.94200000000165
1904.11000000000165
1904.28500000000165
1904.44800000000165
1904.62100000000165
1904.78200000000165
1904.96100000000165
1905.12900000000165
1905.90400000000165
1906.05800000000165
1906.21100000000165
1906.38700000000165
1906.54600000000165
1906.70500000000165
1906.87300000000165
1907.04000000000165
1907.21000000000165
1907.38100000000165
1907.54400000000165
1908.49200000000165
1908.70100000000165
1908.84200000000165
1909.00400000000165
1909.16300000000165
1909.32700000000165
1909.49400000000165
1909.65900000000165
1912.94300000000166
1913.07700000000166
1913.22900000000166
1913.38300000000166
1913.59600000000166
1913.74100000000166
1914.01500000000166
1914.17300000000166
1914.33100000000166
1914.49400000000166
1914.64300000000166
1914.80500000000166
1914.98000000000166
1915.15000000000166
1915.32100000000166
1915.93800000000166
1919.88600000000166
1920.03500000000166
1920.19200000000166
1920.35800000000166
1924.34000000000167
1928.38900000000167
1928.56600000000167
1928.74500000000167
1940.29300000000168
1951.32800000000169
1951.49200000000169
1952.72100000000169
1952.86100000000169
1953.02400000000169
1953.21900000000169
1953.41100000000169
1953.61200000000169
1953.79100000000169
1953.95400000000169
1954.11100000000169
1954.90100000000169
1955.05100000000169
1955.8230000000017
1955.9700000000017
1956.1140000000017
1956.2870000000017
1956.4430000000017
1957.1060000000017
1957.3800000000017
1957.7570000000017
1957.9450000000017
1958.1740000000017
1958.3420000000017
1958.5130000000017
1958.6580000000017
1959.8550000000017
1960.0430000000017
1960.2180000000017
1961.1710000000017
1961.2760000000017
1961.9530000000017
1962.1130000000017
1962.2500000000017
1962.4210000000017
1962.5810000000017
1962.7440000000017
1962.9100000000017
1963.0850000000017
1963.2620000000017
1963.4320000000017
1963.5970000000017
1963.7600000000017
1964.5560000000017
1964.7020000000017
1968.16400000000171
1968.20300000000171
1968.36500000000171
1968.60300000000171
1969.49800000000171
1970.14200000000171
1970.47000000000171
1970.63300000000171
1971.23400000000171
1971.28900000000171
1971.32800000000171
1971.38800000000171
1971.59200000000171
1971.84900000000171
1973.53800000000171
1973.93000000000171
1974.10300000000171
1974.24500000000171
1975.39000000000171
1975.56000000000171
1978.46800000000172
1984.84500000000172
1991.06100000000173
1993.05700000000173
1993.22400000000173
1993.38100000000173
1996.05500000000173
2001.58500000000174
2001.85900000000174
2005.42300000000174
2005.88200000000174
2008.86300000000174
2010.17700000000174
2011.46100000000174
2013.69700000000175
2014.35000000000175
2014.84900000000175
2015.54400000000175
2016.27800000000175
2018.50400000000175
2018.67700000000175
2018.84700000000175
2020.10800000000175
2024.09300000000176
2024.30800000000176
2024.32200000000176
2024.54600000000176
2024.80900000000176
2025.19100000000176
2026.02100000000176
2026.90000000000176
2027.05100000000176
2027.18900000000176
2027.33700000000176
2027.49000000000176
2027.67700000000176
2027.81400000000176
2028.01300000000176
2028.17000000000176
2028.31400000000176
2029.00700000000176
2033.63700000000176
2034.12900000000176
2034.53800000000177
2035.58700000000177
2035.71200000000177
2037.08800000000177
2037.52500000000177
2037.68700000000177
2039.41900000000177
2039.76200000000177
2044.51200000000177
2046.08600000000178
2046.26600000000178
2051.52900000000139
2051.90800000000135
2053.37900000000118
2054.1110000000011
2055.13600000000099
2055.18100000000099
2055.34400000000097
2055.88600000000091
2056.05700000000089
2056.25100000000087
2056.94200000000079
2057.09300000000078
2057.25700000000076
2058.15100000000066
2058.75400000000059
2059.23400000000054
2059.40100000000052
2060.56900000000039
2060.65500000000038
2061.54400000000029
2061.66400000000027
2061.96500000000024
2062.21800000000021
2063.46100000000007
2065.57799999999984
2066.8359999999997
2067.00399999999968
2067.7509999999996
2068.93599999999947
2069.44799999999942
2069.76899999999938
2070.5249999999993
2071.27899999999921
2072.72099999999905
2073.15099999999901
2074.34299999999888
2074.51599999999886
2074.97299999999881
2075.80399999999872
2076.12499999999868
2076.64799999999862
2077.39599999999854
2077.63999999999851
2078.11799999999846
2078.82599999999838
2078.97999999999837
2079.13499999999835
2079.29499999999833
2079.45399999999831
2079.62599999999829
2079.79599999999828
2079.96299999999826
2081.88199999999805
2081.98799999999803
2134.0089999999923
2136.26299999999206
2137.59699999999191
2139.17199999999174
2139.65599999999168
2139.79999999999167
2139.94899999999165
2141.03299999999153
2141.79499999999145
2142.52799999999137
2142.65999999999135
2142.88099999999133
2143.78199999999123
2144.50299999999115
2145.47499999999104
2146.27399999999095
2146.84099999999089
2148.74699999999068
2149.33399999999062
2152.98699999999021
2153.64199999999014
2153.73399999999013
2154.43299999999006
2154.57999999999004
2155.66499999998992
2155.8279999999899
2155.93199999998989
2156.06399999998988
2156.7899999999898
2166.89499999998868
2167.00499999998867
2167.18099999998865
2167.34799999998863
2167.87799999998857
2168.13599999998855
2168.25899999998853
2168.40099999998852
2168.5509999999885
2168.69899999998848
2168.83999999998847
2168.99499999998845
2169.15099999998843
2169.32299999998842
2169.4729999999884
2169.63699999998838
2169.81299999998836
2169.98099999998834
2171.15299999998821
2172.13699999998811
2172.60299999998805
2172.95199999998802
2173.102999999988
2175.66299999998772
2406.73599999996227
2408.81499999996204
2513.73999999995048
2514.17599999995044
2514.33299999995042
2514.4629999999504
2514.84299999995036
2514.97299999995035
2515.10899999995033
2515.24799999995032
2515.77999999995026
2515.94299999995024
2516.3389999999502
2516.70299999995016
2517.06099999995012
2517.13299999995011
2517.70799999995005
2517.87199999995003
2518.01799999995001
2536.17599999994801
2536.271999999948
2536.39099999994799
2536.47999999994798
2536.69899999994795
2536.84899999994794
2536.98899999994792
2537.12499999994791
2537.26599999994789
2539.9029999999476
2541.03899999994748
2541.26599999994745
2542.56499999994731
2542.6859999999473
2542.71199999994729
2544.33699999994711
2544.82699999994706
2545.25899999994701
2545.47699999994699
2545.61599999994697
2545.91099999994694
2546.04899999994693
3089.41299999988708
3093.54899999988663
3093.73299999988661
3093.90699999988659
3094.41399999988653
3094.56099999988652
3094.7239999998865
3094.88399999988648
3095.24699999988644
3095.55699999988641
3096.5409999998863
3106.73799999988517
3106.91199999988516
3313.03599999986245
3313.16599999986244
3313.27599999986243
3313.5019999998624
3313.63199999986239
3313.76799999986237
3313.90299999986236
3314.03899999986234
3314.17799999986233
3314.31899999986231
3314.4629999998623
3314.60799999986228
3314.76199999986226
3314.89599999986225
3315.05599999986223
3315.20499999986221
3315.3609999998622
3315.51099999986218
3315.68699999986216
3315.84599999986214
3315.99999999986213
3316.14699999986211
3316.31499999986209
3316.47899999986207
3316.63699999986206
3316.80999999986204
3316.97599999986202
3317.134999999862
3317.30499999986198
3318.0959999998619
3318.23199999986188
3318.39699999986186
3319.05999999986179
3319.21799999986177
3319.40799999986175
3320.25999999986166
3320.39999999986164
3320.54299999986163
3320.69499999986161
3320.85199999986159
3321.04199999986157
3321.18699999986156
3321.34899999986154
3321.51799999986152
3321.6849999998615
3321.85099999986148
3322.01699999986146
3322.18499999986145
3322.33399999986143
3322.49799999986141
3322.66199999986139
3322.83099999986138
3322.99499999986136
3324.31399999986121
3324.72099999986117
3324.87899999986115
3325.02999999986113
3325.18799999986112
3325.3729999998611
3325.65599999986106
3325.85499999986104
3326.15199999986101
3326.229999999861
3326.52199999986097
3326.76999999986094
3326.92199999986092
3327.06699999986091
3328.31599999986077
3413.19999999985142
3413.32199999985141
3413.45199999985139
3413.59699999985138
3414.19099999985131
3414.45099999985128
3414.57799999985127
3414.71199999985126
3414.86399999985124
0
0
0
0
0
0
0
0
0
0
0
0
0
3600.00099999983085
0
0
0
0
0
0
