2
23
19
2
23
19
IPP3.12
sacch 2
0
4
8
11
43
9
16
43
22
4
.3
1
733
733
1
369
369
1
1
1
1
1
1
1
1
1
1
1
1
1
1
1
1
1
1
1
1
732
-1
266.872000000000195
267.028000000000196
267.219000000000196
267.591000000000196
267.924000000000196
268.083000000000196
268.267000000000197
268.441000000000197
268.624000000000197
268.802000000000197
268.969000000000197
269.141000000000197
269.320000000000198
269.491000000000198
270.378000000000198
270.534000000000199
270.710000000000199
270.884000000000199
271.053000000000199
271.213000000000199
271.404000000000199
271.5630000000002
271.7380000000002
271.9060000000002
272.1100000000002
272.2670000000002
272.4420000000002
272.6310000000002
272.797000000000201
272.970000000000201
273.145000000000201
273.326000000000201
273.528000000000201
273.687000000000201
273.864000000000202
274.040000000000202
274.216000000000202
274.389000000000202
276.834000000000204
276.980000000000204
277.135000000000204
277.302000000000205
277.468000000000205
277.636000000000205
277.791000000000205
277.954000000000205
278.103000000000205
278.276000000000206
278.444000000000206
278.611000000000206
278.772000000000206
278.938000000000206
279.101000000000206
279.275000000000206
279.436000000000207
279.599000000000207
279.780000000000207
280.560000000000208
280.699000000000208
280.861000000000208
281.033000000000208
281.200000000000208
281.380000000000208
281.552000000000208
281.756000000000209
281.917000000000209
282.124000000000209
282.451000000000209
282.623000000000209
282.80100000000021
283.00500000000021
283.53100000000021
283.84300000000021
284.026000000000211
284.492000000000211
284.652000000000211
284.820000000000211
284.982000000000211
285.168000000000212
285.320000000000212
285.496000000000212
285.668000000000212
285.842000000000212
286.010000000000212
286.182000000000213
286.359000000000213
286.535000000000213
286.718000000000213
286.919000000000213
287.090000000000213
287.276000000000214
287.461000000000214
287.631000000000214
287.799000000000214
287.985000000000214
288.159000000000214
289.637000000000216
289.778000000000216
289.948000000000216
290.120000000000216
357.819000000000276
357.993000000000276
358.164000000000276
358.345000000000277
358.530000000000277
358.702000000000277
358.880000000000277
359.048000000000277
359.211000000000277
359.376000000000278
359.552000000000278
359.717000000000278
360.049000000000278
360.217000000000278
360.388000000000278
360.568000000000279
360.728000000000279
360.900000000000279
361.073000000000279
361.248000000000279
361.415000000000279
361.59500000000028
363.922000000000282
364.067000000000282
364.227000000000282
364.392000000000282
364.561000000000282
364.722000000000282
364.888000000000282
365.042000000000283
365.206000000000283
365.365000000000283
365.524000000000283
365.684000000000283
365.838000000000283
365.997000000000283
366.171000000000284
366.343000000000284
366.511000000000284
366.677000000000284
366.832000000000284
366.990000000000284
367.160000000000284
367.327000000000285
367.496000000000285
367.645000000000285
367.812000000000285
367.972000000000285
368.148000000000285
368.302000000000285
368.463000000000286
368.628000000000286
368.795000000000286
368.967000000000286
369.129000000000286
369.296000000000286
369.467000000000286
369.629000000000287
369.798000000000287
369.977000000000287
370.127000000000287
370.303000000000287
370.465000000000287
370.627000000000288
370.802000000000288
370.968000000000288
371.141000000000288
371.320000000000288
371.497000000000288
371.662000000000288
371.845000000000289
372.043000000000289
372.213000000000289
372.390000000000289
372.566000000000289
372.747000000000289
372.92700000000029
373.10700000000029
373.28600000000029
373.46000000000029
373.64000000000029
373.82600000000029
374.000000000000291
374.181000000000291
374.368000000000291
374.540000000000291
374.716000000000291
374.902000000000291
375.087000000000292
375.231000000000292
375.389000000000292
375.546000000000292
375.721000000000292
375.881000000000292
376.034000000000292
376.198000000000292
376.354000000000293
376.516000000000293
376.673000000000293
376.856000000000293
377.044000000000293
377.230000000000293
377.411000000000294
377.574000000000294
377.746000000000294
377.919000000000294
378.116000000000294
378.273000000000294
378.448000000000294
378.627000000000295
378.807000000000295
379.006000000000295
379.205000000000295
379.373000000000295
379.548000000000295
379.727000000000296
379.907000000000296
380.080000000000296
380.261000000000296
380.453000000000296
380.642000000000296
380.845000000000297
380.994000000000297
381.174000000000297
381.332000000000297
381.489000000000297
381.658000000000297
381.954000000000298
382.126000000000298
382.306000000000298
382.474000000000298
382.629000000000298
382.801000000000298
382.941000000000298
383.120000000000299
383.272000000000299
383.436000000000299
383.604000000000299
383.775000000000299
383.952000000000299
384.1410000000003
384.3210000000003
384.5060000000003
384.7060000000003
384.8860000000003
385.0570000000003
385.2170000000003
385.381000000000301
385.550000000000301
385.717000000000301
385.881000000000301
386.032000000000301
386.183000000000301
386.359000000000302
386.515000000000302
386.704000000000302
386.885000000000302
387.076000000000302
387.247000000000302
387.437000000000302
387.597000000000303
387.775000000000303
387.936000000000303
388.113000000000303
388.293000000000303
388.478000000000303
388.659000000000304
388.847000000000304
389.042000000000304
412.498000000000325
412.635000000000325
412.783000000000325
412.936000000000325
413.096000000000325
413.263000000000325
413.410000000000326
413.564000000000326
413.730000000000326
413.899000000000326
414.070000000000326
414.237000000000326
414.398000000000326
414.553000000000327
414.724000000000327
414.891000000000327
415.082000000000327
415.242000000000327
415.418000000000327
415.592000000000327
415.792000000000328
415.947000000000328
416.118000000000328
416.290000000000328
416.469000000000328
416.638000000000328
416.806000000000329
416.981000000000329
417.157000000000329
417.343000000000329
418.04100000000033
418.19100000000033
418.35800000000033
418.53800000000033
418.72600000000033
419.421000000000331
419.578000000000331
421.886000000000333
422.044000000000333
422.207000000000333
422.378000000000333
422.550000000000334
485.83100000000039
485.99100000000039
671.429000000000555
671.579000000000555
671.749000000000555
671.923000000000555
672.111000000000555
672.305000000000555
672.509000000000556
672.729000000000556
672.944000000000556
673.141000000000556
673.341000000000556
673.555000000000557
673.774000000000557
673.972000000000557
674.157000000000557
674.357000000000557
674.563000000000557
674.751000000000558
674.948000000000558
675.554000000000558
675.715000000000558
675.893000000000559
676.075000000000559
676.278000000000559
676.99000000000056
677.19800000000056
677.39200000000056
754.490000000000628
754.702000000000629
754.925000000000629
1138.94800000000097
1139.12100000000097
1139.30200000000097
1139.50600000000097
1139.69500000000097
1139.89400000000097
1140.11800000000097
1140.80500000000097
1141.01400000000097
1141.25000000000097
1141.48500000000097
1141.75800000000097
1141.98400000000097
1142.22300000000097
1142.67500000000097
1143.05600000000097
1143.24800000000097
1143.44700000000097
1143.66200000000097
1144.43300000000097
1144.63500000000097
1144.87000000000098
1659.65000000000143
1659.83100000000143
1660.02800000000143
1660.19000000000143
1660.38800000000143
1660.57600000000143
1660.77600000000143
1661.26600000000143
1661.41700000000143
1661.60100000000143
1661.76400000000143
1661.93400000000143
1662.11500000000143
1662.29600000000143
1662.49300000000143
1662.66700000000144
1662.84200000000144
1663.04400000000144
1663.21000000000144
1663.39800000000144
1663.57100000000144
1663.93300000000144
1664.66800000000144
1664.83300000000144
1665.01100000000144
1665.19300000000144
1665.36500000000144
1665.54000000000144
1665.71900000000144
1665.88700000000144
1666.05500000000144
1666.22900000000144
1666.38800000000144
1666.95400000000144
1667.11800000000144
1667.29100000000144
1667.48800000000144
1667.68800000000144
1667.86500000000144
1668.04400000000144
1668.23400000000144
1668.42700000000144
1668.81500000000144
1669.02700000000144
1669.22800000000144
1669.41300000000144
1669.59500000000144
1669.77500000000144
1669.92600000000144
1671.63200000000144
1671.78200000000144
1671.95800000000144
1672.13500000000144
1672.33400000000144
1672.68900000000144
1672.89900000000144
1673.13300000000144
1673.35100000000144
1673.57300000000144
1673.76200000000144
1673.94500000000144
1674.13100000000145
1674.31800000000145
1674.82300000000145
1675.00200000000145
1675.20100000000145
1675.39300000000145
1675.58100000000145
1675.82700000000145
1676.05300000000145
1676.23000000000145
1676.43300000000145
1676.65800000000145
1676.88700000000145
1677.09400000000145
1677.30200000000145
1677.51800000000145
1677.71400000000145
1678.65300000000145
1678.89000000000145
1679.11700000000145
1680.04200000000145
1680.20500000000145
1680.37500000000145
1680.57800000000145
1680.80600000000145
1685.94800000000146
1686.10400000000146
1686.28100000000146
1686.47900000000146
1686.99500000000146
1687.18700000000146
1687.39100000000146
1687.58400000000146
1687.81300000000146
1688.04100000000146
1695.15200000000146
1695.35300000000146
1695.53500000000146
1940.67500000000168
1940.85000000000168
1941.07600000000168
1941.28200000000168
1941.66800000000168
1941.85400000000168
1942.04000000000168
1942.23600000000168
1942.43400000000168
1942.62600000000168
1943.25300000000168
1943.43400000000168
1943.62400000000168
1943.80000000000168
1943.98400000000168
1944.15600000000168
1944.32900000000169
1944.49100000000169
1944.67400000000169
1944.85400000000169
1945.02000000000169
1945.19100000000169
1945.37200000000169
1945.54600000000169
1945.70800000000169
1945.87200000000169
1946.05400000000169
1946.23600000000169
1946.42400000000169
1946.59800000000169
1946.77500000000169
1946.94800000000169
1947.11200000000169
1947.45400000000169
1947.62700000000169
1947.84300000000169
1948.04000000000169
1948.23500000000169
1948.38700000000169
1948.55400000000169
1948.73100000000169
1948.91800000000169
1949.08900000000169
1949.26300000000169
1949.46200000000169
1949.66600000000169
1949.89700000000169
1950.09200000000169
1950.28700000000169
1950.48200000000169
1950.67200000000169
1950.84700000000169
1951.05400000000169
1951.23800000000169
1951.42800000000169
1951.77200000000169
1951.97600000000169
1952.30400000000169
1952.53400000000169
1952.74400000000169
1952.95000000000169
1953.15100000000169
1953.35500000000169
1953.60600000000169
1953.82500000000169
1954.07500000000169
1954.28000000000169
1954.50400000000169
1954.71400000000169
1954.92400000000169
1955.13400000000169
1955.3350000000017
1955.5310000000017
1955.7250000000017
1955.8960000000017
1956.1300000000017
1956.4870000000017
1956.8490000000017
1957.0290000000017
1957.2260000000017
1957.4160000000017
1957.6030000000017
1957.7880000000017
1958.0000000000017
1958.2120000000017
1958.3910000000017
1958.6460000000017
1958.8930000000017
1959.1130000000017
1959.3510000000017
1959.7770000000017
1959.9520000000017
1960.1660000000017
1960.3990000000017
1960.6190000000017
1960.8340000000017
1961.1250000000017
1966.1980000000017
1966.3640000000017
1966.5410000000017
1966.72400000000171
1966.88900000000171
1967.08500000000171
1967.26800000000171
1967.45700000000171
1967.62800000000171
1967.81700000000171
1968.03700000000171
1968.23100000000171
1968.41700000000171
1968.61700000000171
1968.82100000000171
1969.04300000000171
1969.26400000000171
1969.51900000000171
1969.87600000000171
1970.20000000000171
1970.41200000000171
1971.73600000000171
1971.89900000000171
1972.46800000000171
1978.37000000000172
1978.54500000000172
1978.73000000000172
1978.91300000000172
1979.11200000000172
2244.8199999999801
2244.99099999998008
2245.16099999998006
2245.33699999998004
2245.51099999998002
2245.68099999998001
2245.85999999997999
2246.02399999997997
2246.19199999997995
2246.36799999997993
2246.54699999997991
2246.72499999997989
2246.91399999997987
2247.07899999997985
2247.25599999997983
2247.43299999997981
2247.60599999997979
2247.77699999997978
2248.14399999997973
2248.37599999997971
2248.57499999997969
2248.76499999997967
2248.94899999997965
2249.27099999997961
2249.49899999997959
2249.68899999997956
2249.87399999997954
2250.08099999997952
2250.2749999999795
2250.46799999997948
2250.65499999997946
2250.82799999997944
2251.01399999997942
2251.2259999999794
2251.42799999997937
2251.67999999997935
2251.87999999997932
2252.0669999999793
2252.27099999997928
2252.76499999997923
2252.9639999999792
2253.16999999997918
2256.20099999997885
2256.36699999997883
2256.53799999997881
2256.72499999997879
2256.90199999997877
2257.08599999997875
2257.26399999997873
2257.43399999997871
2257.62399999997869
2257.83199999997867
2258.06799999997864
2258.4879999999786
2258.66799999997858
2258.88999999997855
2259.11299999997853
2259.3379999999785
2259.57099999997848
2259.78899999997845
2259.98699999997843
2260.17999999997841
2260.38299999997839
2260.57799999997837
2260.76499999997834
2260.95699999997832
2261.1589999999783
2261.36599999997828
2261.56699999997826
2261.79999999997823
2262.38299999997817
2262.55099999997815
2262.75599999997813
2262.9499999999781
2263.13499999997808
2263.32099999997806
2263.51299999997804
2263.79899999997801
2264.03599999997798
2264.45299999997794
2264.67199999997791
2264.85099999997789
2265.83999999997779
2266.06599999997776
2266.38699999997773
2269.51599999997738
2323.20599999997147
2323.35299999997145
2324.43299999997133
2324.60099999997131
2324.77599999997129
2324.97799999997127
2325.18599999997125
2325.38199999997123
2325.57799999997121
2325.79799999997118
2326.00699999997116
2326.21099999997114
2326.41399999997111
2326.61299999997109
2326.81199999997107
2327.02599999997105
2327.22699999997102
2327.74299999997097
2327.94399999997095
2328.15699999997092
2328.3529999999709
2330.24399999997069
2330.41199999997067
2351.87099999996831
2352.0079999999683
2352.18799999996828
2352.37899999996825
2352.56799999996823
2352.75799999996821
2352.95299999996819
2353.15599999996817
2353.35399999996815
2354.61499999996801
2354.80999999996799
2355.03699999996796
2355.26199999996794
2355.45599999996792
2355.65299999996789
2383.94299999996478
2384.09099999996476
2384.27799999996474
2384.49099999996472
2384.6859999999647
2384.90199999996467
2385.11599999996465
2395.42199999996351
2395.5759999999635
2395.76599999996348
2395.96499999996345
3008.20799999989603
3008.38199999989601
3569.5579999998342
3569.73699999983418
3569.92999999983416
3570.15099999983414
3570.35299999983411
-2
266.895000000000195
267.070000000000196
267.263000000000196
267.651000000000196
267.955000000000196
268.140000000000196
268.317000000000197
268.503000000000197
268.680000000000197
268.855000000000197
269.026000000000197
269.203000000000197
269.376000000000198
269.549000000000198
270.427000000000199
270.597000000000199
270.771000000000199
270.946000000000199
271.108000000000199
271.281000000000199
271.448000000000199
271.6200000000002
271.7870000000002
271.9590000000002
272.1570000000002
272.3290000000002
272.5120000000002
272.694000000000201
272.858000000000201
273.034000000000201
273.204000000000201
273.398000000000201
273.579000000000201
273.749000000000201
273.929000000000202
274.101000000000202
274.279000000000202
274.449000000000202
276.879000000000204
277.038000000000204
277.201000000000205
277.379000000000205
277.523000000000205
277.686000000000205
277.850000000000205
278.001000000000205
278.171000000000205
278.338000000000206
278.515000000000206
278.672000000000206
278.836000000000206
279.004000000000206
279.173000000000206
279.314000000000206
279.497000000000207
279.659000000000207
279.845000000000207
280.586000000000208
280.761000000000208
280.926000000000208
281.097000000000208
281.288000000000208
281.454000000000208
281.629000000000208
281.822000000000209
281.992000000000209
282.185000000000209
282.523000000000209
282.696000000000209
282.87200000000021
283.04800000000021
283.57800000000021
283.90800000000021
284.083000000000211
284.553000000000211
284.727000000000211
284.885000000000211
285.049000000000212
285.222000000000212
285.402000000000212
285.570000000000212
285.753000000000212
285.914000000000212
286.082000000000212
286.254000000000213
286.431000000000213
286.610000000000213
286.795000000000213
286.991000000000213
287.176000000000213
287.356000000000214
287.532000000000214
287.717000000000214
287.908000000000214
288.085000000000214
288.253000000000214
289.673000000000216
289.842000000000216
290.010000000000216
290.175000000000216
357.868000000000276
358.048000000000276
358.227000000000277
358.407000000000277
358.587000000000277
358.765000000000277
358.934000000000277
359.102000000000277
359.266000000000277
359.437000000000278
359.601000000000278
359.757000000000278
360.106000000000278
360.274000000000278
360.444000000000278
360.614000000000279
360.786000000000279
360.957000000000279
361.128000000000279
361.297000000000279
361.466000000000279
361.62800000000028
363.967000000000282
364.127000000000282
364.293000000000282
364.469000000000282
364.627000000000282
364.785000000000282
364.938000000000282
365.109000000000283
365.267000000000283
365.424000000000283
365.585000000000283
365.740000000000283
365.899000000000283
366.055000000000283
366.237000000000284
366.404000000000284
366.574000000000284
366.730000000000284
366.880000000000284
367.062000000000284
367.228000000000284
367.394000000000285
367.548000000000285
367.713000000000285
367.872000000000285
368.031000000000285
368.200000000000285
368.363000000000286
368.529000000000286
368.697000000000286
368.867000000000286
369.034000000000286
369.198000000000286
369.368000000000286
369.539000000000287
369.711000000000287
369.876000000000287
370.071000000000287
370.200000000000287
370.372000000000287
370.531000000000287
370.705000000000288
370.861000000000288
371.039000000000288
371.216000000000288
371.395000000000288
371.572000000000288
371.740000000000289
371.924000000000289
372.113000000000289
372.293000000000289
372.474000000000289
372.646000000000289
372.819000000000289
373.00500000000029
373.18600000000029
373.36100000000029
373.54400000000029
373.75100000000029
373.92800000000029
374.084000000000291
374.271000000000291
374.439000000000291
374.608000000000291
374.799000000000291
374.985000000000291
375.172000000000292
375.302000000000292
375.454000000000292
375.621000000000292
375.790000000000292
375.957000000000292
376.100000000000292
376.278000000000293
376.420000000000293
376.581000000000293
376.754000000000293
376.944000000000293
377.129000000000293
377.310000000000293
377.475000000000294
377.646000000000294
377.850000000000294
378.002000000000294
378.177000000000294
378.354000000000294
378.528000000000295
378.715000000000295
378.903000000000295
379.094000000000295
379.277000000000295
379.467000000000295
379.634000000000296
379.833000000000296
379.994000000000296
380.191000000000296
380.386000000000296
380.561000000000296
380.731000000000296
380.926000000000297
381.072000000000297
381.237000000000297
381.396000000000297
381.566000000000297
381.748000000000297
382.052000000000298
382.208000000000298
382.386000000000298
382.539000000000298
382.688000000000298
382.846000000000298
383.002000000000299
383.180000000000299
383.340000000000299
383.507000000000299
383.677000000000299
383.850000000000299
384.035000000000299
384.2190000000003
384.4040000000003
384.5970000000003
384.7870000000003
384.9570000000003
385.1230000000003
385.287000000000301
385.469000000000301
385.638000000000301
385.791000000000301
385.950000000000301
386.083000000000301
386.239000000000301
386.416000000000302
386.575000000000302
386.789000000000302
386.973000000000302
387.157000000000302
387.329000000000302
387.508000000000302
387.677000000000303
387.850000000000303
388.027000000000303
388.195000000000303
388.371000000000303
388.567000000000303
388.748000000000304
388.940000000000304
389.117000000000304
412.530000000000325
412.691000000000325
412.841000000000325
413.002000000000325
413.165000000000325
413.315000000000325
413.469000000000326
413.634000000000326
413.811000000000326
413.982000000000326
414.139000000000326
414.290000000000326
414.441000000000326
414.624000000000327
414.784000000000327
414.961000000000327
415.127000000000327
415.310000000000327
415.500000000000327
415.655000000000328
415.828000000000328
416.011000000000328
416.183000000000328
416.361000000000328
416.530000000000328
416.698000000000328
416.868000000000329
417.036000000000329
417.226000000000329
417.412000000000329
418.09200000000033
418.26000000000033
418.43200000000033
418.60600000000033
418.77600000000033
419.479000000000331
419.650000000000331
421.938000000000333
422.112000000000333
422.280000000000333
422.451000000000334
422.618000000000334
485.87500000000039
486.04300000000039
671.468000000000555
671.630000000000555
671.807000000000555
671.986000000000555
672.172000000000555
672.368000000000556
672.579000000000556
672.803000000000556
673.014000000000556
673.199000000000556
673.402000000000556
673.630000000000557
673.829000000000557
674.021000000000557
674.214000000000557
674.420000000000557
674.626000000000558
674.817000000000558
675.007000000000558
675.592000000000558
675.772000000000558
675.962000000000559
676.139000000000559
676.357000000000559
677.04800000000056
677.26500000000056
677.44800000000056
754.545000000000628
754.752000000000629
754.967000000000629
1138.99800000000097
1139.18000000000097
1139.36700000000097
1139.57100000000097
1139.76800000000097
1139.98100000000097
1140.18100000000097
1140.86800000000097
1141.08200000000097
1141.32700000000097
1141.56900000000097
1141.84800000000097
1142.06500000000097
1142.30000000000097
1142.70900000000097
1143.10100000000097
1143.29900000000097
1143.51200000000097
1143.71000000000097
1144.48900000000097
1144.67500000000097
1144.95000000000098
1659.68300000000143
1659.87800000000143
1660.05400000000143
1660.23800000000143
1660.43400000000143
1660.63200000000143
1660.81400000000143
1661.29800000000143
1661.47300000000143
1661.64700000000143
1661.80700000000143
1661.98000000000143
1662.16600000000143
1662.36700000000143
1662.55100000000143
1662.71900000000144
1662.90500000000144
1663.08700000000144
1663.26500000000144
1663.44200000000144
1663.63000000000144
1663.97800000000144
1664.71700000000144
1664.89600000000144
1665.07600000000144
1665.24300000000144
1665.41700000000144
1665.60000000000144
1665.76300000000144
1665.93600000000144
1666.10900000000144
1666.27000000000144
1666.43600000000144
1667.00200000000144
1667.16600000000144
1667.36000000000144
1667.55800000000144
1667.75500000000144
1667.95100000000144
1668.12600000000144
1668.30100000000144
1668.51000000000144
1668.87600000000144
1669.09500000000144
1669.28900000000144
1669.49200000000144
1669.67200000000144
1669.82300000000144
1669.95500000000144
1671.66400000000144
1671.83100000000144
1672.01100000000144
1672.19700000000144
1672.38300000000144
1672.74100000000144
1672.95500000000144
1673.20900000000144
1673.42900000000144
1673.63400000000144
1673.82800000000144
1674.00800000000144
1674.19300000000145
1674.37400000000145
1674.86800000000145
1675.06200000000145
1675.26100000000145
1675.43700000000145
1675.63200000000145
1675.89700000000145
1676.09800000000145
1676.28700000000145
1676.50600000000145
1676.74000000000145
1676.96200000000145
1677.16400000000145
1677.36900000000145
1677.56800000000145
1677.75900000000145
1678.72600000000145
1678.96900000000145
1679.18700000000145
1680.09900000000145
1680.25700000000145
1680.43700000000145
1680.62500000000145
1680.88000000000145
1685.98900000000146
1686.15400000000146
1686.33700000000146
1686.52300000000146
1687.04800000000146
1687.23600000000146
1687.44700000000146
1687.65500000000146
1687.89200000000146
1688.10900000000146
1695.19200000000146
1695.39900000000146
1695.56700000000146
1940.70500000000168
1940.88500000000168
1941.10200000000168
1941.32300000000168
1941.70900000000168
1941.89600000000168
1942.08700000000168
1942.28300000000168
1942.48700000000168
1942.67000000000168
1943.30100000000168
1943.49100000000168
1943.68500000000168
1943.86000000000168
1944.04000000000168
1944.21300000000168
1944.38200000000169
1944.55700000000169
1944.73600000000169
1944.90700000000169
1945.07500000000169
1945.25400000000169
1945.42000000000169
1945.58500000000169
1945.74500000000169
1945.93000000000169
1946.10700000000169
1946.29700000000169
1946.48900000000169
1946.67200000000169
1946.83200000000169
1946.99300000000169
1947.15700000000169
1947.47900000000169
1947.69100000000169
1947.90900000000169
1948.10100000000169
1948.26700000000169
1948.43400000000169
1948.61400000000169
1948.79400000000169
1948.97300000000169
1949.13800000000169
1949.32500000000169
1949.52900000000169
1949.73900000000169
1949.95500000000169
1950.15600000000169
1950.38700000000169
1950.57000000000169
1950.73000000000169
1950.91500000000169
1951.10200000000169
1951.28700000000169
1951.46700000000169
1951.83100000000169
1952.04500000000169
1952.38300000000169
1952.62300000000169
1952.81300000000169
1953.01100000000169
1953.21600000000169
1953.42200000000169
1953.68400000000169
1953.90200000000169
1954.15300000000169
1954.35100000000169
1954.56800000000169
1954.77600000000169
1955.00900000000169
1955.20200000000169
1955.4090000000017
1955.6110000000017
1955.7890000000017
1955.9770000000017
1956.2060000000017
1956.5280000000017
1956.9030000000017
1957.1020000000017
1957.2930000000017
1957.4700000000017
1957.6620000000017
1957.8530000000017
1958.0570000000017
1958.2640000000017
1958.4670000000017
1958.7210000000017
1958.9690000000017
1959.1880000000017
1959.4460000000017
1959.8310000000017
1960.0200000000017
1960.2450000000017
1960.4820000000017
1960.6920000000017
1960.9070000000017
1961.1980000000017
1966.2400000000017
1966.4100000000017
1966.5930000000017
1966.76800000000171
1966.95000000000171
1967.14200000000171
1967.32900000000171
1967.50200000000171
1967.68700000000171
1967.88600000000171
1968.07200000000171
1968.29500000000171
1968.49000000000171
1968.69000000000171
1968.90300000000171
1969.11900000000171
1969.33500000000171
1969.58400000000171
1969.92400000000171
1970.25000000000171
1970.47300000000171
1971.77800000000171
1971.93400000000171
1972.48100000000171
1978.40600000000172
1978.59200000000172
1978.79100000000172
1978.97600000000172
1979.17900000000172
2244.8649999999801
2245.03699999998008
2245.20899999998006
2245.38699999998004
2245.55699999998002
2245.72599999998
2245.89399999997998
2246.06399999997996
2246.23999999997994
2246.42299999997992
2246.5989999999799
2246.78599999997988
2246.95999999997986
2247.13099999997985
2247.30999999997983
2247.47899999997981
2247.64799999997979
2247.81799999997977
2248.19199999997973
2248.4239999999797
2248.62399999997968
2248.81099999997966
2249.00799999997964
2249.3359999999796
2249.53799999997958
2249.73199999997956
2249.99199999997953
2250.18199999997951
2250.36799999997949
2250.54499999997947
2250.72099999997945
2250.88199999997943
2251.06999999997941
2251.26399999997939
2251.46699999997937
2251.71799999997934
2251.92399999997932
2252.1259999999793
2252.32799999997927
2252.81599999997922
2253.0219999999792
2253.22899999997917
2256.25099999997884
2256.41699999997882
2256.5949999999788
2256.78799999997878
2256.95999999997876
2257.14199999997874
2257.31699999997872
2257.4989999999787
2257.69499999997868
2257.89599999997866
2258.11099999997864
2258.53899999997859
2258.73199999997857
2258.95599999997854
2259.16899999997852
2259.40599999997849
2259.64699999997847
2259.85699999997844
2260.05099999997842
2260.2419999999784
2260.45199999997838
2260.63799999997836
2260.82999999997834
2261.02399999997832
2261.23099999997829
2261.41999999997827
2261.62399999997825
2261.84699999997823
2262.42999999997816
2262.61399999997814
2262.82199999997812
2263.0079999999781
2263.19199999997808
2263.37999999997806
2263.58599999997803
2263.874999999978
2264.08499999997798
2264.50799999997793
2264.72899999997791
2264.90999999997789
2265.89199999997778
2266.08599999997776
2266.43899999997772
2269.55999999997738
2323.23699999997146
2323.39599999997145
2324.47599999997133
2324.65199999997131
2324.83799999997129
2325.03799999997127
2325.25699999997124
2325.43999999997122
2325.6479999999712
2325.86499999997117
2326.07999999997115
2326.27999999997113
2326.47299999997111
2326.65999999997109
2326.85499999997107
2327.08499999997104
2327.29199999997102
2327.79499999997096
2328.00199999997094
2328.21599999997092
2328.41699999997089
2330.27899999997069
2330.45599999997067
2351.89399999996831
2352.05399999996829
2352.23799999996827
2352.42899999996825
2352.61599999996823
2352.80999999996821
2353.00099999996819
2353.21999999996816
2353.41399999996814
2354.650999999968
2354.86599999996798
2355.09399999996796
2355.31599999996793
2355.51399999996791
2355.71199999996789
2383.97299999996478
2384.13299999996476
2384.31999999996474
2384.52099999996471
2384.73399999996469
2384.94599999996467
2385.15799999996464
2395.44299999996351
2395.61199999996349
2395.79599999996347
2395.99799999996345
3008.22499999989602
3008.406999999896
3569.5819999998342
3569.77099999983418
3569.96599999983416
3570.18199999983413
3570.38299999983411
368
-3
14.7960000000000003
15.2700000000000003
15.51500000000000031
139.537000000000082
139.647000000000082
139.968000000000083
140.579000000000083
140.754000000000083
141.053000000000084
141.355000000000084
141.482000000000084
141.624000000000084
141.749000000000084
142.028000000000084
142.158000000000085
142.306000000000085
142.437000000000085
142.568000000000085
142.711000000000085
142.847000000000085
142.990000000000085
143.132000000000085
143.274000000000086
143.541000000000086
143.693000000000086
143.824000000000086
143.967000000000086
144.127000000000086
144.266000000000086
144.414000000000087
144.552000000000087
144.695000000000087
144.830000000000087
144.972000000000087
145.128000000000087
145.268000000000087
145.417000000000088
145.556000000000088
145.695000000000088
145.842000000000088
145.989000000000088
146.146000000000088
146.274000000000088
146.951000000000089
147.090000000000089
147.230000000000089
147.367000000000089
147.503000000000089
147.636000000000089
147.77000000000009
147.90400000000009
148.04300000000009
148.17400000000009
148.31000000000009
148.45400000000009
148.58700000000009
148.72300000000009
148.861000000000091
148.989000000000091
149.129000000000091
149.986000000000092
150.120000000000092
150.275000000000092
150.428000000000092
150.573000000000092
150.714000000000092
150.859000000000092
151.002000000000092
151.142000000000093
151.299000000000093
152.003000000000093
152.147000000000093
152.294000000000094
152.446000000000094
152.587000000000094
152.730000000000094
152.873000000000094
153.037000000000094
153.307000000000095
154.233000000000095
154.390000000000095
154.941000000000096
155.081000000000096
155.231000000000096
155.374000000000096
155.517000000000096
155.652000000000097
155.793000000000097
155.936000000000097
156.074000000000097
156.221000000000097
156.370000000000097
156.516000000000097
156.660000000000098
156.805000000000098
156.945000000000098
157.088000000000098
157.228000000000098
157.382000000000098
157.530000000000098
157.680000000000098
157.829000000000099
157.974000000000099
158.123000000000099
158.265000000000099
158.399000000000099
158.558000000000099
158.711000000000099
158.865000000000099
159.0240000000001
159.1810000000001
159.3310000000001
159.4750000000001
159.6310000000001
159.7740000000001
159.9210000000001
160.065000000000101
160.200000000000101
160.376000000000101
160.526000000000101
160.678000000000101
160.826000000000101
160.973000000000101
161.128000000000101
161.287000000000102
161.441000000000102
161.598000000000102
161.746000000000102
161.904000000000102
162.039000000000102
162.177000000000102
162.718000000000103
162.864000000000103
163.029000000000103
163.163000000000103
163.303000000000103
163.446000000000104
163.593000000000104
163.744000000000104
163.893000000000104
164.041000000000104
164.180000000000104
164.339000000000104
164.488000000000104
164.627000000000105
164.793000000000105
164.928000000000105
165.078000000000105
165.222000000000105
165.371000000000105
165.520000000000105
165.689000000000106
165.831000000000106
165.980000000000106
166.130000000000106
166.286000000000106
166.441000000000106
166.595000000000106
166.748000000000106
166.895000000000107
167.053000000000107
167.204000000000107
167.348000000000107
167.501000000000107
167.662000000000107
167.822000000000107
167.965000000000108
168.113000000000108
168.262000000000108
168.428000000000108
168.580000000000108
168.723000000000108
168.882000000000108
169.037000000000108
197.287000000000134
197.426000000000134
197.574000000000134
197.733000000000134
197.884000000000134
198.044000000000134
198.204000000000134
198.354000000000135
198.513000000000135
198.665000000000135
198.820000000000135
198.967000000000135
199.116000000000135
199.264000000000135
199.420000000000135
199.568000000000136
199.719000000000136
199.866000000000136
200.014000000000136
200.172000000000136
200.345000000000136
200.511000000000136
200.690000000000137
200.841000000000137
201.016000000000137
201.472000000000137
201.624000000000137
201.810000000000138
202.316000000000138
202.460000000000138
203.060000000000139
305.66100000000023
305.83800000000023
448.037000000000356
448.192000000000356
448.361000000000357
449.125000000000357
449.158000000000357
449.200000000000357
449.319000000000357
449.860000000000358
450.010000000000358
450.187000000000358
450.712000000000359
453.407000000000361
453.422000000000361
454.189000000000362
454.600000000000362
455.259000000000363
455.428000000000363
455.583000000000363
455.764000000000363
457.276000000000364
458.652000000000366
601.003000000000492
904.513000000000762
904.693000000000762
904.857000000000762
905.268000000000762
905.531000000000763
905.662000000000763
905.854000000000763
907.652000000000764
907.804000000000765
908.969000000000766
909.042000000000766
909.287000000000766
909.393000000000766
911.128000000000768
911.657000000000768
913.54900000000077
913.86000000000077
914.16700000000077
914.42400000000077
914.747000000000771
915.642000000000772
916.100000000000772
918.922000000000774
919.078000000000775
919.269000000000775
919.481000000000775
920.722000000000776
921.412000000000777
921.734000000000777
922.073000000000777
922.235000000000777
923.563000000000779
945.220000000000798
1054.9570000000009
1055.6190000000009
1055.9470000000009
1056.0420000000009
1057.0960000000009
1057.8950000000009
1058.6820000000009
1059.4320000000009
1059.9180000000009
1060.0620000000009
1061.0620000000009
1061.5310000000009
1062.8320000000009
1063.9040000000009
1065.0540000000009
1065.5900000000009
1066.41700000000091
1067.11400000000091
1067.71500000000091
1074.21700000000091
1074.61400000000091
1075.10400000000091
1075.33400000000091
1075.56100000000091
1075.79700000000091
1075.95100000000091
1076.15700000000091
1076.54800000000091
1076.83500000000091
1076.96100000000091
1077.72400000000092
1077.77700000000092
1078.65800000000092
1078.76600000000092
1079.42900000000092
1079.87300000000092
1080.73700000000092
1080.86100000000092
1082.85900000000092
1083.63200000000092
1084.45900000000092
1520.69500000000131
1521.69600000000131
1521.85200000000131
1522.02500000000131
1522.74700000000131
1522.89600000000131
1523.11400000000131
1524.40200000000131
1524.73400000000131
1524.83400000000131
1524.91800000000131
1525.09200000000131
1525.86800000000131
1525.90200000000131
1525.97800000000131
1527.09100000000131
1527.22500000000131
1527.97500000000132
1528.70500000000132
1806.09500000000156
1806.23800000000156
1806.39600000000156
2122.91399999999353
2123.07499999999351
2123.86499999999342
2124.0539999999934
2126.95699999999308
2128.36199999999293
2128.55699999999291
2128.75599999999288
2131.14899999999262
2131.3189999999926
2133.70499999999234
2137.27499999999194
2137.7009999999919
2137.86499999999188
2138.25599999999184
2139.15299999999174
2139.4879999999917
2139.85699999999166
2141.82899999999144
2144.10399999999119
2209.80499999998396
2221.01999999998272
2221.1809999999827
2221.35299999998269
2222.04499999998261
2222.22399999998259
2222.95599999998251
2223.13099999998249
2223.36199999998246
2223.54699999998244
2223.75999999998242
2223.9759999999824
2224.17299999998237
2224.36799999998235
2224.54899999998233
2224.79199999998231
2225.35799999998224
2225.50499999998223
2226.16999999998215
2226.28799999998214
2226.47499999998212
2226.6809999999821
2228.37699999998191
-4
14.8200000000000003
15.3050000000000003
15.54500000000000031
139.562000000000082
139.663000000000082
140.008000000000083
140.634000000000083
140.794000000000083
141.110000000000084
141.389000000000084
141.524000000000084
141.660000000000084
141.811000000000084
142.071000000000085
142.221000000000085
142.362000000000085
142.496000000000085
142.623000000000085
142.759000000000085
142.897000000000085
143.045000000000085
143.182000000000086
143.319000000000086
143.596000000000086
143.734000000000086
143.873000000000086
144.030000000000086
144.193000000000086
144.323000000000087
144.474000000000087
144.602000000000087
144.736000000000087
144.876000000000087
145.034000000000087
145.181000000000087
145.329000000000087
145.470000000000088
145.605000000000088
145.750000000000088
145.901000000000088
146.057000000000088
146.190000000000088
146.335000000000088
147.002000000000089
147.143000000000089
147.281000000000089
147.418000000000089
147.557000000000089
147.68300000000009
147.82900000000009
147.95300000000009
148.08400000000009
148.22100000000009
148.35900000000009
148.50800000000009
148.64000000000009
148.77500000000009
148.896000000000091
149.035000000000091
149.170000000000091
150.019000000000092
150.180000000000092
150.338000000000092
150.484000000000092
150.626000000000092
150.769000000000092
150.912000000000092
151.056000000000093
151.188000000000093
151.323000000000093
152.052000000000093
152.207000000000094
152.358000000000094
152.498000000000094
152.638000000000094
152.772000000000094
152.925000000000094
153.077000000000094
153.347000000000095
154.279000000000095
154.436000000000096
154.997000000000096
155.140000000000096
155.292000000000096
155.432000000000096
155.571000000000097
155.700000000000097
155.847000000000097
155.987000000000097
156.110000000000097
156.276000000000097
156.426000000000097
156.583000000000097
156.727000000000098
156.881000000000098
156.985000000000098
157.132000000000098
157.288000000000098
157.441000000000098
157.586000000000098
157.736000000000098
157.900000000000099
158.047000000000099
158.165000000000099
158.306000000000099
158.463000000000099
158.619000000000099
158.779000000000099
158.9150000000001
159.0860000000001
159.2370000000001
159.3940000000001
159.5550000000001
159.7060000000001
159.8250000000001
159.9680000000001
160.131000000000101
160.271000000000101
160.443000000000101
160.611000000000101
160.751000000000101
160.889000000000101
161.061000000000101
161.209000000000102
161.362000000000102
161.508000000000102
161.669000000000102
161.803000000000102
161.958000000000102
162.094000000000102
162.245000000000102
162.779000000000103
162.928000000000103
163.081000000000103
163.217000000000103
163.372000000000103
163.510000000000104
163.662000000000104
163.802000000000104
163.960000000000104
164.087000000000104
164.247000000000104
164.397000000000104
164.543000000000104
164.703000000000105
164.855000000000105
164.996000000000105
165.137000000000105
165.287000000000105
165.451000000000105
165.588000000000105
165.736000000000106
165.889000000000106
166.047000000000106
166.196000000000106
166.363000000000106
166.535000000000106
166.678000000000106
166.832000000000107
166.959000000000107
167.112000000000107
167.275000000000107
167.429000000000107
167.577000000000107
167.737000000000107
167.886000000000107
168.037000000000108
168.185000000000108
168.335000000000108
168.488000000000108
168.668000000000108
168.805000000000108
168.957000000000108
169.104000000000109
197.344000000000134
197.493000000000134
197.652000000000134
197.806000000000134
197.956000000000134
198.116000000000134
198.261000000000134
198.408000000000135
198.569000000000135
198.726000000000135
198.874000000000135
199.020000000000135
199.167000000000135
199.325000000000135
199.474000000000136
199.626000000000136
199.772000000000136
199.919000000000136
200.074000000000136
200.237000000000136
200.411000000000136
200.581000000000136
200.736000000000137
200.904000000000137
201.079000000000137
201.527000000000137
201.690000000000137
201.859000000000138
202.370000000000138
202.520000000000138
203.106000000000139
305.71300000000023
305.88900000000023
448.086000000000356
448.246000000000356
448.417000000000357
449.156000000000357
449.172000000000357
449.293000000000357
449.366000000000357
449.907000000000358
450.071000000000358
450.257000000000358
450.734000000000359
453.421000000000361
453.474000000000361
454.207000000000362
454.684000000000362
455.296000000000363
455.480000000000363
455.635000000000363
455.800000000000363
457.372000000000365
459.013000000000366
601.047000000000492
904.547000000000762
904.742000000000762
904.917000000000762
905.316000000000762
905.588000000000763
905.746000000000763
905.877000000000763
907.687000000000764
907.855000000000765
909.015000000000766
909.214000000000766
909.352000000000766
909.790000000000766
911.598000000000768
911.906000000000768
913.74100000000077
913.89700000000077
914.21600000000077
914.714000000000771
914.818000000000771
916.050000000000772
917.659000000000773
918.997000000000775
919.146000000000775
919.334000000000775
920.707000000000776
921.143000000000776
921.442000000000777
921.833000000000777
922.128000000000777
922.821000000000778
924.000000000000779
945.276000000000798
1055.0100000000009
1055.8400000000009
1056.0340000000009
1056.0950000000009
1057.2550000000009
1058.0630000000009
1059.3660000000009
1059.4900000000009
1059.9560000000009
1060.1560000000009
1061.3510000000009
1062.7900000000009
1063.4630000000009
1064.6590000000009
1065.2830000000009
1065.6640000000009
1066.45800000000091
1067.58100000000091
1067.88800000000091
1074.25600000000091
1074.63200000000091
1075.14200000000091
1075.35900000000091
1075.59300000000091
1075.84800000000091
1076.00300000000091
1076.20400000000091
1076.61800000000091
1076.87400000000091
1077.00300000000091
1077.77500000000092
1077.82000000000092
1078.73100000000092
1078.94100000000092
1079.57500000000092
1080.64000000000092
1080.78200000000092
1082.76700000000092
1083.15100000000092
1084.11800000000092
1085.16900000000092
1520.72600000000131
1521.73500000000131
1521.90300000000131
1522.07600000000131
1522.79500000000131
1522.95800000000131
1523.14000000000131
1524.47400000000131
1524.77200000000131
1524.90200000000131
1525.00400000000131
1525.38000000000131
1525.89900000000131
1525.93900000000131
1526.66700000000131
1527.11100000000131
1527.75900000000132
1528.45100000000132
1529.45700000000132
1806.13200000000156
1806.27700000000156
1806.43800000000156
2122.93099999999352
2123.10299999999351
2123.89299999999342
2124.0899999999934
2127.09199999999307
2128.41099999999292
2128.6109999999929
2128.79899999999288
2131.19199999999261
2131.3489999999926
2133.98699999999231
2137.49599999999192
2137.81599999999189
2137.91399999999187
2138.93599999999176
2139.44199999999171
2139.5029999999917
2141.59899999999147
2144.0229999999912
2146.43999999999094
2209.99599999998394
2221.05899999998272
2221.2259999999827
2221.41099999998268
2222.1169999999826
2222.29299999998258
2222.9999999999825
2223.19999999998248
2223.42099999998246
2223.63199999998243
2223.82099999998241
2224.04099999998239
2224.23999999998237
2224.43799999998235
2224.62099999998233
2224.8299999999823
2225.40099999998224
2225.56399999998222
2226.19099999998215
2226.29699999998214
2226.54699999998211
2226.74099999998209
2228.42999999998191
0
0
0
0
0
0
0
0
0
0
0
0
0
3600.00099999983085
0
0
0
0
0
0
