10
10
18
10
10
18
IPP2.15
sacchDay2
0
3
7
50
46
8
58
35
22
4
.3
1
673
673
1
194
194
1
1
1
1
1
1
1
1
1
1
1
1
1
1
1
1
1
1
1
1
672
-1
150.518000000000092
150.631000000000092
150.743000000000092
150.893000000000092
151.029000000000092
151.173000000000093
151.649000000000093
151.861000000000093
151.980000000000093
152.120000000000093
152.235000000000094
152.376000000000094
152.664000000000094
152.773000000000094
152.926000000000094
153.050000000000094
153.179000000000094
154.278000000000095
154.385000000000095
154.509000000000096
154.667000000000096
154.921000000000096
155.098000000000096
155.212000000000096
155.419000000000096
155.619000000000097
155.802000000000097
156.007000000000097
273.852000000000202
273.962000000000202
274.094000000000202
274.225000000000202
274.364000000000202
274.499000000000202
274.624000000000202
446.022000000000354
446.137000000000355
446.265000000000355
446.404000000000355
446.523000000000355
446.659000000000355
681.112000000000563
681.235000000000563
681.351000000000564
681.484000000000564
681.620000000000564
681.756000000000564
681.898000000000564
682.933000000000565
683.074000000000565
683.202000000000565
683.353000000000565
683.491000000000565
683.617000000000566
683.741000000000566
683.864000000000566
683.990000000000566
684.117000000000566
684.243000000000566
684.379000000000566
684.506000000000566
684.644000000000566
684.780000000000567
685.840000000000567
685.980000000000568
686.117000000000568
686.264000000000568
686.426000000000568
686.606000000000568
687.270000000000569
687.401000000000569
687.534000000000569
687.687000000000569
687.832000000000569
687.965000000000569
688.09700000000057
698.749000000000579
698.881000000000579
699.020000000000579
699.169000000000579
699.309000000000579
699.44000000000058
916.418000000000772
916.534000000000772
916.682000000000772
916.817000000000773
916.969000000000773
917.104000000000773
917.235000000000773
917.360000000000773
917.494000000000773
917.623000000000773
917.749000000000773
917.877000000000774
936.08700000000079
936.19800000000079
936.33500000000079
936.45600000000079
936.61200000000079
936.75100000000079
938.609000000000792
938.736000000000792
938.893000000000792
939.019000000000792
939.157000000000792
939.323000000000793
1238.99600000000106
1239.13400000000106
1241.04900000000106
1241.31200000000106
1241.45500000000106
1241.58000000000106
1241.73900000000106
1241.87100000000106
1242.00700000000106
1242.13900000000106
1242.26600000000106
1242.38400000000106
1242.50800000000106
1242.63800000000106
1242.78600000000106
1242.92200000000106
1243.05700000000106
1243.20900000000106
1243.34500000000106
1243.48700000000106
1243.61400000000106
1243.74800000000106
1243.87900000000106
1244.01100000000106
1244.14500000000106
1245.04100000000106
1245.17600000000106
1245.31900000000106
1245.46000000000106
1245.59500000000106
1245.74000000000106
1245.89500000000106
1246.03100000000106
1246.18100000000107
1246.33200000000107
1246.46300000000107
1246.60000000000107
1246.74100000000107
1246.88100000000107
1247.03300000000107
1247.16000000000107
1247.29700000000107
1247.46200000000107
1247.60900000000107
1247.75700000000107
1247.90100000000107
1248.04200000000107
1248.21500000000107
1248.34800000000107
1248.49700000000107
1248.64900000000107
1248.80700000000107
1248.97100000000107
1249.11600000000107
1249.26400000000107
1249.41400000000107
1249.56300000000107
1249.71200000000107
1249.88800000000107
1250.02000000000107
1250.18100000000107
1250.33100000000107
1250.46400000000107
1251.47600000000107
1251.61600000000107
1251.77900000000107
1251.91900000000107
1252.06300000000107
1252.21100000000107
1252.36300000000107
1252.51200000000107
1252.67900000000107
1252.82300000000107
1253.12600000000107
1253.26200000000107
1253.40000000000107
1253.54000000000107
1253.69100000000107
1253.86100000000107
1253.99900000000107
1254.15300000000107
1254.29600000000107
1254.43900000000107
1254.58300000000107
1254.73600000000107
1254.88200000000107
1255.05500000000107
1255.21900000000107
1255.37900000000107
1255.54000000000107
1255.71500000000107
1255.84300000000107
1255.98600000000107
1256.16900000000107
1256.33600000000107
1256.49200000000107
1256.65900000000107
1256.83500000000107
1256.98500000000107
1257.13500000000107
1257.30800000000107
1257.45800000000108
1257.61300000000108
1257.77400000000108
1257.93400000000108
1258.10000000000108
1258.24700000000108
1258.39200000000108
1258.54100000000108
1259.54400000000108
1267.08700000000108
1267.20700000000108
1267.37600000000108
1364.27300000000117
1364.39000000000117
1364.52900000000117
1364.67000000000117
1364.81600000000117
1364.94700000000117
1365.08300000000117
1365.22600000000117
1365.37600000000117
1365.51200000000117
1365.65900000000117
1365.81100000000117
1365.92300000000117
1366.07900000000117
1366.22000000000117
1366.69000000000117
1367.41600000000117
1367.56100000000117
1367.69400000000117
1367.83100000000117
1367.96500000000117
1368.13200000000117
1368.32400000000117
1368.44200000000117
1368.58800000000117
1368.72800000000117
1368.86700000000117
1368.99900000000117
1369.73800000000117
1369.87600000000118
1370.00800000000118
1370.15000000000118
1370.73300000000118
1370.88200000000118
1371.03700000000118
1371.40100000000118
1372.20300000000118
1537.59700000000132
1537.69300000000132
1537.81700000000132
1537.96200000000132
1538.11300000000132
1538.25200000000132
1538.40300000000132
1538.53200000000132
1538.66400000000132
1538.79400000000132
1538.91900000000132
1539.05000000000133
1539.19100000000133
1539.33900000000133
1539.48300000000133
1539.62700000000133
1539.78400000000133
1539.90400000000133
1599.99500000000138
1600.12400000000138
1600.26600000000138
1600.40900000000138
1600.54900000000138
1600.67500000000138
2304.53499999997352
2304.65499999997351
2304.7649999999735
2304.89499999997348
2305.03499999997347
2305.17999999997345
2305.31599999997344
2305.44699999997342
2305.58399999997341
2305.71299999997339
2305.83799999997338
2306.86399999997327
2306.99799999997325
2307.13999999997324
2307.27499999997322
2307.41399999997321
2307.55799999997319
2307.73199999997317
2307.85699999997316
2307.98799999997314
2308.12099999997313
2308.30199999997311
2308.4249999999731
2308.58699999997308
2308.74099999997306
2308.89299999997304
2309.02799999997303
2309.18599999997301
2309.320999999973
2309.46499999997298
2309.62499999997296
2309.76299999997295
2309.90099999997293
2310.04299999997292
2310.1809999999729
2310.33599999997288
2310.49399999997287
2310.63299999997285
2310.77499999997284
2310.91599999997282
2311.0699999999728
2311.23799999997279
2311.39799999997277
2311.52599999997275
2311.66499999997274
2311.80399999997272
2311.96199999997271
2312.09499999997269
2312.25099999997267
2312.39699999997266
2312.54199999997264
2312.69599999997263
2312.86199999997261
2312.99999999997259
2313.15199999997257
2313.30499999997256
2313.46999999997254
2313.62799999997252
2313.76999999997251
2313.92199999997249
2314.07399999997247
2314.23899999997246
2314.41499999997244
2314.56299999997242
2314.7149999999724
2314.86799999997239
2315.03499999997237
2315.20099999997235
2315.38499999997233
2315.52999999997231
2315.6759999999723
2315.82299999997228
2315.98099999997226
2316.13799999997225
2316.29899999997223
2316.43399999997221
2316.5769999999722
2316.73399999997218
2316.88399999997216
2317.03299999997215
2317.18299999997213
2317.33199999997211
2317.4769999999721
2317.62699999997208
2317.77399999997207
2317.94699999997205
2318.10699999997203
2318.26199999997201
2318.407999999972
2318.55499999997198
2318.70799999997196
2318.85399999997195
2319.01899999997193
2319.16099999997191
2319.2979999999719
2319.44699999997188
2319.59199999997187
2319.73599999997185
2319.89099999997183
2320.03699999997182
2320.1929999999718
2320.34499999997178
2320.48999999997177
2320.63199999997175
2320.79799999997173
2320.93199999997172
2321.0919999999717
2321.24299999997168
2321.40599999997167
2321.56999999997165
2321.73999999997163
2321.90299999997161
2322.05199999997159
2322.20699999997158
2322.35999999997156
2322.52999999997154
2322.70399999997152
2322.8789999999715
2323.04399999997149
2323.21599999997147
2323.39299999997145
2323.56599999997143
2323.74099999997141
2323.88499999997139
2324.03099999997138
2324.17599999997136
2324.33199999997134
2324.47599999997133
2324.61999999997131
2324.7729999999713
2324.93899999997128
2325.07599999997126
2325.22599999997125
2325.37199999997123
2325.52199999997121
2325.6709999999712
2325.82999999997118
2325.99799999997116
2326.15499999997114
2326.30099999997113
2326.44799999997111
2326.60099999997109
2326.74599999997108
2326.91199999997106
2327.06899999997104
2327.24099999997102
2327.412999999971
2327.58099999997099
2327.72699999997097
2327.87499999997095
2328.02599999997094
2328.18399999997092
2328.3339999999709
2328.51299999997088
2328.68599999997086
2328.85599999997085
2329.00999999997083
2329.16499999997081
2329.3129999999708
2329.60199999997076
2329.74899999997075
2329.89399999997073
2330.05299999997071
2330.1869999999707
2330.32999999997068
2330.47799999997067
2330.62599999997065
2330.79199999997063
2330.95299999997061
2331.13399999997059
2331.28099999997058
2331.42699999997056
2331.59199999997054
2332.56699999997044
2332.70399999997042
2332.8569999999704
2333.00599999997039
2333.15799999997037
2333.30899999997035
2333.46499999997034
2333.61399999997032
2333.76099999997031
2333.90599999997029
2334.04899999997027
2334.20399999997026
2334.35599999997024
2334.50899999997022
2334.65899999997021
2334.80899999997019
2334.97099999997017
2335.11899999997016
2335.26399999997014
2335.40999999997012
2335.56499999997011
2335.74399999997009
2335.91299999997007
2336.06599999997005
2336.23999999997003
2336.39799999997001
2336.54699999997
2336.71699999996998
2336.86799999996996
2337.01499999996995
2337.16099999996993
2337.31699999996991
2337.4789999999699
2337.64199999996988
2337.78499999996986
2337.92899999996985
2338.23899999996981
2338.3919999999698
2338.69499999996976
2338.84799999996974
2339.15399999996971
2339.30299999996969
2339.45099999996968
2339.59799999996966
2339.74499999996965
2339.88299999996963
2340.04699999996961
2340.21599999996959
2340.36099999996958
2340.50499999996956
2340.66799999996954
2340.82999999996953
2340.98799999996951
2341.14499999996949
2341.29599999996948
2341.59599999996944
2341.75699999996942
2341.92499999996941
2342.07099999996939
2342.22399999996937
2342.37899999996936
2342.54199999996934
2342.70099999996932
2342.8599999999693
2343.00599999996929
2343.15999999996927
2343.31499999996925
2343.47599999996924
2343.63799999996922
2343.8069999999692
2343.96999999996918
2344.13099999996916
2344.27899999996915
2344.42099999996913
2344.58399999996911
2344.7459999999691
2344.89299999996908
2345.19499999996905
2345.35399999996903
2345.50999999996901
2346.13799999996894
2346.29699999996892
2346.45399999996891
2346.62799999996889
2346.79599999996887
2346.96999999996885
2347.15099999996883
2347.32199999996881
2347.49099999996879
2347.64499999996878
2347.80199999996876
2347.95999999996874
2348.12299999996872
2348.2949999999687
2348.58299999996867
2348.73399999996866
2348.89199999996864
2349.05499999996862
2349.2129999999686
2349.37699999996859
2349.53499999996857
2349.68899999996855
2349.83399999996854
2349.99399999996852
2350.1589999999685
2350.31299999996848
2350.46799999996847
2350.63099999996845
2350.79799999996843
2350.98799999996841
2351.28899999996837
2352.93699999996819
2353.04599999996818
2353.19199999996817
2353.35299999996815
2353.49499999996813
2353.66599999996811
2353.8149999999681
2353.94999999996808
2354.11399999996806
2354.26699999996805
2354.41899999996803
2354.57799999996801
2354.730999999968
2354.88299999996798
2355.02799999996796
2355.17199999996795
2355.33199999996793
2355.48999999996791
2355.6439999999679
2355.81199999996788
2355.95999999996786
2356.10199999996784
2356.25199999996783
2356.40299999996781
2356.5469999999678
2356.70299999996778
2356.87199999996776
2357.4549999999677
2357.59599999996768
2358.75399999996755
2358.91399999996754
2359.07899999996752
2359.2129999999675
2359.38399999996748
2359.54099999996747
2359.70999999996745
2359.86199999996743
2360.00599999996741
2360.1829999999674
2360.32599999996738
2361.73599999996722
2361.88499999996721
2362.03299999996719
2362.18399999996717
2362.34299999996716
2362.49399999996714
2362.63599999996712
2362.79199999996711
2362.95399999996709
2363.24999999996706
2363.53499999996703
2363.67899999996701
2364.12699999996696
2364.27899999996694
2364.44199999996693
2364.59699999996691
2364.74999999996689
2364.89899999996688
2365.84299999996677
2365.99199999996676
2366.64899999996668
2366.77899999996667
2366.91699999996665
2367.05699999996664
2368.17199999996652
2368.46199999996648
2368.76799999996645
2368.91799999996643
2369.08099999996642
2369.84099999996633
2371.68599999996613
2371.80899999996611
2371.9709999999661
2372.11099999996608
2372.25799999996607
2372.40799999996605
2372.56799999996603
2372.73299999996601
2372.90399999996599
2373.04999999996598
2373.19299999996596
2373.35799999996594
2373.49799999996593
2375.48599999996571
2375.64499999996569
2375.79699999996568
2375.95599999996566
2376.11199999996564
2376.28299999996562
2376.4379999999656
2376.60099999996559
2376.75999999996557
2376.91499999996555
2377.06899999996554
2377.24499999996552
2377.4079999999655
2377.58699999996548
2377.77599999996546
2377.91899999996544
2378.07299999996542
2378.22599999996541
2378.37999999996539
2378.52599999996538
2381.29299999996507
2381.66699999996503
2382.33499999996496
2382.45299999996494
2382.60499999996493
-2
150.560000000000092
150.678000000000092
150.805000000000092
150.936000000000092
151.076000000000093
151.215000000000093
151.675000000000093
151.904000000000093
152.041000000000093
152.171000000000094
152.304000000000094
152.430000000000094
152.688000000000094
152.825000000000094
152.971000000000094
153.100000000000094
153.229000000000094
154.294000000000095
154.419000000000096
154.566000000000096
154.709000000000096
155.006000000000096
155.163000000000096
155.360000000000096
155.568000000000097
155.758000000000097
155.917000000000097
156.056000000000097
273.881000000000202
274.007000000000202
274.147000000000202
274.286000000000202
274.415000000000202
274.550000000000202
274.660000000000202
446.058000000000355
446.186000000000355
446.322000000000355
446.445000000000355
446.581000000000355
446.708000000000355
681.133000000000563
681.255000000000563
681.391000000000564
681.531000000000564
681.668000000000564
681.807000000000564
681.931000000000564
682.977000000000565
683.116000000000565
683.261000000000565
683.401000000000565
683.542000000000565
683.666000000000566
683.789000000000566
683.909000000000566
684.036000000000566
684.161000000000566
684.293000000000566
684.426000000000566
684.562000000000566
684.698000000000566
684.832000000000567
685.880000000000568
686.025000000000568
686.161000000000568
686.328000000000568
686.487000000000568
686.640000000000568
687.301000000000569
687.438000000000569
687.579000000000569
687.735000000000569
687.881000000000569
688.004000000000569
688.11600000000057
698.784000000000579
698.928000000000579
699.081000000000579
699.224000000000579
699.358000000000579
699.49400000000058
916.459000000000772
916.588000000000772
916.722000000000772
916.881000000000773
917.013000000000773
917.143000000000773
917.274000000000773
917.403000000000773
917.535000000000773
917.663000000000773
917.785000000000773
917.901000000000774
936.11900000000079
936.25000000000079
936.37400000000079
936.52400000000079
936.66000000000079
936.76900000000079
938.645000000000792
938.798000000000792
938.925000000000792
939.061000000000792
939.219000000000792
939.356000000000793
1239.05100000000106
1239.18300000000106
1241.06400000000106
1241.35600000000106
1241.49300000000106
1241.64900000000106
1241.79300000000106
1241.92800000000106
1242.05800000000106
1242.18700000000106
1242.29700000000106
1242.41900000000106
1242.54900000000106
1242.69900000000106
1242.84100000000106
1242.97400000000106
1243.12400000000106
1243.26400000000106
1243.39600000000106
1243.53800000000106
1243.66500000000106
1243.79800000000106
1243.92700000000106
1244.05800000000106
1244.19100000000106
1245.09100000000106
1245.23700000000106
1245.37900000000106
1245.51500000000106
1245.65400000000106
1245.79300000000106
1245.94800000000106
1246.09700000000106
1246.23300000000107
1246.38000000000107
1246.51400000000107
1246.65700000000107
1246.79800000000107
1246.93200000000107
1247.07800000000107
1247.20500000000107
1247.34600000000107
1247.51700000000107
1247.66900000000107
1247.81300000000107
1247.95500000000107
1248.09500000000107
1248.26100000000107
1248.40900000000107
1248.54600000000107
1248.70900000000107
1248.85500000000107
1249.02400000000107
1249.17100000000107
1249.32100000000107
1249.47200000000107
1249.62100000000107
1249.77100000000107
1249.93700000000107
1250.08500000000107
1250.24000000000107
1250.38200000000107
1250.51700000000107
1251.52500000000107
1251.68800000000107
1251.83200000000107
1251.97600000000107
1252.11700000000107
1252.26900000000107
1252.41900000000107
1252.57100000000107
1252.73700000000107
1252.88400000000107
1253.17500000000107
1253.30900000000107
1253.44900000000107
1253.59700000000107
1253.75600000000107
1253.91600000000107
1254.06300000000107
1254.20800000000107
1254.35300000000107
1254.49300000000107
1254.64100000000107
1254.78700000000107
1254.94500000000107
1255.12700000000107
1255.28500000000107
1255.44800000000107
1255.59100000000107
1255.75200000000107
1255.88300000000107
1256.04500000000107
1256.24400000000107
1256.40500000000107
1256.56000000000107
1256.72500000000107
1256.88900000000107
1257.04100000000107
1257.20900000000107
1257.36700000000108
1257.51800000000108
1257.67700000000108
1257.83100000000108
1257.98800000000108
1258.15500000000108
1258.30300000000108
1258.44700000000108
1258.58600000000108
1259.60400000000108
1267.11900000000108
1267.26900000000108
1267.40100000000108
1364.30800000000117
1364.45000000000117
1364.58600000000117
1364.72400000000117
1364.85900000000117
1364.99200000000117
1365.14100000000117
1365.28800000000117
1365.42800000000117
1365.56600000000117
1365.70000000000117
1365.83900000000117
1365.96600000000117
1366.12600000000117
1366.26200000000117
1366.71600000000117
1367.47300000000117
1367.61200000000117
1367.74600000000117
1367.88100000000117
1368.01400000000117
1368.17000000000117
1368.35800000000117
1368.49800000000117
1368.63700000000117
1368.77900000000117
1368.91500000000117
1369.05100000000117
1369.77900000000117
1369.91000000000117
1370.04400000000118
1370.18300000000118
1370.78200000000118
1370.93700000000118
1371.07900000000118
1371.43900000000118
1372.22000000000118
1537.62100000000132
1537.72600000000132
1537.86500000000132
1538.02300000000132
1538.16900000000132
1538.31600000000132
1538.45400000000132
1538.58200000000132
1538.70800000000132
1538.82900000000132
1538.95700000000133
1539.09400000000133
1539.24700000000133
1539.39100000000133
1539.53300000000133
1539.68300000000133
1539.82300000000133
1539.93900000000133
1600.03200000000138
1600.17500000000138
1600.31400000000138
1600.45400000000138
1600.58500000000138
1600.70300000000138
2304.58199999997352
2304.68199999997351
2304.81599999997349
2304.95299999997348
2305.09799999997346
2305.23299999997345
2305.36699999997343
2305.50199999997342
2305.6339999999734
2305.76199999997339
2305.88399999997338
2306.90199999997326
2307.04699999997325
2307.18499999997323
2307.31299999997322
2307.4629999999732
2307.62399999997318
2307.77599999997317
2307.90599999997315
2308.03899999997314
2308.17299999997312
2308.3419999999731
2308.48999999997309
2308.64199999997307
2308.79999999997305
2308.94299999997304
2309.07999999997302
2309.23499999997301
2309.37399999997299
2309.51799999997298
2309.67499999997296
2309.81499999997294
2309.95299999997293
2310.09299999997291
2310.2449999999729
2310.39299999997288
2310.54499999997286
2310.68599999997285
2310.82399999997283
2310.97699999997281
2311.1439999999728
2311.29199999997278
2311.44399999997276
2311.57499999997275
2311.71299999997273
2311.84599999997272
2312.0049999999727
2312.15699999997268
2312.30799999997267
2312.45299999997265
2312.60199999997264
2312.75199999997262
2312.9139999999726
2313.06399999997258
2313.20899999997257
2313.36099999997255
2313.53699999997253
2313.68199999997252
2313.8279999999725
2313.98299999997248
2314.14799999997247
2314.30699999997245
2314.47699999997243
2314.62399999997241
2314.7749999999724
2314.94199999997238
2315.11199999997236
2315.27999999997234
2315.44499999997232
2315.59099999997231
2315.73599999997229
2315.88899999997227
2316.04199999997226
2316.19499999997224
2316.35199999997222
2316.48499999997221
2316.63799999997219
2316.79499999997217
2316.94699999997216
2317.08699999997214
2317.24499999997212
2317.38899999997211
2317.53899999997209
2317.68599999997208
2317.85099999997206
2318.01199999997204
2318.17699999997202
2318.31899999997201
2318.46399999997199
2318.61999999997197
2318.76999999997196
2318.98699999997193
2319.07799999997192
2319.21699999997191
2319.35899999997189
2319.50399999997188
2319.64899999997186
2319.79299999997184
2319.95499999997183
2320.10699999997181
2320.25799999997179
2320.40199999997178
2320.54399999997176
2320.69699999997174
2320.84999999997173
2321.00199999997171
2321.15199999997169
2321.31499999997168
2321.47999999997166
2321.63999999997164
2321.81499999997162
2321.9639999999716
2322.11399999997159
2322.26699999997157
2322.43699999997155
2322.60299999997153
2322.79399999997151
2322.9539999999715
2323.12199999997148
2323.30499999997146
2323.48099999997144
2323.63999999997142
2323.8059999999714
2323.94299999997139
2324.12099999997137
2324.24499999997135
2324.39499999997134
2324.53799999997132
2324.6859999999713
2324.83199999997129
2324.99499999997127
2325.13999999997125
2325.28699999997124
2325.43099999997122
2325.58199999997121
2325.74099999997119
2325.90299999997117
2326.06299999997115
2326.21699999997114
2326.35699999997112
2326.5059999999711
2326.65799999997109
2326.81599999997107
2326.97699999997105
2327.14599999997103
2327.31499999997102
2327.478999999971
2327.64299999997098
2327.78799999997096
2327.92999999997095
2328.08699999997093
2328.24499999997091
2328.41099999997089
2328.59799999997087
2328.76599999997086
2328.91699999997084
2329.08399999997082
2329.2339999999708
2329.53399999997077
2329.65999999997076
2329.81099999997074
2329.95699999997072
2330.10899999997071
2330.24399999997069
2330.39299999997068
2330.53699999997066
2330.70499999997064
2330.86499999997062
2331.03399999997061
2331.20199999997059
2331.33999999997057
2331.48399999997056
2331.61799999997054
2332.62299999997043
2332.77699999997041
2332.9249999999704
2333.07299999997038
2333.22599999997036
2333.37699999997035
2333.53099999997033
2333.67999999997031
2333.8189999999703
2333.96399999997028
2334.11599999997027
2334.26799999997025
2334.41799999997023
2334.57199999997022
2334.7219999999702
2334.88599999997018
2335.03199999997017
2335.17799999997015
2335.32399999997013
2335.47999999997012
2335.6539999999701
2335.81799999997008
2335.97999999997006
2336.14399999997004
2336.31499999997002
2336.46399999997001
2336.62699999996999
2336.78499999996997
2336.93699999996996
2337.07799999996994
2337.23299999996992
2337.38899999996991
2337.54399999996989
2337.70199999996987
2337.84499999996986
2338.15299999996982
2338.3049999999698
2338.60999999996977
2338.76499999996975
2339.12899999996971
2339.2189999999697
2339.36599999996969
2339.50999999996967
2339.64899999996966
2339.79199999996964
2339.95299999996962
2340.1199999999696
2340.28199999996959
2340.42199999996957
2340.58199999996955
2340.74399999996954
2340.90099999996952
2341.0589999999695
2341.21099999996948
2341.51499999996945
2341.67399999996943
2341.83599999996942
2341.9889999999694
2342.13899999996938
2342.29399999996937
2342.45599999996935
2342.61399999996933
2342.76699999996931
2342.9279999999693
2343.07199999996928
2343.22899999996926
2343.38799999996924
2343.55099999996923
2343.71899999996921
2343.88399999996919
2344.04099999996917
2344.25599999996915
2344.33699999996914
2344.49699999996912
2344.6629999999691
2344.81199999996909
2345.11299999996906
2345.27499999996904
2345.42599999996902
2346.04799999996895
2346.20499999996893
2346.36899999996892
2346.5309999999689
2346.70199999996888
2346.87099999996886
2347.06199999996884
2347.23599999996882
2347.3999999999688
2347.55899999996879
2347.71399999996877
2347.87399999996875
2348.03699999996873
2348.19699999996872
2348.49899999996868
2348.64699999996867
2348.80199999996865
2348.97099999996863
2349.12899999996861
2349.29499999996859
2349.44899999996858
2349.65399999996855
2349.74999999996854
2349.90999999996853
2350.07699999996851
2350.23199999996849
2350.38399999996847
2350.54399999996846
2350.70899999996844
2350.88499999996842
2351.20499999996838
2351.35499999996837
2352.96399999996819
2353.11499999996817
2353.26099999996816
2353.41199999996814
2353.56299999996812
2353.72199999996811
2353.85999999996809
2354.01699999996807
2354.17399999996806
2354.32699999996804
2354.49699999996802
2354.651999999968
2354.79999999996799
2354.94999999996797
2355.08899999996796
2355.24599999996794
2355.40999999996792
2355.5599999999679
2355.71999999996789
2355.87899999996787
2356.02499999996785
2356.16799999996784
2356.31599999996782
2356.46099999996781
2356.61699999996779
2356.77799999996777
2357.3759999999677
2357.50899999996769
2357.63299999996768
2358.79899999996755
2358.98399999996753
2359.13399999996751
2359.29899999996749
2359.45899999996747
2359.61299999996746
2359.78299999996744
2359.92599999996742
2360.07899999996741
2360.23899999996739
2360.37599999996737
2361.80399999996722
2361.9539999999672
2362.10699999996718
2362.26399999996717
2362.40599999996715
2362.55099999996713
2362.70799999996712
2362.8649999999671
2363.16199999996707
2363.45099999996704
2363.58899999996702
2364.03999999996697
2364.18699999996695
2364.33999999996694
2364.51299999996692
2364.6649999999669
2364.81199999996689
2364.95699999996687
2365.90599999996676
2366.28499999996672
2366.69299999996668
2366.84099999996666
2366.97999999996665
2368.08899999996652
2368.37699999996649
2368.67899999996646
2368.82299999996644
2368.97999999996643
2369.75499999996634
2370.19599999996629
2371.72399999996612
2371.87899999996611
2372.03199999996609
2372.17299999996607
2372.32499999996606
2372.48099999996604
2372.64599999996602
2372.878999999966
2373.02299999996598
2373.10699999996597
2373.25499999996596
2373.41199999996594
2373.54399999996592
2375.5429999999657
2375.69799999996569
2375.86299999996567
2376.01999999996565
2376.18499999996563
2376.35599999996561
2376.5149999999656
2376.66899999996558
2376.82399999996556
2376.97999999996555
2377.15399999996553
2377.31499999996551
2377.49099999996549
2377.67499999996547
2377.82999999996545
2377.97499999996544
2378.12899999996542
2378.2819999999654
2378.43499999996538
2378.57799999996537
2381.34199999996506
2381.69499999996503
2382.36299999996495
2382.51999999996494
2382.67099999996492
193
-3
7.20500000000000014
7.44800000000000014
75.069000000000025
493.777000000000397
493.885000000000397
494.013000000000397
494.155000000000397
494.282000000000397
494.417000000000397
494.544000000000398
494.677000000000398
494.785000000000398
494.931000000000398
495.066000000000398
495.193000000000398
495.330000000000398
495.457000000000398
495.587000000000398
495.723000000000399
495.858000000000399
495.988000000000399
496.123000000000399
496.255000000000399
496.404000000000399
496.530000000000399
496.663000000000399
496.7960000000004
497.5060000000004
497.6390000000004
497.7740000000004
497.903000000000401
498.028000000000401
498.157000000000401
498.284000000000401
498.417000000000401
498.546000000000401
498.684000000000401
500.497000000000403
500.622000000000403
500.763000000000403
500.891000000000403
501.035000000000403
501.164000000000403
501.294000000000404
501.419000000000404
501.564000000000404
501.697000000000404
501.837000000000404
501.979000000000404
502.117000000000404
502.262000000000404
502.399000000000405
502.533000000000405
502.685000000000405
502.845000000000405
502.980000000000405
504.002000000000406
504.138000000000406
504.266000000000406
504.392000000000406
504.525000000000406
504.677000000000407
504.805000000000407
504.959000000000407
505.089000000000407
505.237000000000407
505.386000000000407
505.532000000000407
505.664000000000407
508.03600000000041
508.14100000000041
508.26700000000041
508.41100000000041
508.55300000000041
508.67800000000041
508.82000000000041
508.96000000000041
509.10000000000041
509.243000000000411
509.390000000000411
509.531000000000411
509.680000000000411
509.832000000000411
509.968000000000411
510.097000000000411
510.247000000000412
510.389000000000412
510.527000000000412
510.677000000000412
510.820000000000412
510.962000000000412
511.116000000000412
511.270000000000412
511.410000000000413
511.543000000000413
511.831000000000413
511.964000000000413
512.109000000000413
512.247000000000413
512.401000000000413
512.553000000000414
512.694000000000414
512.829000000000414
512.969000000000414
513.111000000000414
519.34100000000042
519.45100000000042
519.57600000000042
519.71200000000042
519.97800000000042
520.11000000000042
520.24200000000042
520.378000000000421
520.518000000000421
520.657000000000421
520.797000000000421
520.941000000000421
521.083000000000421
521.222000000000421
521.358000000000421
521.508000000000422
521.647000000000422
521.784000000000422
521.921000000000422
524.327000000000424
524.427000000000424
524.563000000000424
524.719000000000424
676.603000000000559
676.713000000000559
676.842000000000559
676.97700000000056
677.11400000000056
677.25000000000056
677.37400000000056
701.761000000000582
701.875000000000582
702.010000000000582
702.147000000000582
702.277000000000582
702.413000000000582
702.550000000000582
702.684000000000582
702.815000000000582
702.946000000000583
703.070000000000583
1286.6440000000011
1286.7500000000011
1286.8630000000011
1287.0020000000011
1287.1540000000011
1287.3050000000011
1287.4700000000011
1287.5910000000011
1287.7360000000011
1287.8820000000011
1288.0120000000011
1288.1560000000011
1288.2980000000011
1288.4400000000011
1288.5890000000011
1288.7230000000011
1288.8600000000011
1288.9880000000011
1289.1360000000011
1289.2620000000011
1289.4100000000011
1289.5260000000011
1289.6660000000011
1289.7970000000011
1289.9300000000011
1290.0610000000011
1290.2030000000011
1290.3360000000011
1290.4820000000011
1290.6400000000011
1290.7790000000011
1290.9120000000011
1291.0550000000011
1291.2110000000011
1291.35500000000111
1291.52300000000111
1291.67100000000111
1291.82800000000111
1291.97300000000111
1292.11200000000111
1292.23500000000111
1921.33100000000166
1921.55700000000166
1921.66600000000166
1921.80400000000167
1921.95400000000167
1922.10100000000167
-4
7.25200000000000014
7.51200000000000014
75.1150000000000251
493.804000000000397
493.933000000000397
494.074000000000397
494.203000000000397
494.334000000000397
494.470000000000398
494.587000000000398
494.710000000000398
494.847000000000398
494.980000000000398
495.111000000000398
495.250000000000398
495.382000000000398
495.507000000000398
495.637000000000399
495.776000000000399
495.906000000000399
496.039000000000399
496.173000000000399
496.303000000000399
496.453000000000399
496.579000000000399
496.7120000000004
496.8360000000004
497.5460000000004
497.6840000000004
497.8180000000004
497.946000000000401
498.075000000000401
498.205000000000401
498.337000000000401
498.463000000000401
498.601000000000401
498.729000000000401
500.539000000000403
500.685000000000403
500.811000000000403
501.013000000000403
501.097000000000403
501.220000000000404
501.343000000000404
501.484000000000404
501.620000000000404
501.758000000000404
501.893000000000404
502.029000000000404
502.173000000000404
502.314000000000404
502.451000000000405
502.585000000000405
502.761000000000405
502.896000000000405
503.035000000000405
504.051000000000406
504.181000000000406
504.311000000000406
504.445000000000406
504.589000000000406
504.726000000000407
504.870000000000407
505.011000000000407
505.149000000000407
505.290000000000407
505.446000000000407
505.582000000000407
505.714000000000408
508.06600000000041
508.19000000000041
508.32900000000041
508.46500000000041
508.60600000000041
508.74600000000041
508.88600000000041
509.02500000000041
509.165000000000411
509.310000000000411
509.452000000000411
509.594000000000411
509.736000000000411
509.887000000000411
510.017000000000411
510.161000000000411
510.303000000000412
510.439000000000412
510.585000000000412
510.732000000000412
510.873000000000412
511.022000000000412
511.176000000000412
511.391000000000413
511.464000000000413
511.745000000000413
511.882000000000413
512.021000000000413
512.160000000000413
512.303000000000413
512.465000000000413
512.610000000000414
512.749000000000414
512.876000000000414
513.025000000000414
513.153000000000414
519.37200000000042
519.50300000000042
519.63200000000042
519.93100000000042
520.03900000000042
520.16900000000042
520.30100000000042
520.439000000000421
520.580000000000421
520.724000000000421
520.869000000000421
521.007000000000421
521.180000000000421
521.278000000000421
521.415000000000421
521.569000000000422
521.706000000000422
521.841000000000422
521.970000000000422
524.344000000000424
524.483000000000424
524.623000000000424
524.737000000000424
676.633000000000559
676.761000000000559
676.90000000000056
677.03300000000056
677.16600000000056
677.29900000000056
677.41000000000056
701.775000000000582
701.931000000000582
702.070000000000582
702.202000000000582
702.339000000000582
702.470000000000582
702.606000000000582
702.737000000000582
702.866000000000583
702.992000000000583
703.112000000000583
1286.6820000000011
1286.7800000000011
1286.9180000000011
1287.0670000000011
1287.2170000000011
1287.3670000000011
1287.5120000000011
1287.6510000000011
1287.7890000000011
1287.9290000000011
1288.0780000000011
1288.2200000000011
1288.3580000000011
1288.5040000000011
1288.6390000000011
1288.7750000000011
1288.9060000000011
1289.0500000000011
1289.1850000000011
1289.3100000000011
1289.4490000000011
1289.5810000000011
1289.7160000000011
1289.8460000000011
1289.9730000000011
1290.1120000000011
1290.2500000000011
1290.3910000000011
1290.5400000000011
1290.6980000000011
1290.8290000000011
1290.9640000000011
1291.1150000000011
1291.26500000000111
1291.43100000000111
1291.58100000000111
1291.73800000000111
1291.88900000000111
1292.02400000000111
1292.16100000000111
1292.28400000000111
1921.36200000000166
1921.57600000000166
1921.72200000000167
1921.86700000000167
1922.00800000000167
1922.13900000000167
0
0
0
0
0
0
0
0
0
0
0
0
0
3600.00099999983085
0
0
0
0
0
0
