10
10
18
10
10
18
IPP2.12
sacchDay2
0
4
9
03
04
10
05
07
22
4
.3
1
985
985
1
118
118
1
1
1
1
1
1
1
1
1
1
1
1
1
1
1
1
1
1
1
1
984
-1
21.9809999999999953
22.1079999999999951
22.6249999999999947
22.8699999999999945
22.9969999999999944
23.1469999999999943
23.2959999999999941
30.2309999999999883
30.4549999999999881
30.6809999999999879
30.7699999999999878
30.8969999999999877
31.0119999999999876
31.1559999999999875
31.2929999999999874
31.5479999999999872
31.675999999999987
31.8079999999999869
31.9379999999999868
32.0709999999999868
32.203999999999987
32.3249999999999871
32.4469999999999872
32.5759999999999873
32.7009999999999874
32.8289999999999875
32.9709999999999876
33.0999999999999878
33.2309999999999879
33.349999999999988
33.4809999999999881
33.6089999999999882
33.7379999999999883
33.8699999999999884
34.0069999999999886
34.1349999999999887
34.2689999999999888
34.4109999999999889
34.535999999999989
34.6659999999999891
34.8119999999999893
34.9379999999999894
35.0659999999999895
35.4789999999999899
35.60999999999999
35.7629999999999901
35.8949999999999902
36.0389999999999904
36.1919999999999905
36.3289999999999906
36.4699999999999907
37.2709999999999915
37.3729999999999915
38.4169999999999925
38.5359999999999926
60.8640000000000124
130.874000000000075
131.019000000000075
131.168000000000075
131.289000000000075
131.451000000000075
131.570000000000075
131.722000000000075
131.869000000000075
132.003000000000076
132.182000000000076
132.307000000000076
132.465000000000076
132.590000000000076
133.053000000000077
133.193000000000077
133.334000000000077
133.480000000000077
211.465000000000146
211.575000000000146
211.712000000000146
211.840000000000146
212.396000000000147
212.519000000000147
212.651000000000147
212.785000000000147
212.927000000000147
213.065000000000148
213.206000000000148
213.350000000000148
213.464000000000148
213.605000000000148
213.731000000000148
213.866000000000148
213.985000000000148
214.124000000000149
214.243000000000149
214.369000000000149
214.491000000000149
214.619000000000149
214.743000000000149
214.868000000000149
215.002000000000149
215.131000000000149
215.29400000000015
215.40800000000015
215.53400000000015
215.67900000000015
215.79700000000015
215.93500000000015
216.08100000000015
216.22200000000015
216.35000000000015
217.565000000000152
217.734000000000152
217.850000000000152
218.000000000000152
218.134000000000152
218.254000000000152
218.576000000000152
218.705000000000153
218.842000000000153
218.999000000000153
219.170000000000153
219.322000000000153
219.443000000000153
219.595000000000153
219.722000000000154
219.855000000000154
219.916000000000154
220.262000000000154
220.392000000000154
220.522000000000154
220.604000000000154
225.513000000000159
225.648000000000159
225.807000000000159
226.456000000000159
226.59200000000016
226.72000000000016
226.86200000000016
227.02800000000016
227.15100000000016
227.32200000000016
227.48200000000016
227.672000000000161
227.819000000000161
227.950000000000161
228.098000000000161
228.240000000000161
228.387000000000161
228.536000000000161
228.675000000000161
228.835000000000162
228.965000000000162
229.112000000000162
229.261000000000162
229.391000000000162
231.659000000000164
231.829000000000164
231.961000000000164
232.107000000000165
232.236000000000165
232.381000000000165
232.530000000000165
232.678000000000165
232.824000000000165
233.412000000000166
233.543000000000166
233.682000000000166
233.836000000000166
233.995000000000166
234.122000000000166
234.282000000000166
234.424000000000167
234.560000000000167
235.011000000000167
235.144000000000167
235.242000000000167
235.580000000000168
235.721000000000168
236.018000000000168
236.153000000000168
236.291000000000168
236.552000000000168
236.705000000000169
236.858000000000169
237.220000000000169
237.362000000000169
237.690000000000169
237.80600000000017
237.89100000000017
240.923000000000172
241.071000000000172
241.500000000000173
241.685000000000173
241.825000000000173
241.959000000000173
242.044000000000173
249.92000000000018
250.06000000000018
250.211000000000181
250.354000000000181
250.524000000000181
250.587000000000181
255.528000000000185
256.421000000000186
256.559000000000186
256.700000000000186
258.001000000000188
258.133000000000188
258.276000000000188
258.419000000000188
258.558000000000188
258.725000000000188
258.990000000000188
259.125000000000188
259.265000000000189
259.408000000000189
260.49300000000019
260.76400000000019
260.90100000000019
261.04200000000019
261.20400000000019
261.32200000000019
261.489000000000191
261.633000000000191
261.793000000000191
262.258000000000191
262.387000000000191
264.650000000000193
264.790000000000194
264.949000000000194
265.102000000000194
265.248000000000194
265.390000000000194
265.533000000000194
265.676000000000194
265.831000000000194
265.993000000000195
266.162000000000195
266.313000000000195
269.018000000000197
269.155000000000197
269.285000000000198
269.422000000000198
269.560000000000198
269.694000000000198
269.876000000000198
269.997000000000198
270.143000000000198
272.0000000000002
272.1360000000002
272.2750000000002
272.3760000000002
272.4220000000002
272.5510000000002
272.693000000000201
272.836000000000201
273.003000000000201
273.132000000000201
273.274000000000201
273.411000000000201
273.560000000000201
273.681000000000201
274.066000000000202
274.205000000000202
274.339000000000202
275.457000000000203
275.608000000000203
275.738000000000203
275.874000000000203
276.020000000000203
276.153000000000204
276.299000000000204
276.441000000000204
276.594000000000204
276.744000000000204
276.911000000000204
277.045000000000204
277.334000000000205
277.471000000000205
277.612000000000205
277.757000000000205
277.904000000000205
278.065000000000205
278.238000000000205
278.364000000000206
278.517000000000206
278.676000000000206
278.805000000000206
279.090000000000206
279.223000000000206
279.403000000000206
279.580000000000207
279.756000000000207
279.877000000000207
280.427000000000207
280.686000000000208
284.442000000000211
284.586000000000211
284.749000000000211
284.876000000000211
285.019000000000211
285.170000000000212
285.463000000000212
285.616000000000212
285.767000000000212
350.235000000000269
350.47100000000027
350.59100000000027
350.72900000000027
350.86500000000027
351.00300000000027
351.13200000000027
351.27100000000027
351.41800000000027
351.565000000000271
351.712000000000271
351.821000000000271
352.346000000000271
352.748000000000272
352.869000000000272
352.985000000000272
353.109000000000272
353.239000000000272
353.397000000000272
353.534000000000272
353.649000000000272
353.790000000000273
353.930000000000273
354.082000000000273
354.473000000000273
354.610000000000273
354.732000000000273
354.805000000000273
356.232000000000275
357.888000000000276
358.021000000000276
358.624000000000277
358.732000000000277
359.299000000000277
359.363000000000278
359.451000000000278
359.599000000000278
361.303000000000279
361.413000000000279
361.569000000000279
361.68900000000028
361.81400000000028
362.46300000000028
362.63300000000028
362.759000000000281
362.843000000000281
364.176000000000282
364.299000000000282
364.579000000000282
364.700000000000282
364.833000000000282
364.964000000000282
365.090000000000283
365.220000000000283
365.357000000000283
365.490000000000283
368.834000000000286
368.963000000000286
369.094000000000286
369.239000000000286
369.388000000000286
370.559000000000287
370.679000000000288
370.802000000000288
371.068000000000288
371.209000000000288
372.168000000000289
372.296000000000289
372.440000000000289
372.592000000000289
372.701000000000289
372.753000000000289
372.96200000000029
373.33100000000029
373.44300000000029
373.58900000000029
374.076000000000291
374.204000000000291
374.316000000000291
374.467000000000291
374.825000000000291
375.210000000000292
376.173000000000292
376.482000000000293
376.887000000000293
377.134000000000293
377.710000000000294
378.055000000000294
378.186000000000294
378.325000000000294
378.738000000000295
379.029000000000295
379.165000000000295
379.306000000000295
379.608000000000296
379.707000000000296
379.860000000000296
379.998000000000296
380.139000000000296
380.259000000000296
380.543000000000296
380.664000000000296
380.791000000000297
381.028000000000297
381.178000000000297
381.319000000000297
381.465000000000297
381.593000000000297
381.717000000000297
381.879000000000298
382.026000000000298
382.147000000000298
473.168000000000379
473.277000000000379
473.399000000000379
473.529000000000379
473.669000000000379
473.795000000000379
473.924000000000379
474.042000000000379
474.161000000000379
475.551000000000381
475.684000000000381
475.826000000000381
475.953000000000381
476.079000000000381
476.200000000000381
476.327000000000381
476.474000000000382
476.618000000000382
476.744000000000382
476.886000000000382
477.039000000000382
477.158000000000382
478.103000000000383
478.265000000000383
478.393000000000383
478.675000000000383
478.787000000000384
478.935000000000384
479.077000000000384
479.220000000000384
479.330000000000384
479.459000000000384
480.127000000000385
480.255000000000385
480.401000000000385
480.520000000000385
481.266000000000386
481.407000000000386
481.564000000000386
481.701000000000386
481.850000000000386
482.957000000000387
483.091000000000387
483.191000000000388
484.267000000000388
485.309000000000389
485.50600000000039
485.62700000000039
485.72200000000039
487.125000000000391
487.243000000000391
487.391000000000391
487.561000000000391
487.706000000000392
487.839000000000392
487.969000000000392
489.668000000000393
489.815000000000393
489.943000000000394
490.066000000000394
632.59800000000052
632.70300000000052
633.322000000000521
633.449000000000521
633.576000000000521
633.702000000000521
638.837000000000526
639.459000000000526
639.594000000000526
639.748000000000526
639.881000000000527
640.020000000000527
640.155000000000527
640.321000000000527
640.455000000000527
640.602000000000527
640.714000000000527
640.851000000000528
640.982000000000528
641.108000000000528
641.238000000000528
642.338000000000529
642.473000000000529
643.22800000000053
643.37100000000053
646.545000000000533
646.688000000000533
646.841000000000533
649.141000000000535
649.284000000000535
649.474000000000535
649.628000000000535
649.782000000000535
649.908000000000536
650.062000000000536
650.179000000000536
651.190000000000537
651.382000000000537
651.509000000000537
651.676000000000537
651.822000000000537
651.968000000000537
652.110000000000538
652.208000000000538
652.251000000000538
652.377000000000538
652.506000000000538
652.584000000000538
653.607000000000539
653.789000000000539
653.877000000000539
653.934000000000539
654.067000000000539
654.66300000000054
667.413000000000551
667.511000000000551
667.675000000000551
667.820000000000551
667.948000000000552
668.086000000000552
668.216000000000552
668.336000000000552
668.470000000000552
668.612000000000552
668.724000000000552
668.853000000000552
668.982000000000552
669.128000000000553
669.253000000000553
669.382000000000553
669.518000000000553
669.662000000000553
669.809000000000553
669.934000000000553
670.073000000000553
670.210000000000554
670.361000000000554
670.498000000000554
670.644000000000554
670.778000000000554
670.905000000000554
671.052000000000554
671.193000000000554
671.331000000000555
671.474000000000555
671.610000000000555
671.740000000000555
671.891000000000555
672.002000000000555
672.142000000000555
672.296000000000555
672.434000000000556
672.568000000000556
672.696000000000556
672.837000000000556
672.966000000000556
673.092000000000556
673.223000000000556
673.362000000000556
673.498000000000556
673.643000000000557
673.757000000000557
673.893000000000557
674.013000000000557
674.145000000000557
674.271000000000557
674.397000000000557
674.533000000000557
674.660000000000558
674.790000000000558
674.939000000000558
675.064000000000558
675.198000000000558
676.404000000000559
676.498000000000559
676.658000000000559
676.780000000000559
676.93400000000056
677.08800000000056
677.24400000000056
677.39000000000056
677.52100000000056
677.65600000000056
677.78800000000056
677.94800000000056
678.067000000000561
678.196000000000561
678.483000000000561
678.619000000000561
686.474000000000568
686.577000000000568
765.795000000000638
777.279000000000649
777.353000000000649
777.405000000000649
777.553000000000649
777.702000000000649
777.824000000000649
777.978000000000649
778.114000000000649
778.27900000000065
778.41300000000065
778.52500000000065
778.64300000000065
778.77500000000065
779.17500000000065
779.27700000000065
779.32700000000065
779.488000000000651
779.615000000000651
779.742000000000651
779.878000000000651
780.006000000000651
780.137000000000651
780.285000000000651
780.411000000000651
780.572000000000652
780.684000000000652
780.813000000000652
780.939000000000652
781.095000000000652
781.213000000000652
781.345000000000652
781.476000000000652
781.635000000000652
781.755000000000653
781.840000000000653
783.894000000000655
784.045000000000655
784.192000000000655
784.337000000000655
784.476000000000655
784.607000000000655
784.761000000000655
784.916000000000655
785.053000000000656
785.728000000000656
785.856000000000656
786.000000000000656
786.132000000000656
786.265000000000657
786.411000000000657
786.823000000000657
786.968000000000657
789.58300000000066
790.04400000000066
790.24100000000066
790.41900000000066
790.55100000000066
790.691000000000661
790.820000000000661
792.169000000000662
792.331000000000662
792.492000000000662
792.646000000000662
792.768000000000662
792.923000000000663
793.119000000000663
793.267000000000663
802.130000000000671
802.286000000000671
802.428000000000671
802.582000000000671
802.844000000000671
803.911000000000672
804.059000000000672
804.188000000000673
804.387000000000673
804.876000000000673
805.090000000000673
805.340000000000674
805.590000000000674
805.800000000000674
806.119000000000674
806.398000000000674
806.485000000000675
806.531000000000675
806.706000000000675
806.875000000000675
807.015000000000675
807.167000000000675
807.295000000000675
807.417000000000676
807.552000000000676
807.957000000000676
808.089000000000676
808.257000000000676
808.420000000000676
808.545000000000676
808.682000000000677
808.810000000000677
808.942000000000677
809.082000000000677
809.237000000000677
809.646000000000677
809.770000000000678
809.903000000000678
809.975000000000678
810.904000000000678
811.748000000000679
813.526000000000681
813.663000000000681
815.382000000000683
815.510000000000683
815.651000000000683
815.801000000000683
815.930000000000683
816.007000000000683
816.673000000000684
816.808000000000684
816.982000000000684
817.158000000000684
817.280000000000684
817.471000000000684
817.639000000000684
818.785000000000686
818.918000000000686
819.051000000000686
819.184000000000686
819.334000000000686
819.679000000000686
819.848000000000686
820.406000000000687
822.144000000000688
823.007000000000689
823.120000000000689
823.28000000000069
823.42300000000069
826.543000000000692
826.684000000000693
826.845000000000693
827.703000000000694
827.906000000000694
828.044000000000694
828.181000000000694
828.312000000000694
828.456000000000694
833.229000000000698
833.376000000000698
833.651000000000699
833.795000000000699
838.623000000000703
1117.33200000000095
1117.45300000000095
1117.62700000000095
1117.76400000000095
1117.88200000000095
1118.02000000000095
1120.28700000000095
1122.40700000000096
1122.56100000000096
1122.72600000000096
1122.87000000000096
1123.03200000000096
1123.16600000000096
1123.30300000000096
1123.44300000000096
1123.58900000000096
1123.71500000000096
1124.04700000000096
1124.17100000000096
1124.30500000000096
1124.75900000000096
1125.44000000000096
1125.56700000000096
1125.75600000000096
1125.88600000000096
1126.05900000000096
1126.25600000000096
1126.41300000000096
1126.58000000000096
1126.65600000000096
1126.73100000000096
1126.85000000000096
1126.98200000000096
1127.10600000000096
1127.23700000000096
1127.37600000000096
1127.50800000000096
1127.65400000000096
1127.82200000000096
1128.18600000000096
1129.04100000000096
1129.36000000000096
1129.49800000000096
1129.68200000000096
1129.83700000000096
1129.95900000000096
1130.13200000000096
1130.27100000000096
1130.40300000000096
1131.02000000000096
1131.15400000000096
1131.28800000000096
1132.64700000000096
1132.83200000000096
1132.96600000000096
1133.13500000000096
1133.26000000000096
1133.41200000000096
1133.55300000000097
1133.68800000000097
1133.85900000000097
1133.99000000000097
1134.13300000000097
1139.14300000000097
1139.28900000000097
1139.43000000000097
1139.56300000000097
1139.68700000000097
1139.81300000000097
1139.94000000000097
1140.07900000000097
1140.20400000000097
1140.33100000000097
1141.49000000000097
1141.67400000000097
1141.80900000000097
1141.96600000000097
1142.09200000000097
1142.24600000000097
1142.40300000000097
1142.55300000000097
1142.68500000000097
1142.85200000000097
1142.99100000000097
1143.78600000000097
1143.90500000000097
1144.06000000000097
1144.18600000000097
1144.33600000000097
1144.50400000000097
1148.86000000000098
1148.99200000000098
1149.13400000000098
1149.26100000000098
1149.39300000000098
1149.53900000000098
1149.65600000000098
1149.79400000000098
1150.09400000000098
1150.23400000000098
1150.44400000000098
1964.2950000000017
1965.7680000000017
2278.72799999997637
2303.55499999997363
2470.75399999995522
2470.9069999999552
2471.02999999995519
2471.12599999995518
2471.34899999995515
2471.50899999995513
2471.63799999995512
2472.34199999995504
2473.50799999995491
2473.6019999999549
2473.78299999995488
2473.92899999995487
2474.08199999995485
2474.21299999995484
2474.34699999995482
2474.48199999995481
2474.62999999995479
2474.74599999995478
2474.89399999995476
2475.18699999995473
2475.31899999995471
2476.13799999995462
2476.27799999995461
2476.43999999995459
2476.56399999995458
2477.11599999995452
2477.2279999999545
2477.38599999995449
2477.54899999995447
2477.75199999995445
2477.91499999995443
2478.03799999995442
2478.25499999995439
2478.41099999995437
2478.55999999995436
2478.69199999995434
2478.84099999995433
2478.98199999995431
2479.1089999999543
2479.83199999995422
2480.0109999999542
2480.11699999995419
2482.25199999995395
2482.7489999999539
2483.99499999995376
2484.11799999995375
2484.30599999995373
2484.43199999995371
2484.58399999995369
2484.75999999995368
2484.91199999995366
2485.03699999995364
2485.21199999995363
2486.55199999995348
2486.74199999995346
2486.91099999995344
2487.49499999995337
2487.57799999995336
2487.64699999995336
2487.86699999995333
2488.07099999995331
2488.22399999995329
2488.38799999995328
2488.50999999995326
2488.67199999995324
2488.82099999995323
2488.98999999995321
2489.0749999999532
2490.75999999995301
2490.923999999953
2491.07599999995298
2491.23699999995296
2492.47499999995283
2492.61699999995281
2492.77699999995279
2492.91099999995278
2493.07099999995276
2493.20199999995275
2493.35099999995273
2493.48099999995271
2493.6219999999527
2493.75799999995268
2494.04899999995265
2494.21499999995263
2494.34199999995262
2494.44799999995261
2495.09799999995254
2497.19099999995231
2497.47299999995228
2497.61799999995226
2497.74799999995224
2497.90299999995223
2500.38499999995195
2502.98699999995167
2503.11499999995165
2503.25599999995164
2503.41699999995162
2503.55099999995161
2503.70199999995159
2504.13799999995154
2504.31499999995152
2697.9269999999302
2698.94899999993009
2699.03499999993008
2699.18499999993006
2699.39599999993004
2699.74199999993
2700.14299999992995
2700.19599999992995
2700.30799999992994
2700.75299999992989
2700.88299999992987
2701.05299999992985
2701.23099999992983
2701.58899999992979
2701.78199999992977
2701.95599999992975
2703.57199999992958
2703.80199999992955
2703.94099999992954
2704.09699999992952
2704.2439999999295
-2
22.0299999999999952
22.1659999999999951
22.6569999999999947
22.9069999999999945
23.0529999999999943
23.2019999999999942
23.3619999999999941
30.2689999999999882
30.495999999999988
30.7019999999999879
30.8249999999999878
30.9419999999999877
31.0879999999999875
31.2269999999999874
31.3519999999999873
31.6129999999999871
31.738999999999987
31.8699999999999869
31.9999999999999868
32.1319999999999869
32.255999999999987
32.3749999999999871
32.5009999999999872
32.6289999999999873
32.7549999999999874
32.8739999999999876
33.0289999999999877
33.1569999999999878
33.2809999999999879
33.404999999999988
33.5329999999999881
33.6619999999999882
33.7899999999999884
33.9279999999999885
34.0589999999999886
34.1919999999999887
34.3209999999999888
34.465999999999989
34.5889999999999891
34.7279999999999892
34.8649999999999893
34.9939999999999894
35.3969999999999898
35.5329999999999899
35.68099999999999
35.8259999999999902
35.9579999999999903
36.0939999999999904
36.2469999999999905
36.3909999999999907
36.5179999999999908
37.2949999999999915
37.4269999999999916
38.4559999999999925
38.6109999999999926
60.9070000000000124
130.930000000000075
131.080000000000075
131.213000000000075
131.359000000000075
131.495000000000075
131.637000000000075
131.771000000000075
131.916000000000076
132.085000000000076
132.220000000000076
132.371000000000076
132.507000000000076
132.641000000000076
133.109000000000077
133.249000000000077
133.392000000000077
133.521000000000077
211.511000000000146
211.640000000000146
211.760000000000146
211.878000000000147
212.446000000000147
212.579000000000147
212.712000000000147
212.855000000000147
212.995000000000148
213.133000000000148
213.268000000000148
213.396000000000148
213.528000000000148
213.658000000000148
213.778000000000148
213.910000000000148
214.048000000000148
214.172000000000149
214.296000000000149
214.418000000000149
214.544000000000149
214.670000000000149
214.790000000000149
214.919000000000149
215.052000000000149
215.19800000000015
215.34100000000015
215.45700000000015
215.59600000000015
215.72300000000015
215.85100000000015
216.00200000000015
216.14600000000015
216.27400000000015
217.204000000000151
217.638000000000152
217.778000000000152
217.923000000000152
218.055000000000152
218.183000000000152
218.494000000000152
218.628000000000153
218.757000000000153
218.905000000000153
219.068000000000153
219.223000000000153
219.372000000000153
219.517000000000153
219.648000000000153
219.778000000000154
219.910000000000154
220.250000000000154
220.308000000000154
220.441000000000154
220.589000000000154
225.255000000000158
225.573000000000159
225.732000000000159
225.874000000000159
226.50700000000016
226.64000000000016
226.78500000000016
226.94100000000016
227.08100000000016
227.23300000000016
227.39500000000016
227.55200000000016
227.731000000000161
227.869000000000161
228.018000000000161
228.152000000000161
228.307000000000161
228.461000000000161
228.593000000000161
228.733000000000162
228.869000000000162
229.037000000000162
229.184000000000162
229.313000000000162
231.575000000000164
231.731000000000164
231.886000000000164
232.031000000000164
232.165000000000165
232.306000000000165
232.450000000000165
232.593000000000165
232.739000000000165
233.342000000000166
233.471000000000166
233.606000000000166
233.761000000000166
233.896000000000166
234.043000000000166
234.184000000000166
234.340000000000166
234.479000000000167
234.771000000000167
235.072000000000167
235.226000000000167
235.442000000000167
235.649000000000168
236.014000000000168
236.077000000000168
236.212000000000168
236.479000000000168
236.630000000000169
236.764000000000169
236.913000000000169
237.274000000000169
237.378000000000169
237.72900000000017
237.88000000000017
240.589000000000172
240.991000000000172
241.488000000000173
241.596000000000173
241.756000000000173
241.889000000000173
242.021000000000173
245.643000000000177
249.98800000000018
250.134000000000181
250.283000000000181
250.433000000000181
250.565000000000181
255.428000000000185
255.565000000000185
256.488000000000186
256.631000000000186
257.929000000000187
258.058000000000188
258.198000000000188
258.340000000000188
258.483000000000188
258.631000000000188
258.917000000000188
259.037000000000188
259.183000000000189
259.329000000000189
260.131000000000189
260.54000000000019
260.82300000000019
260.96500000000019
261.10600000000019
261.24500000000019
261.40300000000019
261.554000000000191
261.716000000000191
261.852000000000191
262.313000000000191
264.566000000000193
264.704000000000193
264.844000000000194
265.009000000000194
265.171000000000194
265.312000000000194
265.459000000000194
265.596000000000194
265.745000000000194
265.912000000000195
266.074000000000195
266.235000000000195
268.914000000000197
269.057000000000197
269.196000000000197
269.324000000000198
269.459000000000198
269.618000000000198
269.777000000000198
269.922000000000198
270.070000000000198
271.7310000000002
272.0660000000002
272.1990000000002
272.3340000000002
272.3980000000002
272.4780000000002
272.6220000000002
272.747000000000201
272.917000000000201
273.059000000000201
273.195000000000201
273.333000000000201
273.481000000000201
273.650000000000201
273.989000000000202
274.170000000000202
274.261000000000202
275.395000000000203
275.491000000000203
275.651000000000203
275.774000000000203
275.914000000000203
276.057000000000204
276.222000000000204
276.362000000000204
276.520000000000204
276.675000000000204
276.819000000000204
277.044000000000204
277.090000000000204
277.399000000000205
277.535000000000205
277.682000000000205
277.818000000000205
277.977000000000205
278.133000000000205
278.292000000000206
278.439000000000206
278.595000000000206
278.731000000000206
278.857000000000206
279.149000000000206
279.306000000000206
279.464000000000207
279.658000000000207
279.810000000000207
280.347000000000207
280.474000000000207
280.769000000000208
284.502000000000211
284.629000000000211
284.804000000000211
284.952000000000211
285.091000000000212
285.393000000000212
285.537000000000212
285.684000000000212
285.817000000000212
350.275000000000269
350.51800000000027
350.66300000000027
350.79300000000027
350.92900000000027
351.06100000000027
351.19600000000027
351.33900000000027
351.492000000000271
351.635000000000271
351.754000000000271
351.860000000000271
352.395000000000271
352.794000000000272
352.915000000000272
353.035000000000272
353.168000000000272
353.320000000000272
353.457000000000272
353.575000000000272
353.703000000000272
353.855000000000273
353.978000000000273
354.401000000000273
354.532000000000273
354.662000000000273
354.782000000000273
356.213000000000275
357.878000000000276
357.934000000000276
358.063000000000276
358.695000000000277
359.225000000000277
359.352000000000278
359.387000000000278
359.511000000000278
361.197000000000279
361.335000000000279
361.472000000000279
361.62000000000028
361.73900000000028
361.85600000000028
362.49500000000028
362.68400000000028
362.827000000000281
364.102000000000282
364.224000000000282
364.493000000000282
364.624000000000282
364.756000000000282
364.925000000000282
365.012000000000283
365.142000000000283
365.279000000000283
365.407000000000283
365.536000000000283
368.894000000000286
369.031000000000286
369.176000000000286
369.315000000000286
370.486000000000287
370.606000000000288
370.728000000000288
371.056000000000288
371.102000000000288
372.083000000000289
372.217000000000289
372.348000000000289
372.485000000000289
372.637000000000289
372.748000000000289
372.769000000000289
373.00100000000029
373.39200000000029
373.53500000000029
373.66000000000029
374.127000000000291
374.235000000000291
374.438000000000291
374.611000000000291
374.899000000000291
375.345000000000292
376.250000000000293
376.619000000000293
377.059000000000293
377.457000000000294
377.868000000000294
378.110000000000294
378.241000000000294
378.397000000000294
378.773000000000295
379.090000000000295
379.232000000000295
379.355000000000295
379.642000000000296
379.779000000000296
379.927000000000296
380.067000000000296
380.189000000000296
380.303000000000296
380.586000000000296
380.722000000000296
380.834000000000297
381.092000000000297
381.240000000000297
381.383000000000297
381.511000000000297
381.641000000000297
381.799000000000297
381.947000000000298
382.072000000000298
382.196000000000298
473.210000000000379
473.333000000000379
473.464000000000379
473.640000000000379
473.737000000000379
473.864000000000379
473.977000000000379
474.097000000000379
475.24200000000038
475.616000000000381
475.738000000000381
475.886000000000381
476.004000000000381
476.126000000000381
476.251000000000381
476.383000000000381
476.534000000000382
476.668000000000382
476.801000000000382
476.940000000000382
477.091000000000382
478.007000000000383
478.180000000000383
478.325000000000383
478.445000000000383
478.711000000000384
478.855000000000384
478.994000000000384
479.128000000000384
479.261000000000384
479.384000000000384
480.119000000000385
480.158000000000385
480.314000000000385
480.448000000000385
480.564000000000385
481.330000000000386
481.477000000000386
481.615000000000386
481.759000000000386
482.810000000000387
482.988000000000387
483.134000000000387
483.263000000000388
484.348000000000388
485.343000000000389
485.55700000000039
485.69400000000039
486.49400000000039
487.164000000000391
487.309000000000391
487.462000000000391
487.621000000000391
487.755000000000392
487.882000000000392
489.585000000000393
489.714000000000393
489.853000000000393
489.987000000000394
490.100000000000394
632.64100000000052
632.74800000000052
633.378000000000521
633.506000000000521
633.632000000000521
638.757000000000526
639.388000000000526
639.513000000000526
639.649000000000526
639.792000000000527
639.933000000000527
640.074000000000527
640.233000000000527
640.367000000000527
640.502000000000527
640.645000000000527
640.774000000000527
640.907000000000528
641.030000000000528
641.158000000000528
642.317000000000529
642.379000000000529
642.513000000000529
643.28800000000053
646.459000000000532
646.591000000000533
646.730000000000533
646.867000000000533
649.192000000000535
649.364000000000535
649.577000000000535
649.688000000000535
649.812000000000535
649.968000000000536
650.097000000000536
650.219000000000536
651.205000000000537
651.428000000000537
651.590000000000537
651.738000000000537
651.875000000000537
652.022000000000537
652.155000000000538
652.236000000000538
652.298000000000538
652.427000000000538
652.555000000000538
652.645000000000538
653.638000000000539
653.859000000000539
653.911000000000539
654.015000000000539
654.60000000000054
654.68300000000054
667.439000000000551
667.593000000000551
667.736000000000551
667.868000000000552
668.002000000000552
668.135000000000552
668.256000000000552
668.387000000000552
668.510000000000552
668.635000000000552
668.765000000000552
668.899000000000552
669.048000000000553
669.175000000000553
669.302000000000553
669.432000000000553
669.577000000000553
669.708000000000553
669.849000000000553
669.976000000000553
670.111000000000554
670.254000000000554
670.395000000000554
670.554000000000554
670.690000000000554
670.817000000000554
670.955000000000554
671.104000000000554
671.243000000000554
671.383000000000555
671.520000000000555
671.654000000000555
671.787000000000555
671.920000000000555
672.055000000000555
672.197000000000555
672.349000000000556
672.484000000000556
672.616000000000556
672.749000000000556
672.880000000000556
673.013000000000556
673.141000000000556
673.271000000000556
673.408000000000556
673.543000000000557
673.682000000000557
673.805000000000557
673.938000000000557
674.062000000000557
674.188000000000557
674.315000000000557
674.446000000000557
674.581000000000557
674.707000000000558
674.838000000000558
674.985000000000558
675.111000000000558
675.244000000000558
676.415000000000559
676.560000000000559
676.703000000000559
676.833000000000559
676.99500000000056
677.14900000000056
677.29300000000056
677.43900000000056
677.57200000000056
677.70400000000056
677.84100000000056
677.99100000000056
678.116000000000561
678.250000000000561
678.508000000000561
678.648000000000561
686.507000000000568
686.652000000000568
765.916000000000639
777.329000000000649
777.373000000000649
777.459000000000649
777.615000000000649
777.746000000000649
777.897000000000649
778.038000000000649
778.19500000000065
778.32700000000065
778.45400000000065
778.57300000000065
778.69600000000065
778.82200000000065
779.18800000000065
779.29300000000065
779.397000000000651
779.532000000000651
779.661000000000651
779.786000000000651
779.916000000000651
780.047000000000651
780.186000000000651
780.328000000000651
780.470000000000652
780.612000000000652
780.734000000000652
780.862000000000652
780.993000000000652
781.135000000000652
781.266000000000652
781.394000000000652
781.527000000000652
781.670000000000653
781.827000000000653
783.544000000000654
783.948000000000655
784.094000000000655
784.241000000000655
784.385000000000655
784.525000000000655
784.658000000000655
784.808000000000655
784.967000000000656
785.653000000000656
785.776000000000656
785.921000000000656
786.048000000000656
786.181000000000657
786.317000000000657
786.754000000000657
786.862000000000657
786.998000000000657
789.65000000000066
790.14400000000066
790.30800000000066
790.45500000000066
790.60400000000066
790.732000000000661
790.862000000000661
792.235000000000662
792.389000000000662
792.535000000000662
792.676000000000662
792.815000000000662
792.957000000000663
793.166000000000663
793.287000000000663
802.207000000000671
802.347000000000671
802.496000000000671
802.637000000000671
802.879000000000671
803.955000000000672
804.080000000000672
804.300000000000673
804.422000000000673
805.057000000000673
805.270000000000674
805.533000000000674
805.758000000000674
805.980000000000674
806.158000000000674
806.455000000000675
806.514000000000675
806.622000000000675
806.792000000000675
806.937000000000675
807.084000000000675
807.218000000000675
807.342000000000675
807.468000000000676
807.587000000000676
808.004000000000676
808.177000000000676
808.336000000000676
808.473000000000676
808.592000000000676
808.728000000000677
808.861000000000677
808.989000000000677
809.133000000000677
809.545000000000677
809.679000000000677
809.811000000000678
809.970000000000678
810.826000000000678
811.701000000000679
811.770000000000679
813.587000000000681
815.285000000000682
815.426000000000683
815.560000000000683
815.695000000000683
815.835000000000683
815.985000000000683
816.116000000000683
816.705000000000684
816.869000000000684
817.049000000000684
817.193000000000684
817.366000000000684
817.529000000000684
818.708000000000685
818.838000000000686
818.969000000000686
819.099000000000686
819.234000000000686
819.373000000000686
819.746000000000686
819.873000000000686
822.040000000000688
822.169000000000688
823.044000000000689
823.196000000000689
823.33700000000069
824.11100000000069
826.596000000000692
826.753000000000693
827.324000000000693
827.798000000000694
827.964000000000694
828.147000000000694
828.209000000000694
828.371000000000694
828.498000000000694
833.291000000000698
833.472000000000699
833.715000000000699
834.016000000000699
838.646000000000703
1117.37100000000095
1117.52900000000095
1117.66700000000095
1117.79400000000095
1117.92100000000095
1118.05000000000095
1120.33800000000095
1122.46500000000096
1122.62700000000096
1122.76400000000096
1122.93500000000096
1123.07600000000096
1123.21200000000096
1123.34700000000096
1123.49700000000096
1123.63000000000096
1123.81600000000096
1124.09300000000096
1124.21600000000096
1124.35200000000096
1124.81400000000096
1125.46000000000096
1125.64900000000096
1125.78800000000096
1125.93300000000096
1126.10700000000096
1126.29400000000096
1126.46000000000096
1126.64200000000096
1126.68200000000096
1126.77200000000096
1126.89600000000096
1127.02400000000096
1127.15200000000096
1127.28300000000096
1127.41300000000096
1127.54300000000096
1127.66700000000096
1127.84800000000096
1128.21700000000096
1129.13100000000096
1129.39900000000096
1129.54700000000096
1129.73300000000096
1129.87000000000096
1130.04800000000096
1130.17900000000096
1130.31000000000096
1130.92800000000096
1131.05500000000096
1131.17200000000096
1131.31200000000096
1132.72500000000096
1132.86500000000096
1133.02700000000096
1133.17500000000096
1133.31300000000096
1133.46100000000096
1133.59300000000097
1133.73900000000097
1133.89900000000097
1134.03900000000097
1134.17700000000097
1139.19800000000097
1139.34100000000097
1139.48200000000097
1139.60500000000097
1139.73400000000097
1139.86000000000097
1139.98300000000097
1140.12200000000097
1140.24500000000097
1140.37100000000097
1141.56500000000097
1141.71400000000097
1141.86800000000097
1142.00700000000097
1142.14300000000097
1142.28200000000097
1142.45100000000097
1142.59300000000097
1142.75600000000097
1142.89700000000097
1143.69200000000097
1143.81800000000097
1143.95500000000097
1144.09100000000097
1144.23300000000097
1144.37000000000097
1144.52800000000097
1148.90000000000098
1149.04500000000098
1149.17500000000098
1149.30200000000098
1149.45100000000098
1149.57100000000098
1149.70100000000098
1149.83100000000098
1150.12900000000098
1150.26700000000098
1150.52700000000098
1964.3160000000017
1965.7860000000017
2278.75699999997636
2304.26399999997355
2470.80799999995521
2470.9439999999552
2471.11299999995518
2471.26499999995516
2471.41799999995514
2471.55599999995513
2472.25599999995505
2472.38399999995504
2473.52499999995491
2473.69599999995489
2473.82799999995488
2473.99699999995486
2474.12799999995485
2474.26399999995483
2474.39299999995482
2474.5319999999548
2474.66599999995479
2474.79599999995477
2475.08699999995474
2475.21699999995473
2475.35799999995471
2476.17099999995462
2476.3379999999546
2476.49199999995459
2476.96999999995453
2477.13599999995451
2477.32499999995449
2477.48399999995448
2477.64399999995446
2477.78299999995444
2477.93099999995443
2478.1339999999544
2478.30399999995439
2478.46599999995437
2478.60299999995435
2478.73699999995434
2478.89199999995432
2479.02599999995431
2479.15099999995429
2479.90799999995421
2480.06099999995419
2482.15499999995396
2482.29499999995395
2482.76499999995389
2484.02399999995376
2484.20099999995374
2484.34799999995372
2484.48199999995371
2484.64999999995369
2484.79699999995367
2484.95699999995365
2485.08799999995364
2485.23599999995362
2486.62199999995347
2486.84599999995345
2487.02199999995343
2487.55199999995337
2487.64299999995336
2487.76099999995334
2487.94699999995332
2488.1219999999533
2488.28799999995329
2488.42699999995327
2488.56399999995326
2488.72599999995324
2488.89199999995322
2489.0479999999532
2489.89699999995311
2490.83199999995301
2490.99099999995299
2491.12999999995297
2492.38199999995284
2492.52899999995282
2492.6859999999528
2492.82999999995279
2492.96599999995277
2493.11899999995275
2493.26999999995274
2493.39999999995272
2493.52999999995271
2493.66599999995269
2493.80299999995268
2494.12399999995264
2494.25999999995263
2494.41199999995261
2495.00199999995255
2495.11999999995253
2497.2569999999523
2497.52299999995227
2497.65899999995225
2497.79299999995224
2497.97699999995222
2500.54799999995194
2503.00499999995167
2503.15999999995165
2503.31599999995163
2503.45299999995162
2503.66999999995159
2503.78499999995158
2504.29099999995152
2504.37999999995151
2697.9499999999302
2698.98899999993008
2699.14799999993006
2699.32599999993004
2699.69899999993
2699.86199999992998
2700.19299999992995
2700.21299999992995
2700.40499999992993
2700.86799999992987
2701.01199999992986
2701.17399999992984
2701.5409999999298
2701.71899999992978
2701.87799999992976
2702.06599999992974
2703.71799999992956
2703.87499999992954
2704.01999999992953
2704.17099999992951
2704.2999999999295
117
-3
158.820000000000099
158.9280000000001
159.0570000000001
159.2700000000001
159.4040000000001
159.7600000000001
159.9460000000001
160.085000000000101
160.375000000000101
160.448000000000101
160.494000000000101
160.621000000000101
160.752000000000101
160.905000000000101
161.027000000000101
161.175000000000102
161.302000000000102
161.431000000000102
161.560000000000102
161.694000000000102
161.830000000000102
161.967000000000102
162.093000000000102
162.224000000000102
162.347000000000103
430.440000000000341
430.615000000000341
430.691000000000341
430.719000000000341
430.848000000000341
430.962000000000341
431.116000000000341
431.324000000000341
431.795000000000342
431.937000000000342
432.852000000000343
432.982000000000343
433.104000000000343
433.243000000000343
434.428000000000344
434.563000000000344
434.701000000000344
434.817000000000345
434.959000000000345
435.065000000000345
435.186000000000345
435.310000000000345
435.687000000000345
435.808000000000345
435.933000000000346
437.317000000000347
437.397000000000347
446.029000000000354
446.116000000000355
446.195000000000355
446.387000000000355
564.190000000000459
564.27600000000046
564.39700000000046
1013.175000000000858
1013.286000000000858
1013.426000000000858
1015.816000000000861
1015.884000000000861
1015.958000000000861
2414.13399999996145
2414.23199999996144
2414.49399999996141
2414.5809999999614
2414.72599999996139
2414.83399999996138
2414.94399999996136
2415.29099999996133
2415.45999999996131
2415.59899999996129
2415.76599999996127
2415.90699999996126
2416.36199999996121
2416.53299999996119
2416.64199999996118
2416.70499999996117
2416.78699999996116
2416.92899999996115
2418.86199999996093
2419.02099999996092
2419.22199999996089
2419.35499999996088
2419.43199999996087
2419.50699999996086
2419.64799999996085
2419.78299999996083
2420.0859999999608
2421.37799999996066
2421.51399999996064
2421.63699999996063
2421.78099999996061
2422.59999999996052
2423.57299999996041
2427.16099999996002
2427.37899999995999
2427.59799999995997
2428.2139999999599
2428.48499999995987
2428.70199999995985
2429.19799999995979
2429.45299999995977
2429.52099999995976
2429.58899999995975
2429.70999999995974
2429.77499999995973
2430.9729999999596
2431.28399999995956
2431.49699999995954
2452.54699999995722
2452.69099999995721
2452.7949999999572
2452.96399999995718
-4
158.865000000000099
158.9920000000001
159.1020000000001
159.2950000000001
159.4380000000001
159.7760000000001
160.0050000000001
160.131000000000101
160.411000000000101
160.464000000000101
160.549000000000101
160.678000000000101
160.828000000000101
160.964000000000101
161.102000000000101
161.229000000000102
161.360000000000102
161.484000000000102
161.616000000000102
161.759000000000102
161.879000000000102
162.020000000000102
162.153000000000102
162.275000000000102
162.394000000000103
430.451000000000341
430.651000000000341
430.715000000000341
430.780000000000341
430.891000000000341
431.042000000000341
431.140000000000341
431.396000000000342
431.870000000000342
432.194000000000342
432.897000000000343
433.037000000000343
433.179000000000343
434.345000000000344
434.490000000000344
434.664000000000344
434.751000000000344
434.958000000000345
434.997000000000345
435.121000000000345
435.238000000000345
435.618000000000345
435.735000000000345
435.860000000000345
436.021000000000346
437.369000000000347
437.507000000000347
446.054000000000354
446.190000000000355
446.321000000000355
446.424000000000355
564.222000000000459
564.33300000000046
564.60100000000046
1013.217000000000858
1013.347000000000858
1013.458000000000858
1015.870000000000861
1015.936000000000861
1015.985000000000861
2414.16099999996145
2414.26799999996144
2414.51799999996141
2414.6129999999614
2414.74799999996139
2414.86899999996137
2414.99599999996136
2415.37999999996132
2415.5109999999613
2415.66199999996129
2415.80599999996127
2415.94899999996125
2416.38699999996121
2416.55499999996119
2416.68999999996117
2416.71999999996117
2416.82299999996116
2416.95699999996114
2418.91399999996093
2419.10499999996091
2419.26599999996089
2419.41799999996087
2419.45999999996087
2419.56299999996086
2419.68599999996084
2419.82499999996083
2420.13099999996079
2421.42099999996065
2421.54899999996064
2421.70099999996062
2421.8839999999606
2422.61699999996052
2423.59999999996041
2427.29199999996
2427.41999999995999
2427.72599999995996
2428.40299999995988
2428.62199999995986
2428.80199999995984
2429.23399999995979
2429.49099999995976
2429.53699999995976
2429.67999999995974
2429.72699999995974
2429.81499999995973
2431.24199999995957
2431.47399999995954
2431.63399999995953
2452.59699999995722
2452.7149999999572
2452.87099999995719
2453.01299999995717
0
0
0
0
0
0
0
0
0
0
0
0
0
3600.00099999983085
0
0
0
0
0
0
